
-----------------------------------------------
Learning Rate: Learning Rate: 0.01
Weights: [ 2746.18799072    58.22753021    36.47322379   111.06018584   -85.95228362
    45.47748227   191.91706447  -124.69187985   165.82974766    92.06017566
  -201.842412      77.69691283   231.40705754   -31.10725493   -54.08501187
  -120.4033749    -27.2058663    -36.02354574   -22.16682625   -22.07479586
   759.65252473   107.81692054   102.85682991   181.09403663    69.20548833
   -58.83161655   -51.96966211   -35.70388194   124.80320285   228.0402762
   -12.6274059    -33.74524806    -5.97511304   -77.34682958   -45.81085832
    -6.7056374    -40.12438039    -3.20595422   -11.22089522    24.09102852
   -11.86487353    62.20309041   -33.17804585    45.95176389    58.37810619]
Number of iterations: 3454
Error over time: [12179443.089919668, 12080699.264582526, 11984607.356418025, 11891075.546515709, 11800016.072774915, 11711345.020638499, 11624982.125458384, 11540850.585826762, 11458876.887242155, 11378990.635519095, 11301124.399382396, 11225213.561721021, 11151196.179006651, 11079012.848410673, 11008606.582179891, 10939922.688858747, 10872908.660967965, 10807514.068771794, 10743690.459788617, 10681391.263720829, 10620571.702494562, 10561188.705122488, 10503200.82711543, 10446568.174188497, 10391252.330017326, 10337216.287818998, 10284424.385541335, 10232842.244458679, 10182436.710984666, 10133175.801519975, 10085028.650167512, 10037965.459155133, 9991957.4518155716, 9946976.827979384, 9902996.7216513306, 9859991.160841044, 9817935.0294295214, 9776804.0309606642, 9736574.6542511545, 9697224.1407185867, 9658730.453335708, 9621072.2471199688, 9584228.8410763275, 9548180.191513896, 9512906.866662072, 9478390.0225157794, 9444611.3798445128, 9411553.2023009583, 9379198.2755735423, 9347529.8875223268, 9316531.8092508987, 9286188.2770613879, 9256483.9752472583, 9227404.0196796264, 9198933.9421439227, 9171059.6753913313, 9143767.5388625562, 9117044.2250540182, 9090876.7864894718, 9065252.6232683416, 9040159.471159108, 9015585.390212642, 8991518.7538647652, 8967948.2385085765, 8944862.8135078326, 8922251.7316327896, 8900104.5198949724, 8878410.9707634058, 8857161.1337409131, 8836345.3072841577, 8815954.0310511515, 8795978.0784582458, 8776408.4495339971, 8757236.3640536107, 8738453.2549417224, 8720050.7619300559, 8702020.7254586481, 8684355.1808077879, 8667046.3524520509, 8650086.6486236863, 8633468.6560770962, 8617185.1350452024, 8601229.0143784806, 8585593.3868584838, 8570271.5046778843, 8555256.7750803884, 8540542.7561517563, 8526123.1527580339, 8511991.8126205802, 8498142.7225268148, 8484570.0046661831, 8471267.913088955, 8458230.8302823622, 8445453.2638571449, 8432929.8433430716, 8420655.3170851972, 8408624.5492410008, 8396832.5168699678, 8385274.3071148796, 8373945.1144707212, 8362840.2381359786, 8351955.0794453518, 8341285.1393790264, 8330826.0161472391, 8320573.402844389, 8310523.0851740092, 8300670.939238254, 8291012.9293920863, 8281545.106158278, 8272263.6042011362, 8263164.6403581481, 8254244.5117256958, 8245499.5937984027, 8236926.3386582499, 8228521.2732151439, 8220280.997492712, 8212202.182961884, 8204281.5709178317, 8196515.970900313, 8188902.2591553601, 8181437.3771369671, 8174118.3300477853, 8166942.1854172377, 8159906.0717158141, 8153007.1770049436, 8146242.7476206385, 8139610.0868904218, 8133106.5538817337, 8126729.5621816991, 8120476.5787072936, 8114345.1225438323, 8108332.7638125084, 8102437.1225650823, 8096655.867704805, 8090986.715934284, 8085427.4307269612, 8079975.8213246046, 8074629.7417570557, 8069387.0898863189, 8064245.8064714829, 8059203.8742574239, 8054259.3170824554, 8049410.1990082255, 8044654.6234697299, 8039990.7324425476, 8035416.7056320887, 8030930.7596793985, 8026531.1473854687, 8022216.1569528664, 8017984.111244753, 8013833.3670603596, 8009762.3144264985, 8005769.3759049447, 8001853.0059151389, 7998011.6900723409, 7994243.9445393961, 7990548.3153941454, 7986923.3780086534, 7983367.7364449473, 7979880.0228607571, 7976458.896930363, 7973103.0452775219, 7969811.1809201688, 7966582.04272749, 7963414.3948885929, 7960307.0263929069, 7957258.7505211663, 7954268.404347647, 7951334.8482533023, 7948456.965448427, 7945633.6615062747, 7942863.8639068138, 7940146.5215885406, 7937480.604511831, 7934865.1032302584, 7932299.0284711197, 7929781.4107255572, 7927311.2998457327, 7924887.7646522401, 7922509.8925484139, 7920176.7891434673, 7917887.5778832193, 7915641.399688459, 7913437.4126010379, 7911274.7914370559, 7909152.7274478301, 7907070.4279871015, 7905027.1161857266, 7903022.0306331096, 7901054.4250645516, 7899123.5680562258, 7897228.7427250892, 7895369.2464365773, 7893544.3905162709, 7891753.4999695718, 7889995.9132060409, 7888270.9817693392, 7886578.0700730719, 7884916.555142005, 7883285.8263586229, 7881685.2852144083, 7880114.3450670615, 7878572.4309017928, 7877058.9790980713, 7875573.4372010147, 7874115.2636972787, 7872683.927795589, 7871278.9092122139, 7869899.6979597909, 7868545.7941412153, 7867216.7077478254, 7865911.9584611244, 7864631.0754587688, 7863373.5972250039, 7862139.0713637583, 7860927.0544167161, 7859737.1116848113, 7858568.8170524221, 7857421.7528164117, 7856295.5095181325, 7855189.6857782034, 7854103.8881358523, 7853037.7308902135, 7851990.8359458344, 7850962.8326605707, 7849953.3576976033, 7848962.0548788877, 7847988.5750427758, 7847032.5759045044, 7846093.7219180958, 7845171.6841435945, 7844266.1401138753, 7843376.7737067537, 7842503.2750183353, 7841645.3402392529, 7840802.6715328777, 7839974.9769174019, 7839161.9701485233, 7838363.3706053672, 7837578.9031794257, 7836808.2981636822, 7836051.2911462756, 7835307.6229048437, 7834577.0393030318, 7833859.2911901111, 7833154.1343015945, 7832461.3291619783, 7831780.6409899499, 7831111.8396048313, 7830454.6993356841, 7829808.9989314908, 7829174.5214734748, 7828551.0542891286, 7827938.3888681196, 7827336.3207795117, 7826744.6495908275, 7826163.1787893847, 7825591.7157033263, 7825030.0714270109, 7824478.0607449953, 7823935.5020600203, 7823402.2173205018, 7822878.0319506992, 7822362.7747818492, 7821856.2779845968, 7821358.3770029219, 7820868.9104894875, 7820387.7202416593, 7819914.651139915, 7819449.5510864025, 7818992.2709452426, 7818542.6644842103, 7818100.5883166995, 7817665.901846244, 7817238.4672107836, 7816818.1492287442, 7816404.8153461153, 7815998.3355847681, 7815598.5824911036, 7815205.4310863065, 7814818.7588177575, 7814438.4455110375, 7814064.3733225614, 7813696.4266940998, 7813334.4923073985, 7812978.4590399899, 7812628.2179220403, 7812283.6620936533, 7811944.686763321, 7811611.1891673403, 7811283.068529618, 7810960.226022332, 7810642.5647281231, 7810329.9896016065, 7810022.4074335499, 7809719.7268135417, 7809421.8580954168, 7809128.7133621946, 7808840.2063919688, 7808556.2526249029, 7808276.7691299543, 7808001.6745731542, 7807730.8891864689, 7807464.3347364552, 7807201.9344942672, 7806943.6132062078, 7806689.2970647784, 7806438.9136798019, 7806192.3920512274, 7805949.6625413671, 7805710.6568482034, 7805475.3079790678, 7805243.5502254879, 7805015.3191371402, 7804790.5514977509, 7804569.1853008159, 7804351.1597255152, 7804136.4151137471, 7803924.8929476012, 7803716.5358262304, 7803511.2874445608, 7803309.092571944, 7803109.8970301664, 7802913.6476742327, 7802720.2923708111, 7802529.7799792588, 7802342.0603319546, 7802157.0842150133, 7801974.8033500426, 7801795.1703755651, 7801618.1388291437, 7801443.6631298112, 7801271.6985606551, 7801102.2012526626, 7800935.1281670555, 7800770.4370797668, 7800608.0865654564, 7800448.0359817315, 7800290.2454543831, 7800134.6758613037, 7799981.2888190197, 7799830.0466677062, 7799680.9124568217, 7799533.8499319497, 7799388.8235205878, 7799245.7983195707, 7799104.7400810691, 7798965.615200663, 7798828.390704657, 7798693.0342373168, 7798559.5140494648, 7798427.7989863725, 7798297.8584761238, 7798169.6625186549, 7798043.1816740735, 7797918.3870524, 7797795.2503023772, 7797673.7436012393, 7797553.8396445075, 7797435.5116358306, 7797318.7332773814, 7797203.4787593568, 7797089.7227517422, 7796977.4403941594, 7796866.6072868779, 7796757.199482359, 7796649.1934757354, 7796542.5661970731, 7796437.2950023944, 7796333.3576655192, 7796230.7323701698, 7796129.3977019181, 7796029.332640606, 7795930.5165524399, 7795832.9291825537, 7795736.5506482022, 7795641.36143074, 7795547.3423695024, 7795454.4746541176, 7795362.7398183495, 7795272.1197330691, 7795182.5965999067, 7795094.1529452046, 7795006.7716130326, 7794920.435759888, 7794835.1288481103, 7794750.8346402152, 7794667.5371933235, 7794585.2208530325, 7794503.8702483336, 7794423.4702860843, 7794344.0061454363, 7794265.4632728016, 7794187.8273768397, 7794111.08442323, 7794035.2206298076, 7793960.2224619668, 7793886.0766274426, 7793812.7700722357, 7793740.2899754513, 7793668.6237458009, 7793597.7590159848, 7793527.6836394025, 7793458.3856855854, 7793389.8534360193, 7793322.0753800366, 7793255.0402115136, 7793188.736823881, 7793123.1543072453, 7793058.2819443922, 7792994.1092067203, 7792930.6257514944, 7792867.8214174816, 7792805.6862220252, 7792744.2103574239, 7792683.3841877691, 7792623.1982455598, 7792563.6432286119, 7792504.7099969098, 7792446.38956971, 7792388.6731219683, 7792331.5519821588, 7792275.017628843, 7792219.0616881056, 7792163.6759306584, 7792108.8522691727, 7792054.5827553896, 7792000.8595783003, 7791947.6750601009, 7791895.021655336, 7791842.8919472117, 7791791.2786458898, 7791740.1745855222, 7791689.572722475, 7791639.4661329985, 7791589.8480104515, 7791540.7116636103, 7791492.0505145267, 7791443.8580959719, 7791396.1280498002, 7791348.8541249949, 7791302.03017521, 7791255.6501571648, 7791209.708128674, 7791164.1982468218, 7791119.1147658611, 7791074.4520356255, 7791030.2045000317, 7790986.3666946413, 7790942.9332456226, 7790899.8988678539, 7790857.2583629414, 7790815.0066183107, 7790773.1386050871, 7790731.64937675, 7790690.5340676159, 7790649.7878910871, 7790609.406138896, 7790569.3841788918, 7790529.717454127, 7790490.4014809905, 7790451.4318488762, 7790412.8042175313, 7790374.5143167442, 7790336.5579446591, 7790298.9309665924, 7790261.6293139141, 7790224.6489826068, 7790187.9860326247, 7790151.6365859229, 7790115.5968260728, 7790079.8629967477, 7790044.4314007228, 7790009.2983988281, 7789974.460408953, 7789939.9139049947, 7789905.6554157026, 7789871.681523975, 7789837.9888655525, 7789804.5741282599, 7789771.4340513246, 7789738.5654238239, 7789705.9650844214, 7789673.6299200468, 7789641.5568654612, 7789609.7429017304, 7789578.1850563269, 7789546.880401385, 7789515.8260535626, 7789485.0191730158, 7789454.4569625994, 7789424.1366671929, 7789394.0555726476, 7789364.2110057557, 7789334.6003326979, 7789305.2209591838, 7789276.0703289127, 7789247.1459236797, 7789218.4452621378, 7789189.9658994591, 7789161.7054265467, 7789133.6614696514, 7789105.8316893419, 7789078.2137804199, 7789050.8054708671, 7789023.6045214869, 7788996.6087255301, 7788969.8159074644, 7788943.2239232082, 7788916.8306594389, 7788890.6340325242, 7788864.6319885924, 7788838.8225028086, 7788813.2035786901, 7788787.7732482133, 7788762.5295705404, 7788737.470632202, 7788712.5945462855, 7788687.8994519785, 7788663.3835143941, 7788639.0449239211, 7788614.8818958178, 7788590.8926699208, 7788567.0755098099, 7788543.4287031014, 7788519.950560607, 7788496.6394158304, 7788473.4936249377, 7788450.5115661891, 7788427.6916394643, 7788405.0322660673, 7788382.5318885949, 7788360.1889701318, 7788338.0019939393, 7788315.9694635645, 7788294.0899021951, 7788272.3618522603, 7788250.7838753136, 7788229.3545516757, 7788208.0724799754, 7788186.9362770235, 7788165.9445775803, 7788145.0960337752, 7788124.3893150585, 7788103.8231079606, 7788083.3961155061, 7788063.1070573004, 7788042.9546691822, 7788022.9377028244, 7788003.0549255684, 7787983.3051201226, 7787963.6870843386, 7787944.1996312495, 7787924.841588296, 7787905.6117975237, 7787886.5091150729, 7787867.5324113229, 7787848.6805701563, 7787829.9524892364, 7787811.3470795108, 7787792.8632652108, 7787774.4999833005, 7787756.2561835684, 7787738.1308283694, 7787720.1228924897, 7787702.2313627815, 7787684.4552380182, 7787666.7935290029, 7787649.2452579094, 7787631.8094586376, 7787614.4851759747, 7787597.2714659711, 7787580.1673957491, 7787563.1720430283, 7787546.2844962627, 7787529.5038540419, 7787512.8292257097, 7787496.2597303949, 7787479.7944972431, 7787463.432665403, 7787447.1733834818, 7787431.0158099206, 7787414.959112104, 7787399.0024672952, 7787383.1450614026, 7787367.3860894367, 7787351.7247554073, 7787336.1602720059, 7787320.6918605315, 7787305.3187506227, 7787290.0401805714, 7787274.8553966479, 7787259.7636533268, 7787244.7642131373, 7787229.8563465998, 7787215.039331642, 7787200.3124542776, 7787185.6750080623, 7787171.1262936899, 7787156.6656194367, 7787142.2923008474, 7787128.0056604613, 7787113.805027971, 7787099.6897400999, 7787085.6591403838, 7787071.7125789477, 7787057.8494127728, 7787044.0690053208, 7787030.3707266701, 7787016.7539531905, 7787003.2180674616, 7786989.7624586076, 7786976.3865216132, 7786963.0896575321, 7786949.8712736396, 7786936.7307828311, 7786923.6676039444, 7786910.6811616709, 7786897.770886071, 7786884.9362131106, 7786872.1765840929, 7786859.4914459595, 7786846.8802506756, 7786834.3424559487, 7786821.8775243182, 7786809.4849237697, 7786797.1641273536, 7786784.9146128679, 7786772.7358636269, 7786760.627367313, 7786748.5886167698, 7786736.6191094974, 7786724.7183478745, 7786712.8858386949, 7786701.1210934641, 7786689.4236284755, 7786677.7929641576, 7786666.2286256207, 7786654.7301421305, 7786643.2970475182, 7786631.9288796932, 7786620.6251808442, 7786609.3854975132, 7786598.2093801312, 7786587.0963831786, 7786576.046065391, 7786565.0579891419, 7786554.1317211511, 7786543.2668315573, 7786532.4628945915, 7786521.7194882976, 7786511.0361944064, 7786500.4125982923, 7786489.848288971, 7786479.342859094, 7786468.8959049145, 7786458.5070263017, 7786448.1758262459, 7786437.901911715, 7786427.6848925045, 7786417.5243823361, 7786407.4199977908, 7786397.3713589627, 7786387.3780891802, 7786377.439815064, 7786367.5561662037, 7786357.7267754599, 7786347.9512788001, 7786338.2293152986, 7786328.5605268423, 7786318.9445586735, 7786309.381058652, 7786299.8696779208, 7786290.4100701986, 7786281.0018921839, 7786271.6448037205, 7786262.3384670187, 7786253.0825472204, 7786243.8767122189, 7786234.720632867, 7786225.6139822192, 7786216.5564365713, 7786207.5476742694, 7786198.5873767622, 7786189.6752276691, 7786180.8109135041, 7786171.9941230128, 7786163.2245476739, 7786154.5018814187, 7786145.8258203352, 7786137.1960633183, 7786128.6123113288, 7786120.0742679648, 7786111.5816389993, 7786103.1341325939, 7786094.7314592041, 7786086.3733314974, 7786078.059464532, 7786069.7895754939, 7786061.5633836687, 7786053.3806107882, 7786045.2409804389, 7786037.1442186944, 7786029.0900534317, 7786021.0782149043, 7786013.1084350506, 7786005.1804482592, 7785997.2939908039, 7785989.4488010807, 7785981.644619205, 7785973.8811874557, 7785966.1582501251, 7785958.4755532984, 7785950.8328451607, 7785943.2298757024, 7785935.666396712, 7785928.1421618564, 7785920.656926875, 7785913.2104489496, 7785905.8024877226, 7785898.4328036988, 7785891.1011599638, 7785883.8073211415, 7785876.5510533238, 7785869.3321246514, 7785862.1503048269, 7785855.0053654062, 7785847.8970793644, 7785840.8252215097, 7785833.7895684624, 7785826.7898980202, 7785819.8259901255, 7785812.8976259334, 7785806.0045884177, 7785799.1466619251, 7785792.3236325793, 7785785.5352879604, 7785778.7814172562, 7785772.0618109172, 7785765.3762611914, 7785758.7245617257, 7785752.1065076487, 7785745.5218954552, 7785738.9705232503, 7785732.4521904727, 7785725.9666980263, 7785719.513848315, 7785713.0934450319, 7785706.7052932801, 7785700.3491994478, 7785694.0249715373, 7785687.7324188147, 7785681.471351725, 7785675.2415821031, 7785669.0429233881, 7785662.8751898622, 7785656.7381976042, 7785650.6317634182, 7785644.5557059497, 7785638.5098448051, 7785632.494000799, 7785626.507996154, 7785620.5516542001, 7785614.624799611, 7785608.7272582119, 7785602.8588569919, 7785597.0194241609, 7785591.2087891167, 7785585.4267825037, 7785579.6732360134, 7785573.9479825674, 7785568.2508560196, 7785562.5816918397, 7785556.9403261729, 7785551.326596356, 7785545.7403409947, 7785540.1813997356, 7785534.6496133171, 7785529.1448233714, 7785523.6668728795, 7785518.215605705, 7785512.7908669878, 7785507.3925024811, 7785502.020359545, 7785496.6742859967, 7785491.3541310541, 7785486.0597449085, 7785480.7909787409, 7785475.5476844208, 7785470.3297152985, 7785465.1369254282, 7785459.9691697713, 7785454.8263044152, 7785449.7081865231, 7785444.6146738436, 7785439.5456253141, 7785434.5009009326, 7785429.4803610723, 7785424.483867716, 7785419.5112833921, 7785414.5624715108, 7785409.6372965556, 7785404.7356238682, 7785399.8573194742, 7785395.0022505587, 7785390.1702850414, 7785385.3612915846, 7785380.5751399687, 7785375.8117007846, 7785371.0708451718, 7785366.352445445, 7785361.6563745672, 7785356.9825065574, 7785352.3307158621, 7785347.7008781172, 7785343.0928696543, 7785338.5065675117, 7785333.9418495009, 7785329.3985945052, 7785324.8766818261, 7785320.3759918204, 7785315.8964054426, 7785311.4378045378, 7785307.0000716858, 7785302.5830901023, 7785298.1867439579, 7785293.8109179875, 7785289.4554977175, 7785285.1203693831, 7785280.8054201528, 7785276.5105376514, 7785272.2356103295, 7785267.9805273693, 7785263.7451787209, 7785259.5294547258, 7785255.333246801, 7785251.1564469496, 7785246.9989476437, 7785242.8606424592, 7785238.7414251342, 7785234.6411904749, 7785230.5598338023, 7785226.4972511036, 7785222.4533390803, 7785218.4279950187, 7785214.4211169556, 7785210.4326033033, 7785206.4623534651, 7785202.5102672959, 7785198.5762452027, 7785194.6601885371, 7785190.7619988099, 7785186.8815784492, 7785183.0188305536, 7785179.1736585405, 7785175.345966653, 7785171.5356599074, 7785167.7426433861, 7785163.9668231141, 7785160.2081057616, 7785156.4663984273, 7785152.7416086961, 7785149.0336451149, 7785145.3424163293, 7785141.6678318502, 7785138.0098017268, 7785134.3682364067, 7785130.7430470455, 7785127.1341452301, 7785123.5414432874, 7785119.9648537813, 7785116.4042901061, 7785112.8596662115, 7785109.3308961233, 7785105.8178949282, 7785102.3205779521, 7785098.8388611348, 7785095.3726609824, 7785091.92189431, 7785088.4864785932, 7785085.0663318057, 7785081.6613726001, 7785078.2715195939, 7785074.8966926048, 7785071.5368111143, 7785068.191796138, 7785064.8615681529, 7785061.5460487409, 7785058.2451598132, 7785054.9588236613, 7785051.6869631903, 7785048.4295015903, 7785045.1863627164, 7785041.9574708277, 7785038.7427504854, 7785035.5421270179, 7785032.3555257227, 7785029.1828730209, 7785026.0240951348, 7785022.8791191531, 7785019.7478723871, 7785016.6302826283, 7785013.5262782741, 7785010.4357878854, 7785007.358740543, 7785004.2950659217, 7785001.2446939573, 7784998.2075549196, 7784995.1835797057, 7784992.1726995474, 7784989.1748460848, 7784986.1899512531, 7784983.2179475557, 7784980.2587678935, 7784977.3123455103, 7784974.3786140243, 7784971.4575074837, 7784968.5489603281, 7784965.6529074721, 7784962.7692839336, 7784959.8980255676, 7784957.0390681932, 7784954.1923482493, 7784951.3578023557, 7784948.5353678316, 7784945.7249820642, 7784942.926582926, 7784940.1401087334, 7784937.3654979058, 7784934.6026896033, 7784931.8516230024, 7784929.1122377999, 7784926.3844740884, 7784923.6682722894, 7784920.9635730535, 7784918.270317453, 7784915.58844708, 7784912.9179035882, 7784910.2586291023, 7784907.6105661169, 7784904.9736574301, 7784902.3478463041, 7784899.7330759596, 7784897.1292903693, 7784894.536433585, 7784891.9544500401, 7784889.3832846712, 7784886.8228825517, 7784884.2731889281, 7784881.7341497084, 7784879.2057107817, 7784876.6878187545, 7784874.1804201417, 7784871.6834620433, 7784869.1968917586, 7784866.7206567507, 7784864.2547051162, 7784861.798984929, 7784859.3534446787, 7784856.9180335784, 7784854.4927001232, 7784852.0773941223, 7784849.6720652366, 7784847.2766633276, 7784844.8911387892, 7784842.5154421767, 7784840.1495242603, 7784837.7933362257, 7784835.4468295211, 7784833.1099557215, 7784830.7826670036, 7784828.4649153892, 7784826.1566535337, 7784823.8578342022, 7784821.5684105298, 7784819.2883356148, 7784817.0175632881, 7784814.7560473867, 7784812.5037420625, 7784810.2606015541, 7784808.0265807183, 7784805.8016342362, 7784803.5857176157, 7784801.3787859846, 7784799.1807950754, 7784796.9917008523, 7784794.8114595981, 7784792.6400276665, 7784790.4773617135, 7784788.3234186545, 7784786.1781557016, 7784784.0415302832, 7784781.913499942, 7784779.794022738, 7784777.6830567634, 7784775.5805602558, 7784773.486492034, 7784771.4008107875, 7784769.3234755155, 7784767.2544457121, 7784765.1936808322, 7784763.1411406258, 7784761.0967851318, 7784759.0605744878, 7784757.0324691441, 7784755.012429758, 7784753.0004172381, 7784750.9963926421, 7784749.000317391, 7784747.012152846, 7784745.031860861, 7784743.0594034158, 7784741.0947426781, 7784739.1378410431, 7784737.1886609942, 7784735.2471655505, 7784733.3133174805, 7784731.3870802606, 7784729.468417109, 7784727.5572917527, 7784725.6536678923, 7784723.7575097997, 7784721.8687815331, 7784719.9874476129, 7784718.1134724738, 7784716.2468211995, 7784714.3874586467, 7784712.5353500806, 7784710.6904609455, 7784708.8527567722, 7784707.0222033849, 7784705.1987667456, 7784703.3824130846, 7784701.5731085958, 7784699.7708199862, 7784697.9755138094, 7784696.1871570414, 7784694.4057168569, 7784692.6311604045, 7784690.8634552257, 7784689.1025688825, 7784687.3484691381, 7784685.6011241386, 7784683.8605017867, 7784682.1265706839, 7784680.3992991373, 7784678.6786558339, 7784676.9646096881, 7784675.2571297977, 7784673.5561850686, 7784671.8617451899, 7784670.1737795016, 7784668.4922577059, 7784666.8171496391, 7784665.1484253928, 7784663.4860550519, 7784661.8300090823, 7784660.1802578224, 7784658.5367720257, 7784656.8995224712, 7784655.2684801463, 7784653.6436163438, 7784652.0249020355, 7784650.4123090599, 7784648.8058086252, 7784647.2053727992, 7784645.6109733796, 7784644.0225822441, 7784642.4401718592, 7784640.8637145534, 7784639.2931827893, 7784637.7285490679, 7784636.1697863331, 7784634.6168676922, 7784633.0697659152, 7784631.5284544872, 7784629.9929066403, 7784628.4630960217, 7784626.9389962042, 7784625.4205810344, 7784623.9078244762, 7784622.4007005095, 7784620.899183494, 7784619.4032477746, 7784617.912867737, 7784616.4280180791, 7784614.9486736795, 7784613.4748093477, 7784612.0063999919, 7784610.5434210924, 7784609.0858475063, 7784607.6336550973, 7784606.1868192488, 7784604.7453156095, 7784603.3091200236, 7784601.8782084538, 7784600.4525571121, 7784599.0321418922, 7784597.6169394385, 7784596.2069259789, 7784594.8020782275, 7784593.4023728408, 7784592.0077865832, 7784590.6182964742, 7784589.2338795876, 7784587.8545131097, 7784586.4801742248, 7784585.1108405106, 7784583.74648936, 7784582.38709863, 7784581.0326459594, 7784579.6831092807, 7784578.3384664878, 7784576.9986959444, 7784575.6637757393, 7784574.3336842339, 7784573.008399941, 7784571.6879013404, 7784570.3721671943, 7784569.0611763755, 7784567.7549076313, 7784566.4533401243, 7784565.1564528719, 7784563.8642252451, 7784562.5766363069, 7784561.2936659362, 7784560.0152933002, 7784558.7414983222, 7784557.4722606447, 7784556.2075602217, 7784554.947377, 7784553.6916909069, 7784552.4404823268, 7784551.1937315026, 7784549.9514188152, 7784548.7135247551, 7784547.4800298149, 7784546.2509148493, 7784545.0261604981, 7784543.8057476906, 7784542.5896575348, 7784541.3778708549, 7784540.1703691054, 7784538.9671333507, 7784537.7681450769, 7784536.5733857201, 7784535.3828368532, 7784534.1964802518, 7784533.0142972609, 7784531.8362701638, 7784530.6623806553, 7784529.4926108466, 7784528.3269428611, 7784527.1653588125, 7784526.0078412071, 7784524.854372167, 7784523.7049343446, 7784522.5595101733, 7784521.4180824738, 7784520.2806338659, 7784519.147147188, 7784518.0176054705, 7784516.8919916116, 7784515.7702886276, 7784514.6524798656, 7784513.538548464, 7784512.4284778051, 7784511.322251345, 7784510.2198525658, 7784509.1212649466, 7784508.0264723198, 7784506.9354584161, 7784505.8482069904, 7784504.7647021627, 7784503.6849276917, 7784502.608867717, 7784501.5365064666, 7784500.4678281853, 7784499.4028170025, 7784498.3414576547, 7784497.2837342648, 7784496.229631694, 7784495.1791342357, 7784494.1322269412, 7784493.0888942303, 7784492.0491213053, 7784491.0128928609, 7784489.9801940518, 7784488.9510098351, 7784487.9253254235, 7784486.9031260572, 7784485.8843969768, 7784484.8691235725, 7784483.8572913799, 7784482.8488858296, 7784481.8438924327, 7784480.8422969682, 7784479.8440852771, 7784478.8492428586, 7784477.8577557867, 7784476.8696099026, 7784475.88479135, 7784474.9032861535, 7784473.9250803478, 7784472.9501602203, 7784471.9785120878, 7784471.0101223392, 7784470.0449771406, 7784469.0830632374, 7784468.1243671635, 7784467.1688753795, 7784466.2165746791, 7784465.2674516672, 7784464.3214933174, 7784463.3786863945, 7784462.4390178118, 7784461.5024747672, 7784460.5690440983, 7784459.6387129966, 7784458.7114687627, 7784457.7872984409, 7784456.8661894603, 7784455.9481291892, 7784455.0331050484, 7784454.1211045757, 7784453.2121152608, 7784452.3061246369, 7784451.4031205401, 7784450.5030906387, 7784449.6060227454, 7784448.7119046543, 7784447.8207243858, 7784446.9324697517, 7784446.0471289093, 7784445.1646898603, 7784444.2851408031, 7784443.4084698129, 7784442.5346652763, 7784441.6637155116, 7784440.7956088306, 7784439.930333673, 7784439.0678783264, 7784438.2082315003, 7784437.3513819408, 7784436.4973180797, 7784435.6460286137, 7784434.7975022262, 7784433.9517278401, 7784433.1086944016, 7784432.2683905736, 7784431.4308054969, 7784430.5959280608, 7784429.7637474854, 7784428.9342526533, 7784428.1074329726, 7784427.283277601, 7784426.4617756577, 7784425.6429165965, 7784424.8266896969, 7784424.0130845588, 7784423.2020903574, 7784422.3936969284, 7784421.5878935959, 7784420.784670148, 7784419.9840161968, 7784419.1859213309, 7784418.3903755667, 7784417.5973684248, 7784416.8068899047, 7784416.018929949, 7784415.2334785126, 7784414.4505254775, 7784413.6700610481, 7784412.8920752201, 7784412.116558034, 7784411.3434998924, 7784410.5728909103, 7784409.8047213042, 7784409.0389816016, 7784408.2756619519, 7784407.514752713, 7784406.7562446948, 7784406.0001279721, 7784405.2463933788, 7784404.4950313382, 7784403.7460326366, 7784402.9993877364, 7784402.2550875489, 7784401.5131228259, 7784400.7734841444, 7784400.0361626511, 7784399.301148993, 7784398.5684341788, 7784397.83800931, 7784397.1098652603, 7784396.3839931097, 7784395.6603838289, 7784394.9390286794, 7784394.2199188126, 7784393.5030455207, 7784392.7883999851, 7784392.07597348, 7784391.3657573666, 7784390.6577430386, 7784389.9519217601, 7784389.2482852722, 7784388.5468249535, 7784387.8475321857, 7784387.15039864, 7784386.4554158542, 7784385.7625756469, 7784385.0718695549, 7784384.3832893325, 7784383.6968267448, 7784383.0124736186, 7784382.3302217377, 7784381.6500630341, 7784380.9719893243, 7784380.295992556, 7784379.6220647544, 7784378.9501979286, 7784378.2803841606, 7784377.6126155071, 7784376.9468840873, 7784376.2831820566, 7784375.621501606, 7784374.9618350295, 7784374.304174386, 7784373.64851222, 7784372.9948406797, 7784372.3431523154, 7784371.6934393756, 7784371.0456942897, 7784370.3999097385, 7784369.7560778996, 7784369.1141915917, 7784368.474243056, 7784367.8362252563, 7784367.2001306908, 7784366.5659519183, 7784365.933681814, 7784365.3033129824, 7784364.674838244, 7784364.0482503455, 7784363.4235421242, 7784362.8007065076, 7784362.1797362939, 7784361.5606245231, 7784360.9433640335, 7784360.3279479025, 7784359.7143690865, 7784359.1026206259, 7784358.4926955709, 7784357.884587111, 7784357.2782884389, 7784356.6737925084, 7784356.0710927648, 7784355.470182213, 7784354.87105422, 7784354.2737021009, 7784353.6781191714, 7784353.0842987085, 7784352.492234068, 7784351.9019188313, 7784351.3133461913, 7784350.7265097806, 7784350.1414030287, 7784349.5580194211, 7784348.9763526414, 7784348.3963960437, 7784347.8181434888, 7784347.2415883988, 7784346.6667245217, 7784346.0935454471, 7784345.5220450927, 7784344.9522169763, 7784344.3840549747, 7784343.8175528534, 7784343.2527044825, 7784342.6895037228, 7784342.1279443102, 7784341.5680202534, 7784341.0097255176, 7784340.4530539447, 7784339.8979995968, 7784339.3445564592, 7784338.7927185409, 7784338.2424799241, 7784337.6938346438, 7784337.1467768634, 7784336.6013007276, 7784336.0574003141, 7784335.5150699234, 7784334.9743036469, 7784334.4350957787, 7784333.8974404745, 7784333.361332152, 7784332.8267651023, 7784332.2937335931, 7784331.7622319749, 7784331.2322547333, 7784330.703796071, 7784330.1768506411, 7784329.6514128055, 7784329.1274769288, 7784328.605037706, 7784328.0840895073, 7784327.5646268297, 7784327.0466444399, 7784326.530136792, 7784326.0150985084, 7784325.501524182, 7784324.9894086756, 7784324.478746444, 7784323.9695322271, 7784323.4617608739, 7784322.9554269472, 7784322.4505253406, 7784321.9470508564, 7784321.4449982336, 7784320.9443624057, 7784320.4451380847, 7784319.9473203244, 7784319.450903804, 7784318.9558837423, 7784318.4622548912, 7784317.9700121693, 7784317.4791505523, 7784316.9896652326, 7784316.5015510563, 7784316.0148032317, 7784315.5294167586, 7784315.04538655, 7784314.5627079867, 7784314.081376004, 7784313.6013858533, 7784313.1227326961, 7784312.6454117224, 7784312.1694179829, 7784311.6947470084, 7784311.2213938134, 7784310.7493537003, 7784310.2786220843, 7784309.8091940824, 7784309.3410651349, 7784308.8742305851, 7784308.4086859329, 7784307.944426219, 7784307.48144715, 7784307.0197439138, 7784306.5593121853, 7784306.1001472753, 7784305.6422448764, 7784305.1856001578, 7784304.7302088272, 7784304.276066402, 7784303.8231684463, 7784303.371510461, 7784302.9210880352, 7784302.4718969334, 7784302.0239325836, 7784301.5771907279, 7784301.1316670263, 7784300.6873571379, 7784300.244256801, 7784299.8023616755, 7784299.3616674403, 7784298.9221699685, 7784298.483864964, 7784298.0467482693, 7784297.6108156145, 7784297.1760628428, 7784296.7424856685, 7784296.3100801166, 7784295.8788419832, 7784295.4487672215, 7784295.0198515719, 7784294.5920911133, 7784294.1654817639, 7784293.7400193131, 7784293.3156998903, 7784292.8925195178, 7784292.4704740131, 7784292.0495594945, 7784291.6297720689, 7784291.2111075707, 7784290.793562321, 7784290.377132141, 7784289.961813407, 7784289.5476019802, 7784289.1344941054, 7784288.7224858366, 7784288.3115736041, 7784287.9017531369, 7784287.4930210393, 7784287.0853732573, 7784286.6788061308, 7784286.273315818, 7784285.8688985724, 7784285.4655507756, 7784285.0632685134, 7784284.6620482951, 7784284.2618862232, 7784283.8627787437, 7784283.4647221267, 7784283.0677128397, 7784282.671747122, 7784282.2768214075, 7784281.8829321107, 7784281.4900756003, 7784281.098248315, 7784280.7074466869, 7784280.3176671742, 7784279.9289063038, 7784279.5411603171, 7784279.1544261053, 7784278.7686998043, 7784278.3839781219, 7784278.000257628, 7784277.6175347129, 7784277.2358061122, 7784276.8550682124, 7784276.4753178088, 7784276.0965513512, 7784275.7187654516, 7784275.341956866, 7784274.9661221374, 7784274.5912579652, 7784274.2173610451, 7784273.844427946, 7784273.4724555314, 7784273.101440276, 7784272.7313791225, 7784272.3622686928, 7784271.9941057758, 7784271.6268870905, 7784271.2606093381, 7784270.8952694526, 7784270.5308642536, 7784270.1673904341, 7784269.8048447967, 7784269.4432242764, 7784269.0825257031, 7784268.7227457864, 7784268.3638816783, 7784268.0059299413, 7784267.648887679, 7784267.2927517751, 7784266.9375191201, 7784266.583186578, 7784266.2297512842, 7784265.8772098972, 7784265.52555958, 7784265.174797345, 7784264.8249201104, 7784264.4759248318, 7784264.127808691, 7784263.7805686342, 7784263.4342014808, 7784263.0887044687, 7784262.7440747432, 7784262.4003091827, 7784262.0574050602, 7784261.7153593237, 7784261.3741691094, 7784261.0338315619, 7784260.6943436945, 7784260.3557028901, 7784260.0179059617, 7784259.6809504228, 7784259.3448332315, 7784259.0095515745, 7784258.6751026651, 7784258.3414837373, 7784258.0086919293, 7784257.6767245736, 7784257.3455787431, 7784257.0152518889, 7784256.6857411116, 7784256.3570437534, 7784256.0291569466, 7784255.7020782409, 7784255.3758047065, 7784255.0503338203, 7784254.7256626235, 7784254.4017887423, 7784254.0787094031, 7784253.7564219199, 7784253.4349236349, 7784253.1142119858, 7784252.7942842515, 7784252.4751379667, 7784252.1567703709, 7784251.8391790306, 7784251.522361245, 7784251.2063144566, 7784250.8910361528, 7784250.5765236672, 7784250.2627744237, 7784249.9497862151, 7784249.6375561878, 7784249.3260819819, 7784249.0153610073, 7784248.7053907812, 7784248.3961687619, 7784248.0876926901, 7784247.7799598416, 7784247.4729678556, 7784247.1667143768, 7784246.8611967871, 7784246.5564127564, 7784246.2523598801, 7784245.9490356147, 7784245.6464377502, 7784245.3445636965, 7784245.0434111897, 7784244.7429778622, 7784244.4432612183, 7784244.1442590887, 7784243.8459688919, 7784243.5483884523, 7784243.2515153419, 7784242.9553473443, 7784242.6598820752, 7784242.3651171876, 7784242.071050371, 7784241.7776794992, 7784241.485002052, 7784241.1930158911, 7784240.9017187664, 7784240.6111083366, 7784240.3211824642, 7784240.0319387726, 7784239.7433752213, 7784239.4554893812, 7784239.1682791281, 7784238.8817422707, 7784238.5958765764, 7784238.3106798669, 7784238.0261498373, 7784237.7422844945, 7784237.4590816237, 7784237.1765390001, 7784236.8946545282, 7784236.6134260735, 7784236.332851449, 7784236.0529285586, 7784235.7736552861, 7784235.4950294662, 7784235.2170490734, 7784234.9397119852, 7784234.6630160119, 7784234.3869592408, 7784234.1115394859, 7784233.8367546285, 7784233.5626028366, 7784233.289081783, 7784233.0161895948, 7784232.7439242164, 7784232.4722835049, 7784232.201265702, 7784231.9308684552, 7784231.6610899856, 7784231.3919282947, 7784231.1233811779, 7784230.8554468425, 7784230.5881233104, 7784230.3214084739, 7784230.0553004947, 7784229.7897973601, 7784229.5248971861, 7784229.2605979908, 7784228.9968977496, 7784228.7337946249, 7784228.4712867411, 7784228.2093721004, 7784227.9480488533, 7784227.6873149863, 7784227.4271687688, 7784227.1676082155, 7784226.9086313602, 7784226.6502365842, 7784226.3924217541, 7784226.1351851858, 7784225.8785249228, 7784225.6224391954, 7784225.3669261094, 7784225.1119837845, 7784224.8576105237, 7784224.6038044412, 7784224.350563732, 7784224.0978865493, 7784223.8457711274, 7784223.594215706, 7784223.3432184206, 7784223.0927775269, 7784222.8428913169, 7784222.5935579333, 7784222.3447756553, 7784222.0965426145, 7784221.8488572221, 7784221.6017176379, 7784221.3551221974, 7784221.1090690587, 7784220.8635566914, 7784220.6185831856, 7784220.3741468498, 7784220.1302461633, 7784219.8868791405, 7784219.6440442819, 7784219.4017398553, 7784219.1599641638, 7784218.9187155236, 7784218.6779923737, 7784218.4377928013, 7784218.1981154801, 7784217.9589584507, 7784217.720320316, 7784217.4821992796, 7784217.2445936352, 7784217.0075019626, 7784216.7709225165, 7784216.5348537136, 7784216.2992939353, 7784216.0642415816, 7784215.8296949947, 7784215.5956526538, 7784215.3621129366, 7784215.1290743919, 7784214.8965350511, 7784214.6644938309, 7784214.4329489879, 7784214.2018987825, 7784213.9713417096, 7784213.7412764383, 7784213.5117012048, 7784213.2826145785, 7784213.054015155, 7784212.8259010715, 7784212.5982710263, 7784212.3711234061, 7784212.1444568038, 7784211.9182696985, 7784211.6925604455, 7784211.4673277251, 7784211.2425700091, 7784211.0182857141, 7784210.7944734311, 7784210.5711317342, 7784210.3482589591, 7784210.1258538933, 7784209.9039148744, 7784209.6824406339, 7784209.4614294479, 7784209.2408802044, 7784209.0207912084, 7784208.8011612054, 7784208.581988656, 7784208.3632720513, 7784208.1450102227, 7784207.9272014778, 7784207.7098446777, 7784207.4929382131, 7784207.2764806207, 7784207.0604708744, 7784206.8449072111, 7784206.6297884667, 7784206.4151130999, 7784206.2008797992, 7784205.9870872246, 7784205.7737339726, 7784205.5608187234, 7784205.3483401379, 7784205.1362966439, 7784204.9246872757, 7784204.7135103736, 7784204.5027647465, 7784204.2924490459, 7784204.082561858, 7784203.8731019748, 7784203.6640680544, 7784203.4554585572, 7784203.2472726228, 7784203.0395085765, 7784202.8321652273, 7784202.6252412638, 7784202.4187354902, 7784202.2126464685, 7784202.0069729956, 7784201.8017138783, 7784201.5968675567, 7784201.3924331004, 7784201.1884091087, 7784200.9847942404, 7784200.781587271, 7784200.5787870977, 7784200.3763922341, 7784200.1744015357, 7784199.9728139471, 7784199.7716279058, 7784199.5708424449, 7784199.3704562243, 7784199.1704680528, 7784198.9708765838, 7784198.7716808114, 7784198.5728793526, 7784198.3744710684, 7784198.1764549091, 7784197.9788294239, 7784197.7815935016, 7784197.5847459426, 7784197.3882855764, 7784197.1922113746, 7784196.996521974, 7784196.8012161925, 7784196.6062929146, 7784196.4117510859, 7784196.2175892796, 7784196.0238067266, 7784195.8304018266, 7784195.6373736905, 7784195.4447211698, 7784195.2524430119, 7784195.0605382239, 7784194.869005613, 7784194.6778439097, 7784194.4870522125, 7784194.2966292221, 7784194.106573998, 7784193.9168852614, 7784193.7275619637, 7784193.5386029761, 7784193.3500072481, 7784193.1617735354, 7784192.9739009691, 7784192.7863883739, 7784192.5992345009, 7784192.4124384299, 7784192.2259990638, 7784192.0399152841, 7784191.8541860227, 7784191.6688102325, 7784191.4837867748, 7784191.2991147377, 7784191.11479293, 7784190.9308203924, 7784190.7471959656, 7784190.5639186185, 7784190.380987349, 7784190.1984010721, 7784190.0161588686, 7784189.8342596581, 7784189.6527022496, 7784189.4714857694, 7784189.2906092415, 7784189.1100714579, 7784188.9298714744, 7784188.7500083819, 7784188.5704811076, 7784188.3912886754, 7784188.2124298876, 7784188.0339040514, 7784187.8557099355, 7784187.6778466124, 7784187.5003130753, 7784187.3231084766, 7784187.146231601, 7784186.9696817268, 7784186.7934576971, 7784186.6175585296, 7784186.4419833105, 7784186.2667311523, 7784186.0918008974, 7784185.917191783, 7784185.7429026533, 7784185.5689328155, 7784185.3952810429, 7784185.2219465962, 7784185.0489283176, 7784184.8762255199, 7784184.7038370725, 7784184.5317621678, 7784184.35999972, 7784184.1885489924, 7784184.0174089633, 7784183.8465786222, 7784183.6760571916, 7784183.5058437446, 7784183.3359371657, 7784183.1663367841, 7784182.9970416725, 7784182.8280507717, 7784182.6593632894, 7784182.4909782941, 7784182.3228948712, 7784182.155112288, 7784181.9876295337, 7784181.8204455338, 7784181.653559682, 7784181.4869710561, 7784181.3206787324, 7784181.1546818083, 7784180.9889793331, 7784180.8235706538, 7784180.6584547283, 7784180.4936308246, 7784180.3290978773, 7784180.1648553656, 7784180.0009020148, 7784179.8372373013, 7784179.6738602687, 7784179.5107700247, 7784179.3479658235, 7784179.1854467178, 7784179.0232119923, 7784178.8612607373, 7784178.6995920651, 7784178.5382051868, 7784178.3770993054, 7784178.2162736896, 7784178.0557273868, 7784177.895459543, 7784177.7354694009, 7784177.5757561894, 7784177.4163190946, 7784177.2571572391, 7784177.0982698072, 7784176.9396561729, 7784176.7813152885, 7784176.6232465645, 7784176.4654490734, 7784176.3079220196, 7784176.150664717, 7784175.9936763784, 7784175.8369561359, 7784175.6805032222, 7784175.524316825, 7784175.3683962449, 7784175.2127408283, 7784175.0573494807, 7784174.9022216387, 7784174.7473565536, 7784174.59275332, 7784174.4384114454, 7784174.2843298297, 7784174.1305080149, 7784173.9769450156, 7784173.8236402767, 7784173.6705929181, 7784173.5178021677, 7784173.3652674677, 7784173.2129879007, 7784173.0609627664, 7784172.909191289, 7784172.7576729618, 7784172.6064066552, 7784172.4553920943, 7784172.3046281617, 7784172.1541143246, 7784172.0038498193, 7784171.8538340339, 7784171.7040660456, 7784171.5545453224, 7784171.4052711157, 7784171.2562424801, 7784171.1074591903, 7784170.9589200942, 7784170.8106246125, 7784170.6625720821, 7784170.5147619043, 7784170.3671932407, 7784170.2198655447, 7784170.0727779428, 7784169.9259297103, 7784169.7793203834, 7784169.6329491446, 7784169.4868152682, 7784169.3409182215, 7784169.1952572726, 7784169.0498316037, 7784168.9046406131, 7784168.7596837273, 7784168.6149603128, 7784168.4704695484, 7784168.3262108574, 7784168.18218337, 7784168.0383868413, 7784167.8948201323, 7784167.7514829896, 7784167.6083744941, 7784167.4654942211, 7784167.3228413127, 7784167.1804151926, 7784167.0382152284, 7784166.8962407112, 7784166.7544911709, 7784166.6129658036, 7784166.471664005, 7784166.3305851417, 7784166.1897286158, 7784166.0490938555, 7784165.908680046, 7784165.7684867047, 7784165.6285132039, 7784165.4887587894, 7784165.3492230177, 7784165.2099051541, 7784165.0708045056, 7784164.9319207659, 7784164.793253026, 7784164.6548006739, 7784164.5165634034, 7784164.3785401443, 7784164.2407306992, 7784164.1031343052, 7784163.965750332, 7784163.8285781862, 7784163.6916172961, 7784163.5548671363, 7784163.4183269553, 7784163.2819963135, 7784163.145874626, 7784163.0099610416, 7784162.8742553741, 7784162.7387566874, 7784162.6034645382, 7784162.4683784321, 7784162.3334977254, 7784162.1988217635, 7784162.0643499931, 7784161.930081916, 7784161.7960169744, 7784161.6621545386, 7784161.528494047, 7784161.3950349661, 7784161.2617766056, 7784161.1287186071, 7784160.995860273, 7784160.863201065, 7784160.7307405407, 7784160.5984779047, 7784160.4664127873, 7784160.3345446168, 7784160.2028727457, 7784160.07139677, 7784159.9401160842, 7784159.8090300979, 7784159.6781383278, 7784159.5474401992, 7784159.416935211, 7784159.2866227459, 7784159.1565023325, 7784159.0265734922, 7784158.8968355218, 7784158.7672880832, 7784158.6379305478, 7784158.5087623009, 7784158.3797830399, 7784158.2509920467, 7784158.1223889822, 7784157.9939730605, 7784157.8657439854, 7784157.7377011748, 7784157.6098440839, 7784157.4821723001, 7784157.3546851026, 7784157.2273822594, 7784157.1002630331, 7784156.9733269298, 7784156.8465735419, 7784156.7200025097, 7784156.5936130313, 7784156.4674047055, 7784156.341377073, 7784156.2155296346, 7784156.0898619266, 7784155.9643733399, 7784155.8390634544, 7784155.7139317784, 7784155.5889778826, 7784155.4642012026, 7784155.3396011665, 7784155.2151775127, 7784155.0909296134, 7784154.9668569705, 7784154.8429590994, 7784154.7192356717, 7784154.5956859998, 7784154.4723097803, 7784154.3491064738, 7784154.2260755617, 7784154.1032165727, 7784153.9805290839, 7784153.858012679, 7784153.7356667742, 7784153.6134910071, 7784153.4914848795, 7784153.3696478121, 7784153.2479795814, 7784153.126479568, 7784153.0051472932, 7784152.8839823045, 7784152.762984232, 7784152.6421526913, 7784152.5214869333, 7784152.4009868745, 7784152.2806517323, 7784152.1604813384, 7784152.0404750193, 7784151.9206324397, 7784151.800953188, 7784151.6814367715, 7784151.5620827405, 7784151.4428907223, 7784151.323860147, 7784151.2049906757, 7784151.0862818314, 7784150.9677333208, 7784150.8493445208, 7784150.7311151037, 7784150.6130445953, 7784150.4951326344, 7784150.3773786277, 7784150.2597823106, 7784150.1423432687, 7784150.0250609787, 7784149.9079351863, 7784149.7909651529, 7784149.6741506746, 7784149.5574913835, 7784149.4409868019, 7784149.3246364538, 7784149.2084400048, 7784149.0923969792, 7784148.9765070267, 7784148.8607697319, 7784148.7451846721, 7784148.6297514616, 7784148.5144695807, 7784148.3993387818, 7784148.2843585955, 7784148.1695285784, 7784148.0548484037, 7784147.9403175851, 7784147.8259357894, 7784147.7117025796, 7784147.5976176215, 7784147.4836804904, 7784147.3698907243, 7784147.2562479256, 7784147.1427519536, 7784147.0294021349, 7784146.9161982322, 7784146.8031397024, 7784146.6902262829, 7784146.5774576357, 7784146.4648333639, 7784146.3523529079, 7784146.2400160963, 7784146.1278223759, 7784146.0157715259, 7784145.9038629653, 7784145.7920966102, 7784145.6804718878, 7784145.5689883744, 7784145.4576458512, 7784145.3464438617, 7784145.235382081, 7784145.1244600741, 7784145.0136775384, 7784144.9030340454, 7784144.7925293026, 7784144.6821629154, 7784144.5719344383, 7784144.4618435893, 7784144.3518900499, 7784144.2420734223, 7784144.1323931832, 7784144.0228492087, 7784143.9134411328, 7784143.8041684413, 7784143.6950308345, 7784143.5860280795, 7784143.4771596305, 7784143.3684252976, 7784143.2598246746, 7784143.151357363, 7784143.0430230321, 7784142.93482148, 7784142.8267521113, 7784142.7188147912, 7784142.6110089831, 7784142.5033346079, 7784142.395791051, 7784142.2883781465, 7784142.1810955051, 7784142.0739426864, 7784141.9669196047, 7784141.8600257123, 7784141.7532606851, 7784141.6466243798, 7784141.5401161676, 7784141.4337358736, 7784141.327483248, 7784141.2213577796, 7784141.115359297, 7784141.0094873821, 7784140.9037416549, 7784140.7981219944, 7784140.692627959, 7784140.5872591045, 7784140.4820152689, 7784140.376896115, 7784140.2719013095, 7784140.167030422, 7784140.0622832756, 7784139.9576595267, 7784139.8531587282, 7784139.7487807088, 7784139.6445251703, 7784139.540391623, 7784139.4363799589, 7784139.3324897224, 7784139.2287207562, 7784139.1250725249, 7784139.0215449119, 7784138.9181375233, 7784138.8148500398, 7784138.71168222, 7784138.6086336961, 7784138.5057042036, 7784138.4028934641, 7784138.300201091, 7784138.1976268701, 7784138.0951704215, 7784137.9928315254, 7784137.8906097459, 7784137.7885049582, 7784137.6865168409, 7784137.5846450003, 7784137.4828892043, 7784137.3812490162, 7784137.2797243334, 7784137.1783148916, 7784137.0770202121, 7784136.975840128, 7784136.874774267, 7784136.7738224277, 7784136.6729842722, 7784136.5722594447, 7784136.4716478866, 7784136.3711491423, 7784136.270762885, 7784136.1704888819, 7784136.0703269262, 7784135.970276719, 7784135.8703378486, 7784135.7705101427, 7784135.6707932837, 7784135.5711870762, 7784135.4716911279, 7784135.3723051818, 7784135.2730291011, 7784135.173862434, 7784135.0748050585, 7784134.9758565836, 7784134.8770166589, 7784134.7782851886, 7784134.6796618346, 7784134.5811464256, 7784134.4827384902, 7784134.3844379317, 7784134.2862443905, 7784134.1881576432, 7784134.0901773404, 7784133.992303337, 7784133.8945353506, 7784133.7968730647, 7784133.6993162297, 7784133.6018646192, 7784133.5045178942, 7784133.4072758742, 7784133.310138219, 7784133.2131048245, 7784133.1161752837, 7784133.0193493972, 7784132.9226269061, 7784132.8260075599, 7784132.7294910271, 7784132.6330772005, 7784132.5367656332, 7784132.4405562831, 7784132.3444487471, 7784132.248442933, 7784132.1525382651, 7784132.0567349428, 7784131.9610324306, 7784131.8654305283, 7784131.7699289508, 7784131.6745275753, 7784131.5792260626, 7784131.4840241428, 7784131.3889217163, 7784131.2939184373, 7784131.1990139289, 7784131.1042081928, 7784131.0095008416, 7784130.9148917152, 7784130.8203805573, 7784130.725967153, 7784130.6316510886, 7784130.5374323353, 7784130.4433105774, 7784130.349285569, 7784130.2553571528, 7784130.1615249012, 7784130.0677887406, 7784129.974148443, 7784129.8806038182, 7784129.7871544519, 7784129.6938002761, 7784129.6005409509, 7784129.5073764222, 7784129.414306269, 7784129.3213301636, 7784129.2284482857, 7784129.1356600681, 7784129.0429654038, 7784128.9503640644, 7784128.8578558685, 7784128.7654404594, 7784128.673117551, 7784128.5808873093, 7784128.4887491297, 7784128.3967029639, 7784128.3047485994, 7784128.2128857449, 7784128.1211141422, 7784128.0294336295, 7784127.9378441069, 7784127.8463452719, 7784127.7549366727, 7784127.6636185255, 7784127.5723903347, 7784127.4812518964, 7784127.3902030876, 7784127.2992436253, 7784127.2083733166, 7784127.1175920116, 7784127.0268994253, 7784126.9362953259, 7784126.8457795437, 7784126.7553519625, 7784126.6650122115, 7784126.5747601241, 7784126.4845955707, 7784126.3945182674, 7784126.3045280315, 7784126.2146247094, 7784126.1248080367, 7784126.0350778252, 7784125.945433897, 7784125.8558759457, 7784125.7664038977, 7784125.6770174773, 7784125.587716491, 7784125.4985007569, 7784125.4093701057, 7784125.3203242607, 7784125.2313630637, 7784125.1424864316, 7784125.0536939213, 7784124.96498546, 7784124.8763608895, 7784124.7878199173, 7784124.6993625583, 7784124.6109883729, 7784124.5226973174, 7784124.4344891328, 7784124.3463636236, 7784124.2583206277, 7784124.1703599524, 7784124.08248132, 7784123.9946846487, 7784123.9069697754, 7784123.8193363948, 7784123.7317844238, 7784123.6443135897, 7784123.5569237107, 7784123.4696147032, 7784123.382386216, 7784123.295238208, 7784123.2081704624, 7784123.1211826941, 7784123.0342748892, 7784122.9474467179, 7784122.8606980275, 7784122.774028617, 7784122.6874384573, 7784122.6009272374, 7784122.5144947981, 7784122.4281408396, 7784122.3418654259, 7784122.2556682182, 7784122.1695489958, 7784122.0835077139, 7784121.9975441396, 7784121.911658098, 7784121.8258493505, 7784121.7401178135, 7784121.6544632586, 7784121.5688855089, 7784121.4833844416, 7784121.3979598349, 7784121.3126114961, 7784121.2273393515, 7784121.1421431368, 7784121.0570226889, 7784120.9719778113, 7784120.8870084351, 7784120.8021143647, 7784120.7172952583, 7784120.632551115, 7784120.5478817979, 7784120.4632870378, 7784120.378766736, 7784120.2943206299, 7784120.2099486478, 7784120.1256505605, 7784120.0414263383, 7784119.9572756076, 7784119.8731983295, 7784119.7891943147, 7784119.7052634554, 7784119.621405405, 7784119.5376201794, 7784119.4539076556, 7784119.3702674126, 7784119.2866996359, 7784119.2032039315, 7784119.1197801223, 7784119.0364282783, 7784118.9531478826, 7784118.8699390497, 7784118.7868015561, 7784118.7037352929, 7784118.6207399713, 7784118.5378155317, 7784118.4549616901, 7784118.3721784316, 7784118.2894657487, 7784118.2068231106, 7784118.1242506113, 7784118.0417479975, 7784117.9593152143, 7784117.8769519776, 7784117.7946582399, 7784117.712433856, 7784117.6302784998, 7784117.5481923278, 7784117.4661749033, 7784117.3842261666, 7784117.302346074, 7784117.2205342958, 7784117.1387908207, 7784117.0571154347, 7784116.9755079793, 7784116.8939683829, 7784116.8124964591, 7784116.7310919948, 7784116.6497549359, 7784116.5684851762, 7784116.487282306, 7784116.4061465636, 7784116.3250774657, 7784116.2440750049, 7784116.1631392073, 7784116.0822695717, 7784116.0014662929, 7784115.9207289563, 7784115.8400575733, 7784115.7594520357, 7784115.6789120873, 7784115.5984377041, 7784115.5180286001, 7784115.4376847874, 7784115.3574060863, 7784115.277192262, 7784115.1970431777, 7784115.1169588426, 7784115.0369389476, 7784114.9569835141, 7784114.8770923158, 7784114.7972653741, 7784114.7175021823, 7784114.6378028449, 7784114.5581672946, 7784114.4785952987, 7784114.3990866933, 7784114.3196414551, 7784114.2402593521, 7784114.1609402504, 7784114.0816841014, 7784114.002490636, 7784113.9233599305, 7784113.8442915883, 7784113.7652856773, 7784113.6863420056, 7784113.6074604411, 7784113.5286408504, 7784113.4498830549, 7784113.3711870331, 7784113.2925525373, 7784113.2139796522, 7784113.1354678953, 7784113.0570174409, 7784112.9786279816, 7784112.9002995146, 7784112.822031891, 7784112.743824888, 7784112.6656785598, 7784112.5875925291, 7784112.5095668929, 7784112.4316013856, 7784112.3536959803, 7784112.2758505214, 7784112.1980648385, 7784112.1203388702, 7784112.0426724646, 7784111.9650654308, 7784111.8875177549, 7784111.8100293297, 7784111.7325999476, 7784111.6552294418, 7784111.5779178962, 7784111.500664968, 7784111.4234706378, 7784111.346334829, 7784111.2692572726, 7784111.1922379602, 7784111.1152768945, 7784111.0383737544, 7784110.9615283944, 7784110.8847408136, 7784110.808010892, 7784110.7313384842, 7784110.6547235362, 7784110.5781657398, 7784110.5016652178, 7784110.425221757, 7784110.348835201, 7784110.2725053634, 7784110.1962323366, 7784110.1200158456, 7784110.0438558906, 7784109.9677522751, 7784109.8917049533, 7784109.8157136645, 7784109.7397784377, 7784109.6638991134, 7784109.5880755913, 7784109.5123077957, 7784109.4365955293, 7784109.3609387064, 7784109.2853372432, 7784109.20979096, 7784109.1342999209, 7784109.0588638745, 7784108.9834826384, 7784108.9081563223, 7784108.8328846321, 7784108.7576674875, 7784108.6825049026, 7784108.6073966157, 7784108.5323425746, 7784108.4573427038, 7784108.3823968926, 7784108.3075050022, 7784108.2326669628, 7784108.1578825368, 7784108.0831518779, 7784108.0084746415, 7784107.9338507466, 7784107.8592802193, 7784107.7847628724, 7784107.7102986518, 7784107.6358873202, 7784107.5615289537, 7784107.4872233123, 7784107.4129703501, 7784107.3387699919, 7784107.2646220587, 7784107.1905265851, 7784107.1164831948, 7784107.0424920795, 7784106.9685530011, 7784106.8946659053, 7784106.8208305947, 7784106.7470471468, 7784106.6733152559, 7784106.5996349277, 7784106.5260061305, 7784106.4524286361, 7784106.378902453, 7784106.3054273278, 7784106.2320033247, 7784106.1586302742, 7784106.0853081048, 7784106.0120366393, 7784105.9388158889, 7784105.8656456685, 7784105.7925259704, 7784105.7194566084, 7784105.6464375565, 7784105.5734686749, 7784105.5005498445, 7784105.4276810717, 7784105.3548621926, 7784105.2820930341, 7784105.2093736259, 7784105.1367037985, 7784105.0640835296, 7784104.9915125994, 7784104.9189911885, 7784104.8465188723, 7784104.7740957681, 7784104.7017216729, 7784104.6293964619, 7784104.5571203111, 7784104.4848928023, 7784104.4127139552, 7784104.3405837202, 7784104.2685019393, 7784104.1964686643, 7784104.1244836878, 7784104.0525468513, 7784103.9806582155, 7784103.9088176228, 7784103.8370250482, 7784103.7652802449, 7784103.6935832975, 7784103.6219340004, 7784103.5503322994, 7784103.478778109, 7784103.4072714001, 7784103.3358118953, 7784103.2643997762, 7784103.1930347532, 7784103.1217168113, 7784103.0504457774, 7784102.9792217351, 7784102.9080445394, 7784102.8369140485, 7784102.765830162, 7784102.6947927848, 7784102.6238020081, 7784102.5528575517, 7784102.4819593858, 7784102.4111074749, 7784102.340301577, 7784102.2695418391, 7784102.198828022, 7784102.1281601451, 7784102.0575380474, 7784101.9869616022, 7784101.9164307648, 7784101.8459455026, 7784101.7755057886, 7784101.705111376, 7784101.6347622443, 7784101.5644583795, 7784101.4941996699, 7784101.423985987, 7784101.3538172776, 7784101.2836934337, 7784101.2136144275, 7784101.1435801722, 7784101.0735904537, 7784101.0036454285, 7784100.9337448087, 7784100.8638887247, 7784100.7940768888, 7784100.724309342, 7784100.6545859594, 7784100.5849066116, 7784100.5152714178, 7784100.4456800595, 7784100.3761325767, 7784100.3066288745, 7784100.2371688671, 7784100.1677525472, 7784100.0983797042, 7784100.0290504526, 7784099.9597644005, 7784099.8905217862, 7784099.8213223731, 7784099.7521662302, 7784099.6830531778, 7784099.6139830509, 7784099.5449558878, 7784099.475971573, 7784099.4070300413, 7784099.3381313691, 7784099.2692751708, 7784099.2004617145, 7784099.1316905878, 7784099.0629618727, 7784098.9942756342, 7784098.9256316451, 7784098.857029832, 7784098.7884700559, 7784098.7199524073, 7784098.6514767362, 7784098.5830429783, 7784098.5146510731, 7784098.4463009546, 7784098.3779924298, 7784098.3097256133, 7784098.2415002827, 7784098.1733165216, 7784098.1051741317, 7784098.0370730376, 7784097.969013283, 7784097.9009946575, 7784097.8330171639, 7784097.7650807817, 7784097.6971852249, 7784097.6293306956, 7784097.561516989, 7784097.4937442159, 7784097.4260119526, 7784097.3583203536, 7784097.2906694058, 7784097.2230589427, 7784097.1554888571, 7784097.0879591387, 7784097.0204698471, 7784096.9530205801, 7784096.8856117073, 7784096.8182427483, 7784096.75091381, 7784096.6836249195, 7784096.6163759315, 7784096.549166685, 7784096.4819972003, 7784096.4148674682, 7784096.3477773834, 7784096.2807268687, 7784096.213715747, 7784096.1467441451, 7784096.0798119623, 7784096.0129188774, 7784095.946065166, 7784095.8792506065, 7784095.8124751113, 7784095.7457387336, 7784095.6790413242, 7784095.6123828869, 7784095.5457631815, 7784095.4791823225, 7784095.4126401721, 7784095.3461365663, 7784095.2796716793, 7784095.2132453769, 7784095.1468574638, 7784095.080507935, 7784095.0141967498, 7784094.9479239499, 7784094.8816892467, 7784094.8154927436, 7784094.7493343772, 7784094.6832140163, 7784094.6171316495, 7784094.5510871261, 7784094.4850805821, 7784094.4191117585, 7784094.3531806869, 7784094.2872872185, 7784094.2214313122, 7784094.1556130908, 7784094.0898322836, 7784094.0240889592, 7784093.9583830135, 7784093.8927143589, 7784093.8270828556, 7784093.7614885736, 7784093.6959315175, 7784093.6304114452, 7784093.5649284543, 7784093.4994823411, 7784093.4340731334, 7784093.3687009187, 7784093.3033652501, 7784093.238066419, 7784093.1728042699, 7784093.1075787432, 7784093.0423896695, 7784092.977237137, 7784092.9121210119, 7784092.8470413275, 7784092.7819978995, 7784092.7169907456, 7784092.652019822, 7784092.5870850636, 7784092.5221863454, 7784092.4573236331, 7784092.3924969751, 7784092.327706323, 7784092.2629514299, 7784092.1982324077, 7784092.1335490439, 7784092.0689014336, 7784092.0042895339, 7784091.9397131735, 7784091.8751722556, 7784091.8106670771, 7784091.7461970933, 7784091.6817627149, 7784091.6173635004, 7784091.5529994573, 7784091.4886707887, 7784091.4243772579, 7784091.3601188269, 7784091.2958954656, 7784091.2317069732, 7784091.1675535729, 7784091.1034349902, 7784091.0393512901, 7784090.9753023675, 7784090.9112882009, 7784090.8473087288, 7784090.7833638005, 7784090.7194535444, 7784090.6555777136, 7784090.591736435, 7784090.5279296227, 7784090.4641570132, 7784090.4004189037, 7784090.3367149308, 7784090.273045375, 7784090.209409832, 7784090.1458083075, 7784090.0822410518, 7784090.0187077289, 7784089.9552083146, 7784089.8917429671, 7784089.828311312, 7784089.764913531, 7784089.7015495598, 7784089.6382192411, 7784089.5749226669, 7784089.5116596194, 7784089.4484301843, 7784089.3852341799, 7784089.3220718289, 7784089.2589426897, 7784089.1958470587, 7784089.1327846861, 7784089.0697555728, 7784089.0067597833, 7784088.9437970277, 7784088.8808675297, 7784088.8179710461, 7784088.755107617, 7784088.6922771502, 7784088.6294795917, 7784088.5667149099, 7784088.5039831866, 7784088.4412841732, 7784088.3786179153, 7784088.315984319, 7784088.253383507, 7784088.1908150734, 7784088.1282793805, 7784088.0657761283, 7784088.0033053365, 7784087.9408669658, 7784087.8784609763, 7784087.8160873791, 7784087.7537459871, 7784087.6914369119, 7784087.6291598817, 7784087.5669151377, 7784087.5047024125, 7784087.442521791, 7784087.380373124, 7784087.3182564862, 7784087.2561716028, 7784087.1941187885, 7784087.1320976904, 7784087.0701085459, 7784087.0081508737, 7784086.946224981, 7784086.8843307924, 7784086.8224683441, 7784086.7606372871, 7784086.6988377552, 7784086.6370697292, 7784086.5753331054, 7784086.5136278262, 7784086.451953996, 7784086.3903114246, 7784086.3287001895, 7784086.2671199972, 7784086.205571143, 7784086.1440533325, 7784086.082566577, 7784086.0211109184, 7784085.9596862243, 7784085.8982924968, 7784085.8369297748, 7784085.7755977651, 7784085.7142967107, 7784085.6530264597, 7784085.5917868484, 7784085.5305780657, 7784085.4693998443, 7784085.4082522979, 7784085.3471352737, 7784085.2860487821, 7784085.2249928303, 7784085.1639673868, 7784085.102972337, 7784085.0420076568, 7784084.9810732519, 7784084.9201691719, 7784084.8592953039, 7784084.7984517608, 7784084.737638331, 7784084.6768551096, 7784084.6161019029, 7784084.5553786959, 7784084.4946856033, 7784084.4340224341, 7784084.3733891621, 7784084.3127858266, 7784084.2522123391, 7784084.191668571, 7784084.1311547551, 7784084.070670519, 7784084.010216115, 7784083.9497913225, 7784083.8893960714, 7784083.8290305156, 7784083.7686944231, 7784083.7083878638, 7784083.6481107799, 7784083.5878631072, 7784083.5276448037, 7784083.4674557736, 7784083.4072962124, 7784083.3471658397, 7784083.2870646827, 7784083.2269927086, 7784083.1669499176, 7784083.106936316, 7784083.0469517838, 7784082.9869961906, 7784082.9270697022, 7784082.867172244, 7784082.8073035758, 7784082.7474638028, 7784082.6876530433, 7784082.6278709704, 7784082.5681177219, 7784082.5083933435, 7784082.448697458, 7784082.389030369, 7784082.3293919852, 7784082.2697821138, 7784082.2102007773, 7784082.15064805, 7784082.0911238641, 7784082.0316279866, 7784081.9721606849, 7784081.9127216525, 7784081.8533110237, 7784081.7939287517, 7784081.7345747603, 7784081.6752488567, 7784081.6159513751, 7784081.5566819785, 7784081.4974407284, 7784081.438227566, 7784081.379042537, 7784081.3198854439, 7784081.2607564377, 7784081.2016554028, 7784081.142582248, 7784081.0835369853, 7784081.0245196046, 7784080.9655300742, 7784080.9065683, 7784080.8476343537, 7784080.7887280248, 7784080.7298494857, 7784080.6709985416, 7784080.6121752812, 7784080.5533795618, 7784080.4946114197, 7784080.4358708858, 7784080.3771576947, 7784080.318472025, 7784080.259813766, 7784080.2011830099, 7784080.1425794261, 7784080.0840032361, 7784080.0254544476, 7784079.966932809, 7784079.9084383529, 7784079.8499711389, 7784079.7915312359, 7784079.7331181979, 7784079.6747324076, 7784079.6163736265, 7784079.5580419619, 7784079.4997372665, 7784079.4414594714, 7784079.3832086315, 7784079.3249847116, 7784079.266787705, 7784079.2086175159, 7784079.1504740668, 7784079.0923574045, 7784079.0342675997, 7784078.9762043543, 7784078.9181678304, 7784078.860157975, 7784078.802174815, 7784078.7442181688, 7784078.686287961, 7784078.6283844654, 7784078.5705074379, 7784078.5126568861, 7784078.4548325986, 7784078.3970349152, 7784078.3392635314, 7784078.2815184826, 7784078.2237996878, 7784078.1661072532, 7784078.1084410809, 7784078.0508010583, 7784077.9931871882, 7784077.9355995832, 7784077.8780380255, 7784077.8205026481, 7784077.7629932109, 7784077.7055099458, 7784077.64805263, 7784077.5906213094, 7784077.5332159894, 7784077.4758364717, 7784077.4184828904, 7784077.3611551886, 7784077.3038533377, 7784077.2465772945, 7784077.1893269168, 7784077.1321023889, 7784077.0749035925, 7784077.0177304251, 7784076.9605829315, 7784076.9034610391, 7784076.8463647347, 7784076.7892940864, 7784076.7322489377, 7784076.6752292821, 7784076.6182351513, 7784076.5612664437, 7784076.5043231407, 7784076.4474052498, 7784076.3905128613, 7784076.3336456111, 7784076.2768038353, 7784076.2199872453, 7784076.1631960208, 7784076.1064299392, 7784076.0496890685, 7784075.9929733481, 7784075.9362828834, 7784075.8796174694, 7784075.8229771303, 7784075.7663619425, 7784075.7097717188, 7784075.6532065608, 7784075.596666418, 7784075.5401510866, 7784075.4836607696, 7784075.4271953236, 7784075.3707548138, 7784075.3143391609, 7784075.2579482393, 7784075.20158213, 7784075.1452408563, 7784075.0889243009, 7784075.0326324757, 7784074.9763653595, 7784074.9201228805, 7784074.8639049958, 7784074.8077117, 7784074.7515430702, 7784074.6953989249, 7784074.6392793963, 7784074.5831842748, 7784074.5271137543, 7784074.471067681, 7784074.415045877, 7784074.3590486022, 7784074.3030756535, 7784074.2471270207, 7784074.1912028436, 7784074.1353028817, 7784074.0794272088, 7784074.0235756813, 7784073.9677485591, 7784073.9119455218, 7784073.8561667074, 7784073.8004118958, 7784073.7446813453, 7784073.6889748853, 7784073.6332925931, 7784073.5776341157, 7784073.521999768, 7784073.4663894735, 7784073.4108030433, 7784073.3552405639, 7784073.2997020865, 7784073.2441874621, 7784073.1886967747, 7784073.1332298545, 7784073.0777867753, 7784073.0223674122, 7784072.966972027, 7784072.9116002684, 7784072.8562521841, 7784072.8009279296, 7784072.7456272598, 7784072.6903503239, 7784072.6350969449, 7784072.5798671795, 7784072.524660957, 7784072.4694783622, 7784072.4143193131, 7784072.3591837352, 7784072.3040717179, 7784072.2489830377, 7784072.1939178649, 7784072.1388759967, 7784072.0838577542, 7784072.0288627176, 7784071.9738910543, 7784071.918942743, 7784071.8640177175, 7784071.8091159156, 7784071.7542373883, 7784071.6993821505, 7784071.6445500804, 7784071.5897412384, 7784071.5349554447, 7784071.4801929425, 7784071.4254533993, 7784071.3707370358, 7784071.3160436656, 7784071.2613734314, 7784071.2067261757, 7784071.152101974, 7784071.0975006996, 7784071.0429223506, 7784070.9883669084, 7784070.9338344717, 7784070.8793249037, 7784070.824838181, 7784070.7703743763, 7784070.7159333425, 7784070.6615151372, 7784070.6071196375, 7784070.5527469181, 7784070.4983970132, 7784070.444069731, 7784070.3897652375, 7784070.3354832586, 7784070.2812240301, 7784070.2269873573, 7784070.1727734143, 7784070.1185819665, 7784070.0644130958, 7784070.0102667585, 7784069.9561428493, 7784069.9020415945, 7784069.8479627017, 7784069.7939063814, 7784069.739872355, 7784069.6858608965, 7784069.6318716807, 7784069.5779048549, 7784069.5239604069, 7784069.4700383721, 7784069.4161385521, 7784069.3622609861, 7784069.308405716, 7784069.2545727575, 7784069.2007619087, 7784069.1469733166, 7784069.0932069086, 7784069.0394626614, 7784068.9857404996, 7784068.932040507, 7784068.8783625858, 7784068.8247068478, 7784068.7710730638, 7784068.7174613252, 7784068.6638716115, 7784068.6103038238, 7784068.5567581281, 7784068.5032343483, 7784068.4497325197, 7784068.396252525, 7784068.3427944658, 7784068.2893584175, 7784068.2359440811, 7784068.1825516094, 7784068.1291809371, 7784068.0758321034, 7784068.0225050338, 7784067.969199704, 7784067.9159161067, 7784067.8626542054, 7784067.8094140347, 7784067.7561955154, 7784067.7029987359, 7784067.6498235129, 7784067.5966699934, 7784067.5435379194, 7784067.4904275369, 7784067.4373387536, 7784067.3842714401, 7784067.3312256373, 7784067.2782013398, 7784067.2251986125, 7784067.1722172461, 7784067.1192573374, 7784067.0663190139, 7784067.0134019479, 7784066.9605062213, 7784066.9076319505, 7784066.854779114, 7784066.8019473786, 7784066.7491371082, 7784066.6963482117, 7784066.6435804749, 7784066.5908339443, 7784066.5381087465, 7784066.4854047243, 7784066.4327220097, 7784066.3800603896, 7784066.3274198202, 7784066.2748005688, 7784066.2222024295, 7784066.1696253428, 7784066.1170694111, 7784066.0645343969, 7784066.0120205963, 7784065.959527839, 7784065.9070559694, 7784065.8546052156, 7784065.8021753263, 7784065.7497664969, 7784065.6973785665, 7784065.6450116485, 7784065.5926655801, 7784065.5403404087, 7784065.4880361175, 7784065.4357526256, 7784065.3834900483, 7784065.3312482648, 7784065.2790273195, 7784065.2268270701, 7784065.1746475864, 7784065.1224889373, 7784065.0703510158, 7784065.0182337994, 7784064.9661372202, 7784064.9140614197, 7784064.8620062144, 7784064.8099716445, 7784064.757957723, 7784064.705964474, 7784064.6539917327, 7784064.6020395802, 7784064.5501079839, 7784064.4981970517, 7784064.4463064997, 7784064.3944364544, 7784064.3425869765, 7784064.2907579243, 7784064.2389493678, 7784064.1871612007, 7784064.1353934612, 7784064.0836462183, 7784064.0319192521, 7784063.9802126875, 7784063.9285264611, 7784063.8768606586, 7784063.8252151106, 7784063.77358991, 7784063.7219849639, 7784063.6704002982, 7784063.6188359149, 7784063.5672917245, 7784063.5157677298, 7784063.4642640017, 7784063.4127804525, 7784063.3613170683, 7784063.3098738827, 7784063.258450794, 7784063.2070478778, 7784063.1556649636, 7784063.1043022377, 7784063.0529595548, 7784063.0016369112, 7784062.9503343832, 7784062.8990517911, 7784062.8477892382, 7784062.7965468001, 7784062.7453241833, 7784062.6941215619, 7784062.6429388998, 7784062.5917762322, 7784062.5406333664, 7784062.4895104934, 7784062.4384074304, 7784062.3873243332, 7784062.3362610368, 7784062.2852175469, 7784062.2341939099, 7784062.1831901278, 7784062.1322059836, 7784062.081241753, 7784062.0302972933, 7784061.9793725302, 7784061.9284674926, 7784061.877582184, 7784061.8267164603, 7784061.7758705225, 7784061.7250443343, 7784061.6742376089, 7784061.6234506518, 7784061.5726832552, 7784061.5219354657, 7784061.4712073216, 7784061.4204987185, 7784061.3698096396, 7784061.3191401483, 7784061.2684901785, 7784061.2178596966, 7784061.1672488041, 7784061.1166572664, 7784061.066085224, 7784061.0155327125, 7784060.9649996329, 7784060.9144859128, 7784060.8639916303, 7784060.8135167751, 7784060.7630613111, 7784060.7126250844, 7784060.6622082703, 7784060.6118109161, 7784060.5614327621, 7784060.5110739898, 7784060.4607344009, 7784060.4104141966, 7784060.3601131663, 7784060.3098314358, 7784060.2595689213, 7784060.2093256963, 7784060.1591015197, 7784060.1088967472, 7784060.0587109486, 7784060.0085444516, 7784059.9583969703, 7784059.9082686771, 7784059.8581596399, 7784059.8080695393, 7784059.7579985978, 7784059.7079466032, 7784059.6579138851, 7784059.6079000914, 7784059.5579052912, 7784059.5079295561, 7784059.4579729121, 7784059.4080351945, 7784059.3581164051, 7784059.3082166258, 7784059.2583358055, 7784059.2084738556, 7784059.1586309001, 7784059.1088067731, 7784059.0590016544, 7784059.0092153195, 7784058.9594478915, 7784058.9096993366, 7784058.8599696225, 7784058.8102587275, 7784058.760566622, 7784058.7108933246, 7784058.6612386825, 7784058.6116030216, 7784058.5619860068, 7784058.5123877283, 7784058.4628082756, 7784058.4132474782, 7784058.3637052896, 7784058.3141818577, 7784058.264677193, 7784058.2151911268, 7784058.1657236554, 7784058.1162748877, 7784058.0668447576, 7784058.0174331823, 7784057.9680401813, 7784057.9186657611, 7784057.869310081, 7784057.819972733, 7784057.770654045, 7784057.7213539239, 7784057.6720721954, 7784057.6228090012, 7784057.5735643907, 7784057.5243381467, 7784057.4751304695, 7784057.4259411814, 7784057.376770352, 7784057.3276178762, 7784057.2784839105, 7784057.2293682946, 7784057.1802710723, 7784057.131192158, 7784057.0821317015, 7784057.03308958, 7784056.9840657879, 7784056.9350602664, 7784056.8860731348, 7784056.8371042619, 7784056.788153627, 7784056.7392213298, 7784056.6903072568, 7784056.6414113995, 7784056.5925339069, 7784056.543674482, 7784056.4948332952, 7784056.4460103475, 7784056.397205608, 7784056.3484189743, 7784056.2996505564, 7784056.2509002816]