# -----------------------------------------------
# 
  2890.213
936120.380
-5742721.246
15567632.226
-14375673.266
-2829132.319
5392740.014
11554071.628
-5302935.666
-9976544.446
-2518498.601
6268376.591
3823527.428
3640283.532
-3324386.606
-4892578.758
-912936.167
1510851.254
2973402.317
-609775.947
-738524.925
5978140.746
-5737075.562
1078159.662
-3313355.837
5583597.551
-4373780.307
690644.570
766794.280
-3441700.294
6245418.421
472509.344
-2999738.506
-4323103.743
-47108.370
3301314.719
3410663.451
-377342.512
-443106.338
-5233433.467
3181476.525
-3853241.776
10442065.432
-42427559.073
7816860.134
28989698.772
-22145.602
-19949070.169
-16104138.336
7406973.853
18774373.278
9677333.951
-5130926.199
-13978460.549
-9228242.945
752203.927
10158598.736
9255928.230
-1307644.109
-10881326.766
3938440.596
-1043204.551
-1223860.847
312093.222
-1078409.498
-101462.296
430450.037
658833.422
251519.462
-524911.563
-703637.608
-40339.893
737812.206
 46992.107
862706.092
-608402.254
-749327.965
-1081289.907
-652639.482
-572859.310
418054.246
-498822.672
424389.880
 -3766.035
-65026.035
-620687.757
2541029.073
-10106825.355
 55569.126
8510269.916
3827618.000
-4327782.613
-7352987.731
-3727492.232
3449118.292
6612838.953
4178911.263
128823.577
-4499454.316
-5279274.978
-1545616.018
1954178.097
4282739.528
1320071.239
-2582646.700
 82549.590
-33369.572
-19229.218
  4469.905
198254.688
-139048.745
-162560.987
102664.338
-160473.421
529988.046
-5251176.367
25070106.528
-67071850.468
87274082.355
-15761214.476
-65161603.087
1210770.016
55999891.072
35533392.539
-22356516.561
-52482224.026
-30914740.322
19144376.125
51376126.464
33602742.941
-25429755.230
-63842661.814
38474472.619
 26883.906
-68806.471
-10314.185
 31170.937
 13233.996
-13736.662
-12964.211
 12564.729
-46610.220
 38018.202
 27768.034
-19443.501
-72122.524
-322988.644
-1652600.280
10839625.649
-36869362.510
61068167.678
-25682445.773
-44729698.314
17057757.605
47126441.395
15232045.738
-32305383.724
-42930115.417
-13671222.475
28389389.573
45925592.137
19027282.422
-31599657.678
-53333914.035
37993017.939
196901.575
-178898.884
-439192.500
-43998.032
 25379.446
-54172.499
-13863.168
 24404.955
 -2616.396
 -3475.296
  4423.542
 -3967.078
 -8798.067
 27020.452
  3721.001
-14421.067
212608.861
124855.421
-81768.642
 51755.721
1060047.948
-2573263.574
586263.035
2541697.430
280424.228
-2108927.673
-1900186.985
305053.187
2026065.352
2021049.985
-196330.823
-2129278.487
-2162882.196
882614.245
3035497.071
-1643283.455
-16698.968
 -9625.442
 10157.804
  8069.626
 70851.701
 33307.610
-22321.611
-55126.371
 13822.078
-38274.371
-11459.750
 16722.830
 -3458.999
 -2992.316
  -131.502
  1407.961
  9812.994
-17021.065
 -3489.341
  6001.768
  9951.174
378032.436
-625635.256
3275308.467
-8309043.413
7497029.930
4797672.437
-6145683.052
-8684408.120
271951.421
8418542.355
8999942.155
2274955.937
-6632890.130
-11704149.077
-7325444.368
2905601.382
12327555.907
12060383.722
-13454865.174
 -2738.234
 -2282.649
   -15.753
  4638.243
-75674.335
-119303.534
 37423.714
 54871.596
 50307.202
-70657.093
-136048.857
224303.445
-36635.869
231093.062
 20937.310
-115151.941
  3470.193
 -5156.224
  -555.071
  2009.172
  4650.452
 -8069.330
 -2335.700
  1193.724
2921780.122
-5030552.978
1688041.529
9299113.627
7692773.191
-573384.327
-8139610.316
-9727813.108
-4386242.097
3810789.803
10075006.626
10019719.567
3668304.906
-5712119.763
-12251124.040
-10860289.928
-289122.011
13158060.661
15720005.309
-14440752.738
-133599.981
 66899.643
 33163.655
-16455.287
225434.324
-123912.680
-180997.964
100272.325
236672.719
-134008.924
 22569.693
-15655.482
3311468.455
-5070544.857
2315761.788
-3702106.145
-949666.795
550202.544
417687.888
-229207.396
-363529.805
185933.878
201574.534
-94913.988
126788.391
-74745.370
-81729.951
 44443.733
-142962.187
1651285.227
-9432210.446
13583886.302
-119844.769
-10100126.284
-4969595.333
3982971.737
8208042.036
5467464.034
-475900.537
-5057035.177
-6427576.970
-4524591.426
-1067548.175
3189812.497
5900019.778
5370589.298
1196508.805
-6892035.220
-21149.307
 12703.200
 31736.630
-19235.276
-37011.018
 26200.809
 38394.637
-27736.066
-19687.956
 15634.360
 35394.091
-25128.984
178327.645
-115048.994
-85678.190
 44927.200
-228356.133
295081.731
495268.680
-100065.068
-250953.257
190503.247
 99217.196
-64818.312
-41338.784
 23655.083
  6993.555
  -721.174
 78479.554
-62427.331
-53964.209
 36168.771
-252271.175
-33724.595
-387010.426
224248.806
448046.473
162731.453
  6677.605
-39519.982
-14104.215
-311751.276
-208490.250
-299808.641
-171538.860
 86295.030
-39297.367
-55213.753
230109.685
 87337.584
154109.841
243719.965
-33395.911
 34722.301
 33898.061
-35681.033
-36645.401
 34542.829
 26661.606
-25153.263
 16092.964
-19989.472
-39676.193
 42979.559
  3835.021
   919.509
  5887.858
 -9880.276
-975964.279
942364.757
520020.115
-504829.227
151776.990
  5344.619
-132420.368
-330618.803
-401325.556
405795.378
170887.356
-174204.025
 44430.264
-44847.342
-39887.354
 39312.599
440488.194
-411272.569
-245999.102
229262.281
  8308.651
 75112.115
-2235832.822
13145877.593
-40067900.622
54943508.852
-7552583.399
-40851476.084
-7659267.218
27691408.969
29257223.451
5873543.499
-18836298.675
-27803275.291
-18389466.853
1827708.397
20900631.993
27249558.614
12075198.173
-29771988.538
-289461.400
-156445.052
141766.611
 92525.324
  -177.695
  1848.254
 -2254.296
   256.502
    -0.919
  -538.523
   525.255
  -253.277
  2255.506
 -2529.871
 -1757.437
  2509.688
 -7150.921
  7783.145
  3869.104
 -2486.041
 89436.623
-382619.122
-41278.736
188555.909
 29833.558
 70705.612
169107.333
-115054.299
 25788.233
213974.727
-14584.086
-109725.950
  8398.124
-13981.712
 -2344.926
  8616.128
-17905.733
 24008.027
 11146.858
-13548.351
120876.254
 39741.620
-1719241.098
6429422.766
-13722666.731
13855948.178
1506381.485
-11505872.804
-3794170.258
7477089.441
8984558.289
1076118.271
-6894713.528
-7512487.077
-2176636.186
3589307.039
6277170.454
2588700.977
-4148846.797
-549239.265
 15466.043
  5899.308
 -9390.354
 -3530.341
-323813.211
418188.775
178758.827
-232359.834
  -931.587
   484.505
  4116.662
 -3462.263
  5406.599
 -8432.715
 -3508.051
  5272.118
  -567.802
   847.536
   404.697
 -1433.633
-10826.503
 16076.588
  3026.592
 -4535.003
136718.244
-240248.443
-74131.202
123568.867
 14104.696
  9350.188
 22311.903
 39703.249
 63209.605
-17527.830
-24158.383
   526.454
  5027.010
 -6648.519
 -1719.061
  3820.143
 44639.149
-70575.588
-18947.383
 32693.463
  -481.423
264011.911
-2061272.346
10426587.759
-25056579.387
21383161.598
10758784.726
-13876882.743
-15261317.349
270933.382
11576872.182
12174005.445
3190950.448
-7161575.572
-11103555.012
-6370661.378
2185530.481
9249899.986
8155161.078
-8678408.727
  6911.284
 -4053.331
 -6345.671
  2911.184
 16895.493
-35812.135
 -6301.956
 12674.658
 49548.691
772914.102
-20977.287
-394227.249
 -3705.142
  5088.517
  2616.685
 -2063.863
  1987.625
  1206.200
 -4224.022
   565.697
 -4743.075
 -1808.865
  5431.172
  1492.846
  1288.650
 -9857.439
   457.920
  5038.533
  5579.305
124172.324
  5931.043
-68911.305
-173000.917
-82713.501
-34689.134
 42311.542
-17807.282
 -2915.885
  5062.443
 -6233.770
  3864.220
-14531.298
 -4061.040
 10323.702
-42182.602
 89546.168
 25334.083
-50512.316
 39483.207
 81325.757
1716220.934
-4425707.642
-2706652.837
4195619.012
5565101.723
3824616.334
356496.083
-2490173.513
-3427637.814
-3710739.559
-3813696.205
-3353748.677
-1394442.346
-59875.223
1065677.414
2001404.462
2450612.935
4208911.774
 -5458.564
  3796.783
-31823.566
 22164.033
 96091.201
-22965.974
-67085.365
 16117.249
 28201.359
  1572.781
-15474.484
 -4803.490
549338.189
-513043.862
-299248.213
272674.335
 -2452.725
   610.896
  8124.922
 -4063.535
   112.779
 -1260.487
 -3110.965
  -991.771
-18740.753
 12593.174
  7224.104
 -5796.563
 41409.128
-24450.049
-49925.270
 33138.536
108244.366
-134133.869
-35084.233
 61115.087
-114342.082
-299481.030
-240740.006
701068.580
-43898.458
 81240.483
-10385.901
-25184.242
-48845.711
 33411.145
 35771.277
-24015.779
-96328.839
106480.495
 76126.040
-82167.789
153465.128
-2168818.696
-10170573.260
10620193.219
6449043.327
3949837.160
2437870.559
1233450.367
404047.978
-289087.572
-643095.243
-748250.158
-1036676.063
-1059233.159
-1325468.160
-1594269.171
-1738501.351
-1720367.521
-1587758.866
-1661812.843
 -4250.091
  1156.897
  3304.496
  -831.392
 -4819.028
103616.103
 28303.258
-57107.321
 53970.403
-1302042.921
 33976.362
-2053024.939
-225653.524
5708151.070
120156.591
-3153748.976
-108490.404
-12240898.842
 88146.080
4683962.979
  7902.061
-63786.765
-22800.060
 20544.898
-24810.408
470839.123
 23708.198
-367629.631
  9913.069
-115820.304
 -3474.671
  3143.997
-14195.919
296672.269
  9832.093
-54208.958
-131205.997
2916220.526
-32002.007
1411310.588
 73815.674
283926.346
 16923.281
341848.482
124964.032
-5807144.145
 -6239.532
1116894.133
 26129.307
-235093.692
 -6768.237
 26873.369
 30851.143
1070919.998
-11428.611
-465410.069
-35760.839
221357.212
-5418461.492
17876670.921
-28718350.165
12282541.275
17879859.992
-6346563.350
-17137895.875
-6167632.497
9058280.940
13660472.489
6505182.552
-5172409.477
-11672361.618
-8377268.191
980162.524
9820396.287
8747433.202
-8585867.360
-16924.631
 14090.639
 -9579.657
-13762.228
 -6806.342
  8544.994
  8425.328
-10438.679
  2493.214
 -2099.735
 -8018.253
  5177.811
 -1679.399
   309.781
   284.067
   248.374
-18304.797
  -357.822
  9144.928
   402.349
 97873.639
-215883.501
-45837.614
 99140.177
  -861.283
  2660.874
  1021.960
 -1989.171
 -1099.846
 -2564.998
  2211.426
  3729.287
  1965.354
   266.867
 -3058.204
    96.677
  -722.704
 -2290.718
  2852.345
 -1838.896
 72991.906
-60681.985
-21168.562
  9552.049
-142290.400
107241.168
139628.529
132369.164
-28101.401
 56950.135
 -4442.970
 -6364.485
-13559.484
 15606.795
  9234.662
 -8092.285
 32191.887
-20963.379
-17222.985
 11810.775
565620.709
20957732.348
13280195.288
9016810.377
6462324.417
5205603.766
4355411.193
4187737.640
3591289.031
3319254.635
3153309.320
1974189.303
1018034.759
123927.074
-990859.641
-2469565.547
-3266725.676
-4299458.263
-5770480.018
-8006381.745
2966012.763
27012088.456
-2227332.749
34615178.862
 20364.204
11930127.885
-35501.694
-489433.206
309286.390
7899724.719
-431360.322
3584631.335
-180817.300
81147132.229
179266.693
-51200249.217
-1769328.829
313272.243
1818544.947
1032978.450
-4703134.823
-7628959.251
2559611.107
-33769230.489
-19353941.883
26689527.839
8632361.735
53905535.005
104169.345
-14549789.353
-11561.828
2710828.027
308649.191
-84961081.824
-214437.012
58100547.640
-174635.154
87250145.260
200040.843
-77768526.484
-420863.500
38354382.767
550917.505
-31089190.587
12897974.365
-16471179.564
-5673194.646
-31756527.996
1797105.914
2342852.163
1703417.484
2613405.868
-5790261.345
-15507510.511
2547116.230
-38217832.075
576527.660
6801347.551
-735845.507
48081452.543
345769.097
-28906777.176
461667.757
-73573479.899
457119.052
-2128091.948
14542004.354
-29018329.039
25376316.432
7833181.303
-23177676.057
-10807695.872
15693640.138
20110819.582
1841174.901
-17282512.502
-19661564.325
-4125726.091
15009735.666
21858310.445
8592371.693
-16315364.643
-26799359.095
19746557.141
-44980.393
 30152.429
1085529.807
-319040.056
-25943.823
 22917.157
 34450.453
-33502.854
 -5318.744
 -9765.884
 77873.982
 -6434.411
 -5774.730
 -2824.926
 15873.877
  -432.525
 44046.706
-40910.976
-27604.084
 40877.323
-47067.352
 18446.692
 57773.265
-25244.558
142142.334
-118287.894
-89902.731
 61607.804
415403.672
-388127.662
-209705.340
194578.565
 11113.129
 -9606.223
  2530.072
  1006.996
-22687.151
 19358.260
 26511.539
-19214.561
 -1224.285
 -2266.502
  6939.759
 -3217.073
 12824.743
  7768.321
-14100.274
 -6467.858
417801.577
-420186.486
-276554.535
254902.705
-159378.111
118125.421
165251.214
-234669.385
-193393.411
102144.969
141138.580
-74545.638
-23916.677
 11238.352
  5697.150
 -3493.865
 59588.180
-56861.847
-54471.312
 38886.481
 -6807.808
-40646.019
-3639779.002
18382514.906
-39780408.752
20585558.698
35968252.656
-10142165.244
-38338828.542
-24093278.871
7259522.405
29249155.240
35337863.280
16930173.922
-4052605.952
-27087385.954
-34996237.663
-24511501.551
-633371.610
44239394.781
 14938.406
-53915.654
-19752.421
 72700.921
-55657.639
 81389.903
268711.359
-75309.454
 85041.988
-396603.222
-113134.236
358234.294
 16873.996
-55106.533
-11494.899
 39125.475
  9759.698
-78476.591
 -6442.312
 89594.931
-15782.683
 28110.478
 15761.346
-13667.283
 37031.567
-249796.636
-40505.928
218440.820
 54101.593
-202941.202
-25124.559
111672.351
-622866.440
1566921.667
312474.983
-784848.916
  4122.047
 -8686.118
  -193.618
  3095.611
 19098.543
 -3081.621
-18098.846
  4353.771
  1484.668
 -2466.920
   183.989
 -2653.222
-17715.295
  4723.027
 19678.140
-11980.463
-1000152.325
3553472.004
576820.586
-2063708.388
-26773.552
-109671.234
 54414.751
-246640.014
273052.132
-1321697.310
-184797.386
851830.051
  6139.809
-44199.259
   668.522
  8856.370
205215.106
-488300.041
-103631.617
262122.134
-172575.723
-71106.318
-4313549.725
18906449.198
-40168973.453
28848807.364
18366086.050
-13872991.663
-20079570.249
-7261721.329
6757838.888
12720332.885
9909745.435
3601631.020
-3130416.147
-6693195.276
-7289204.232
-3843466.074
513254.821
6536525.289
111667.015
 81677.259
-62714696.497
-7476120.786
  8607.375
-10665.403
-16587.157
 28941.739
-87563.641
 77679.775
271337.637
-97010.428
322637.772
-1181716.703
-279679.173
783453.504
 43664.854
-88485.160
-44771.432
 60256.337
  -154.442
-32897.049
  5625.491
 24943.949
-12032.098
  2931.982
  8943.391
 -2052.849
 19203.865
-94959.886
 -8484.053
 50398.815
230454.578
-359615.222
-121818.707
212515.625
268773.980
-2352077.479
-134576.069
1180328.745
    75.520
 -6688.820
  6759.378
 -3424.904
 14663.352
 16272.253
-10982.040
-16014.742
 20004.276
-70424.616
-16134.453
 49485.474
-25436.464
    -2.737
 31634.033
-13424.897
-749847.496
1495659.703
432075.226
-924605.485
 83645.841
188929.971
110487.610
217378.000
-39885.479
-65718.208
-44365.334
248117.424
 -6079.250
 -4869.553
  8318.856
  3605.596
214926.636
-188011.823
-106872.815
108498.727
-192713.985
379616.468
5976210.453
-29655833.135
70861138.904
-62132253.913
-27432485.400
37521333.643
40391414.429
4767479.786
-23069834.586
-32368730.636
-21050147.877
-2480655.761
14481204.203
23496670.457
23924506.808
11791837.788
-6583971.966
-28855406.028
  6552.150
  5433.989
  3643.831
 -6236.140
-202162.717
-106264.670
44274275.635
14980628.409
-19609.213
 59933.344
 32753.620
-94592.545
111787.982
-105637.644
-516481.064
142364.058
-282706.536
821517.499
296295.963
-659200.395
-61965.823
142492.902
 59924.455
-99384.495
 -7611.897
 85836.420
    18.803
-88856.477
 18418.456
-19339.956
-13295.801
  8295.493
-47920.642
314135.002
 42143.886
-247836.220
-236514.906
420642.640
116734.939
-223571.958
716228.629
-544943.599
-356239.681
292642.228
 -5206.709
 15672.326
 -5623.682
 -5149.352
-20007.838
-35842.905
 20284.573
 20524.847
-10224.860
 18865.169
  3372.893
 -1137.887
 29234.886
 17258.546
-40822.121
 11205.132
1541380.406
-4267367.790
-896113.556
2526972.076
-342077.303
104689.691
-307542.427
-20672.405
-128460.453
1250725.575
171483.472
-977243.659
  4902.972
 30004.990
 -5255.641
-11502.090
-368949.899
586751.744
191532.928
-333546.548
121174.828
-445169.541
2700352.873
-5610154.989
4424176.211
-109573.965
551956.477
527829.398
-2654430.659
-4261954.768
-349557.863
5038898.226
6782429.038
2567676.417
-4868478.408
-9557612.688
-5610030.086
6428694.110
13540814.281
-8998996.038
 43113.777
 -3316.011
-20915.861
  5623.675
-57821.696
-11681.532
-647066.433
  5703.893
 35487.966
-47478.644
43316692.163
6778965.539
-44038.069
  5652.231
219705.121
 -3627.130
  2009.239
 -7986.719
-35353.719
  4833.161
-68673.489
-14261.534
-98000.598
  6231.026
 91848.455
 -1220.400
 -8678.972
   554.230
-38974.519
   753.634
 67290.752
 -1005.636
  9002.775
  4391.446
 37147.095
 -5964.253
 61411.866
-12942.416
117136.664
  8888.192
-52391.832
 21811.031
401577.097
 -8512.863
681674.678
108573.675
-926423.580
-54358.850
-14565.138
  -857.109
-61722.595
   734.116
-30475.003
 -1486.310
-13143.134
  2109.370
 27873.385
 -1805.750
 80931.920
  1489.201
-25658.262
  1860.827
 29749.190
   351.979
-72940.560
-68613.887
625721.430
 27310.784
-156158.641
100029.381
-150489.146
 12085.839
-752389.765
-65693.248
3014218.506
 36463.357
-751230.745
-11155.129
762674.719
  3628.808
-141072.217
 21922.613
-127151.678
-11898.644
 -4381.608
1114084.667
-8794664.073
25466355.263
-31818464.425
380131.066
25241227.065
7428904.711
-17270875.184
-19232465.641
-2207012.097
15468628.049
18614730.489
6283721.074
-10965862.913
-19194315.940
-10227647.023
10823295.183
23094720.802
-14466736.539
  3574.601
 -4333.030
 -9805.003
  9749.009
 38527.188
 -3810.429
-26677.473
 11818.486
-56048.816
 -4938.967
-556654.314
 -1055.170
  6543.260
-55328.562
-54595320.612
52154507.979
-29609.139
 -1184.740
173335.019
  1102.441
 -5937.149
  6951.544
-137604.455
-21979.461
-87897.091
 23416.392
-59018.887
-19458.008
115975.605
  2378.974
 -8652.898
 -9767.598
-24631.768
  4304.560
 41112.219
 -5173.994
 16169.987
 -7138.990
 12463.148
  7553.545
 69719.298
-23544.275
 49044.713
 25944.546
-76236.086
 69103.782
346232.706
-41786.552
599918.637
 45053.163
-737028.140
-33963.080
-19805.809
  1295.317
-77152.593
  1832.536
-62473.883
  6173.094
-14777.289
 -5306.700
 16481.699
   461.555
 45073.146
  1063.214
-19717.062
  3080.918
 21786.297
 -2026.195
-86893.010
 -1182.131
522523.948
  5519.818
-75049.813
-85303.418
 13405.971
 29570.674
-829027.568
135676.577
2779250.010
-78514.695
-553949.186
 -9088.780
574405.360
 10168.161
-132503.407
 53892.026
-99182.887
-33689.193
175001.267
1069588.678
-7072237.601
19221054.943
-22839364.882
640466.883
16156267.119
4163769.451
-10193212.082
-10352945.602
-743149.692
7875742.721
8454396.427
2302653.459
-4832724.743
-7365011.276
-3159011.456
3809266.570
6910477.109
-4160498.362
-29241.273
 20464.818
  8401.120
 -5981.279
 13513.317
 -8243.492
 11002.380
-10807.831
 65624.126
-16395.234
-39831.964
 17725.346
-90179.528
 24798.485
-419770.258
-12005.181
291925.097
-213109.949
-18097238.803
14640917.316
-31377.676
  -543.534
133818.819
  -357.094
 55098.138
-56105.559
-2856301.713
2198002.363
-125943.728
 24961.116
-89062.595
 -8771.744
 76688.462
  5281.089
 -2390.564
 -5608.990
-32260.027
 -4670.319
 54741.971
  6687.633
 18229.530
 -4270.669
 18574.681
 11044.038
 33982.124
 16971.155
108431.988
-14187.753
-64502.127
 31670.610
493014.439
-17023.901
   -59.703
789534.726
-680634.121
-402065.269
-15893.130
   977.129
-42846.002
  -893.767
-54484.008
  2213.159
-19443.460
 -1424.880
 24458.183
  1138.210
 74114.172
 -2730.966
-26280.379
  1847.349
 34683.922
  -570.328
-227353.666
 64522.032
721843.963
-32263.833
-44472.253
 74782.707
-14738.466
-144694.620
-948609.031
 82775.773
3180612.471
-39876.729
-801352.963
 -6519.250
737964.705
  6654.130
-89228.473
-25899.111
-185186.687
 12834.900
135832.657
265063.867
-3523804.282
12886815.104
-20840056.107
5464761.832
17789706.073
-90028.259
-16657802.434
-12706149.377
3672934.834
16386899.144
14661500.191
1022989.360
-13235265.737
-18027442.302
-6849500.526
13250757.301
21795161.769
-15420337.554
   855.288
   -92.434
  -898.858
  -202.654
 11217.690
 -4794.635
  7252.473
-13093.991
-12364.397
  2799.685
  6110.563
  7187.875
 54514.592
  9919.855
-11429.961
-11099.468
-82612.974
-22840.895
-1257844.935
 19858.757
142447.518
-316132.148
37543911.089
84092643.210
-57058.813
  5369.897
327629.691
 -4387.738
 18782.008
-14265.780
-164052.327
 14792.420
-96599.145
  6714.119
-108108.808
  7065.078
174468.362
 -3521.837
-25186.172
  1376.242
-50566.491
  7022.318
 81172.096
 -5010.341
  8989.879
  6427.858
 48745.217
 -9792.189
 68549.707
  -600.289
 96399.247
  2054.369
-73671.707
 52685.443
488602.589
-29406.387
270540.137
451365.704
-740866.697
-226287.056
-45943.774
  7265.073
-186395.418
 -9788.669
-113362.240
  3521.685
-47560.942
  1994.314
 29764.900
 -2020.281
 74034.025
  3570.374
-37345.110
 -1793.275
 60822.425
 -3409.142
-237169.655
144408.219
722056.632
-75314.752
 57589.388
-64161.777
 -8428.361
 46789.666
-704398.836
-235902.525
3530384.426
119527.048
-610457.596
 -6522.673
593546.066
   395.447
-146839.263
 36602.749
-151738.758
-20999.888
-71097.178
1685855.086
-11363376.065
30413881.837
-35886766.272
2616579.494
22743307.707
4495701.812
-13327111.329
-12781063.370
-644683.056
9074006.322
9779916.482
2686721.267
-4988406.600
-7649475.783
-3816409.955
3593490.752
7046226.690
-3912229.358
 -2634.677
  2142.587
  3159.485
 -1942.653
  1684.587
 -2237.230
 -3138.240
  2668.108
-36481.328
 22737.105
101266.823
-70675.598
 19007.365
-11397.417
-49488.995
 31815.276
 65104.529
-11418.929
-90699.447
 52278.927
-86162.084
 12397.388
-578577.558
  -125.938
606659.451
-488638.602
21768362.881
14382733.059
-43519.516
  2452.280
213697.313
 -3083.738
 20099.570
-22604.763
-512979.291
237517.378
-68538.163
-14837.688
-113498.524
  9466.374
 76338.679
 -3164.416
-13988.739
  6023.470
-54890.529
  6405.029
 99349.088
 -8110.755
 10947.244
  6213.473
 65137.624
-14276.227
110907.796
-47470.748
 83993.506
 44035.778
 -8150.874
-36200.896
525128.860
 12287.100
875567.074
-60945.895
-1035636.508
 26649.256
-13375.335
 -1078.842
-58545.959
  4587.626
-71790.400
  -196.563
-30334.650
  -553.904
 37169.527
 -2251.895
112105.171
  2740.805
-22174.121
 -1348.718
 28048.781
  1195.101
-283554.257
168138.195
763334.895
-84451.860
-104690.188
  3348.942
-210908.061
 84408.794
-693022.203
-206543.941
3226892.388
106401.378
-829507.702
  2765.478
917182.023
 -4747.871
-148330.609
 35603.328
-144177.170
-16256.991
441403.847
-765592.752
11900592.358
-16901362.614
5957732.832
11592647.878
-6044432.080
-11342666.493
571097.042
10591091.367
7208062.092
-3368812.330
-9887160.513
-6492828.539
2605920.614
8833253.792
6617197.662
-3597207.230
-10710908.035
5902866.594
-19039.551
  7692.299
 42921.212
-19464.230
-50151.553
 27571.391
 44848.315
-27001.246
 71765.985
-40599.623
-78068.862
 44466.874
121299.405
-63980.795
-422006.959
237195.348
-57162.586
 22061.865
268529.518
-140027.234
-55608.421
 35229.209
227346.780
-136089.849
 32893.454
-37173.034
  5535.146
 10967.653
-682813.436
763137.410
-36610574.037
-39454880.829
 50236.044
-27571.819
-48522.881
 25674.432
-146800.330
 72703.597
3415332.257
-1855146.366
-20220.605
 18304.930
-18645.836
  8792.578
 -4060.490
  1579.699
 33591.159
-24466.659
-15490.677
 10418.533
 31087.593
-23777.147
-36434.631
 21148.914
 87647.439
-45735.791
 98249.414
-86452.732
-142223.469
109927.648
 31278.970
-13711.285
-30171.964
 10814.777
186027.559
-178835.071
-156580.051
134043.060
-20461.819
 14376.200
 71128.261
-46172.821
 -7083.651
  9645.714
 18111.509
-14823.325
 26496.117
-11793.661
-12035.568
  4429.597
 50543.794
-27776.239
-14876.798
  5872.793
195652.443
-148982.990
-131598.982
 97120.362
282834.456
-1062707.618
-160166.060
-798612.446
-187304.335
183445.481
132202.308
-117781.696
-86082.681
 46768.126
 64125.253
-31662.387
102581.763
-74174.836
-84544.654
 52910.311
-113759.677
-1503253.859
2194432.401
5901585.365
3883136.372
2379548.657
1044858.259
322978.508
-321686.474
-776375.543
-1033035.364
-1198159.001
-1381515.869
-1553807.907
-1343577.322
-1520399.179
-1540921.020
-1479286.081
-1764316.393
-1684000.655
 17358.834
1351920.294
  -274.635
-1058470.675
  -184.590
105386.489
  1104.804
 -1705.736
 -1092.788
176181.896
 -1252.505
 -3951.003
 33516.823
-3689792.859
 -1167.505
958305.082
 61328.740
-3076492.807
-73530.815
119704.902
-31802.588
1911782.770
 25534.763
-62960.171
-18728.637
442943.003
 45668.917
-14921.715
-70826.646
18341658.728
 22954.121
-7668005.256
-153224.802
-4034099.693
-30560332.536
107314625.482
-13013.234
1073601.406
 12149.632
-801749.726
229556.411
-12849751.040
-1032422.790
14910695.870
 68640.994
-9826039.766
 24184.189
6597120.031
 -8656.120
293190.658
  9121.706
 12554.163
  -473.780
 -7394.924
  2437.362
  6634.838
 -9363.867
789584.585
  4458.462
-40853.915
 16755.386
106523.064
 -6944.604
-16417.057
102389.565
9161044.678
-49401.811
-1560778.128
1130166.448
13607154.567
-648289.027
303413.955
  6882.528
 -5345.326
-10087.588
  8182.144
 40598.321
-675476.626
-20462.755
234652.786
 -4859.079
-718392.589
  6466.120
-291473.641
-17751.315
-48748.667
 12331.502
-155304.061
186776.514
-34788046.441
-89447.726
17654515.937
-148620.565
-1621238.138
-85781.707
-1683159.903
214754.497
-51171494.861
-146099.986
29491300.617
-21610.233
2345983.580
  6414.482
-186909.204
-361603.915
-862229.156
146526.214
865153.458
   816.432
-390559.058
-5964151.830
-4631877.211
-4843132.950
-4477639.732
-4460197.036
-4362166.430
-4504680.216
-4504239.288
-4504237.930
-4504237.518
-4504238.652
-4504237.767
-4504237.163
-4504236.608
-4504237.772
-4504238.009
-4504238.085
-4504238.841
  9947.936
17215123.647
 26853.958
-3841264.068
 42284.714
-1073974.898
-32365.026
 95669.269
 40355.918
-911059.640
-18020.707
 45047.628
 21157.988
-831436.313
   233.518
 37470.087
523459.121
-6129873.909
-188838.143
11793709.028
391313.306
-113435.437
-538847.228
150363.661
-307529.715
 87633.273
383910.137
-99399.222
-170388.829
 44704.167
324309.685
-79450.388
114298.462
-31049000.894
-33495.089
10292047.125
1340519.981
-18942279.365
-1715731.646
-21410693.977
-24109.403
 10509.326
  7464.323
 -1275.802
-152295.315
32426567.021
1313729.396
-20274192.524
-621939.208
67119627.972
230166.434
-23009533.160
 -7500.777
  5639.405
 31148.282
-19203.492
 -1818.664
  5549.419
  3710.615
 -1454.176
-126299.336
14943308.675
 33538.094
-2635197.818
-76482.660
831017.818
 63825.411
-35927.233
-457252.208
-2507539.098
168520.242
7294409.040
-1452679.732
-8584373.401
810686.289
-12200792.766
 38118.828
-21033.002
-77532.563
 38403.491
-23941.589
2059324.742
 19933.624
-105332.831
-32586.628
 15094.708
 79192.565
-29080.757
-85931.184
11626299.019
 60664.165
-5634185.487
1205475.118
5065071.772
-426069.959
-8725488.575
 91189.075
-593515.431
-179759.050
-573218.828
-256860.883
9087725.478
-60125.981
461638.655
-418113.988
28495413.263
 79862.015
-2709446.197
 -7730.209
52747015.513
 -2422.579
-16815310.981
856645.729
-10339053.022
-3334025.030
2124681.531
2178368.897
1865103.511
1607945.325
1474872.761
1627436.579
1634969.621
1581094.804
1624515.139
1732124.451
1673413.687
1678079.866
1732124.178
1696108.689
1565047.389
1678079.613
1693355.187
-15761.536
-4984499.838
-44004.265
6525312.268
714654.976
-14622787.732
 33549.918
-9632664.990
 62328.238
2220689.536
 38195.693
-879364.575
399477.928
-3365259.148
155027.695
-12697738.119
100740.657
-2886614.785
-28475.775
 83305.185
 23253.650
881399.765
 31947.818
-100597.418
-666630.143
21752594.931
607043.660
-970385.984
414666.272
-11191302.566
-444927.726
381879.138
338379.554
-11269653.499
-390621.944
705493.717
262049.234
-35381029.250
-156601.419
16556891.791
139424.098
-962567.764
-2218912.698
-48248713.588
126540.248
-219239.749
-53821.389
-160816.098
-121989.741
24094833.298
1005087.716
-15171677.919
249856.196
-21718122.217
-53146.989
1665391.729
 22747.177
-819372.934
-26118.564
931272.751
  5300.583
 -6494.655
 -7137.946
  3906.971
 43800.163
-2307279.169
-35777.550
166924.906
754644.818
-3545824.893
-611215.277
-7478411.399
156744.698
16234225.523
-107413.655
-3336441.862
-3470490.252
-3362500.266
1620665.220
19541311.774
-55695.531
4855732.980
 45982.747
-2032313.710
 14593.998
-399164.104
-11842.941
 21388.392
132680.642
-8881857.133
-144809.673
8976441.331
 59131.277
-4299020.985
-29018.303
606572.973
-1337829.647
41443438.389
450235.157
-7041018.304
 56570.954
-10545538.114
881685.892
-10263009.581
-323073.379
31403566.358
587313.342
-44984460.198
303007.278
-19941243.160
-69919.693
3670410.930
-368561.211
17839158.050
201495.882
-9736952.678
 86221.348
590979.445
2163221.691
3604372.259
3116533.434
945063.546
-2852257.771
-5474620.278
-5593205.749
-2694875.149
1789601.402
5329908.421
5989754.543
3511374.902
-723868.497
-4253390.152
-4757500.429
-1999164.664
2464817.901
1711143.334
 -9576.588
-46252.267
-1465804.865
1890208.561
 57049.234
114329.122
-812808.568
-134212.330
204048.852
 94538.873
-41131.570
 -2360.014
-30727.277
175007.840
-100412.833
 12662.769
208391.904
185933.004
-86859.618
-127700.678
-68014.775
188096.438
 27031.793
-54485.449
 32611.355
190998.220
   -24.475
-14643.827
 50142.592
-182718.487
173365.011
497964.248
 -8319.729
196860.703
272607.955
 66039.842
 97729.498
268596.784
-589863.499
-255410.344
-252142.404
  2465.894
534681.979
-178684.602
1613552.484
207407.771
-8661115.247
-12384924.680
102405.600
-115232.880
-122008.788
 29603.539
173674.698
-32894.035
321855.574
474499.024
293937.144
-320212.006
-168800.579
116720.349
189807.818
-66112.071
-31358.478
-162940.869
 48938.953
-26663.408
-108999.908
 11126.550
  1622.984
-52546.037
 20551.619
 69781.218
221549.077
 91348.425
-24830.917
-74563.130
-121985.997
-35115.510
-187446.803
 -6674.377
1872611.536
-144327.362
-2427940.060
-437931.756
 58177.126
 21752.974
-479262.191
292192.304
-121619.741
 58746.703
-16523.362
 37909.804
267846.246
-29179.945
182492.846
 -7786.753
-205744.579
197532.576
 75670.570
-20864.249
-723096.620
-46266.344
2119753.720
585596.582
339452.649
838675.745
-223859.489
797568.928
-2141670.219
-764896.480
8581526.895
3250383.041
-1677265.424
-991012.125
1235771.275
830951.599
181112.690
-204452.528
145469.638
-25602.874
-338436.594
1810991.604
-94627.716
-5634732.523
-5427926.232
2794503.100
8693126.678
4821469.632
-4851426.434
-10365055.668
-7043495.024
1691816.641
9194240.580
10659405.710
5801600.655
-2684001.831
-9863645.876
-11698978.065
-4440614.147
13842417.802
-568462.463
-505539.078
-49305105.135
145784329.419
-108052.368
 39616.254
-1437221.754
3155982.392
130166.655
  -954.084
-599055.777
 21374.335
 27924.395
829396.526
-30490.640
 10129.467
 69266.863
1051519.431
-65847.084
  7450.315
238090.336
1280751.145
-282997.752
 58069.028
 47257.840
707348.022
-33777.747
  5582.357
 67439.336
710370.037
-29389.346
  3903.897
224003.405
 12272.859
 63858.227
-108462.161
-107967.290
 -7213.971
682123.620
-77492.510
188219.319
-68390.172
-194437.904
 66717.583
-140541.072
 -5550.875
 29247.142
 76346.698
1884884.838
-460241.402
24982081.373
54910821.643
-107125.218
 33950.289
 -8682.501
 -9639.516
 44536.083
 10931.558
-179152.097
-108836.166
-305980.524
170875.916
 93915.431
-72479.509
 -5363.209
 30602.760
-201282.466
 49581.466
-23892.020
 11219.495
-14417.139
-11040.861
-79532.412
 11345.147
127926.765
-16859.378
116673.171
  1006.692
-31021.300
  3598.436
-146296.738
 32423.533
-91402.446
-11209.084
1916039.261
-336684.156
-2786393.087
384003.973
 49902.770
 -1647.612
 72974.903
-49269.571
  2953.805
 -9146.736
 59457.257
-23018.588
 51079.703
 17216.767
117842.550
-12667.139
128314.713
-52224.146
 45485.287
 -5511.520
-410043.434
 -3331.573
2039508.149
-239600.153
628737.979
1871937.215
 36336.865
2122035.045
-2658766.208
430101.816
8941963.821
-1256900.388
-2219348.237
322569.179
1627381.148
-215321.904
-126837.846
 36969.177
 34411.384
 38168.137
-514414.353
19745509.830
49526072.455
28755306.705
15768971.141
7433960.747
2872272.665
715103.174
-1152937.320
-2412224.228
-3235734.810
-3119696.655
-4597640.664
-4168899.868
-3123074.194
-3751915.274
-4210099.762
-4362052.946
-4839911.404
-3372666.411
-368979.329
20996500.056
21521841.161
-11433207.710
-191586.811
10123391.795
-44628396.664
31852384.748
 46236.757
-2052433.601
-6788157.253
1101692.213
729142.839
16845821.547
-386596.504
1762823.184
-736207.498
16476487.394
-76186.128
22491791.487
-106310.969
5008042.369
  3847.813
  8815.691
-511301.686
32582114.367
144283.429
-16463578.592
-236720.390
4339389.811
 60109.241
-3474261.192
-66136.074
4036449.823
 -5748.557
-56700.249
150401.182
-10537213.611
-402342.443
985606.393
-116066.286
6358913.083
283464.118
-359475.082
-81327.486
4092853.669
250986.101
-328225.443
163124.979
-47769203.816
211837.803
-29286660.146
-563138.464
12060408.946
24438467.138
67119160.377
-156306.117
14991758.399
-112108.131
40152885.138
-857934.026
99217363.252
7668792.497
-29273658.025
101009.961
-7083183.015
190441.878
-51587269.806
308340.630
-52574710.467
-117018.811
12032079.753
 18032.634
-102376.511
-46584.321
 22915.374
205471.586
-35739922.272
-106617.663
9552893.258
286468.277
-19895761.688
-289106.765
421616.580
-317963.178
-184373.781
131110.939
10232624.086
3365691.323
-10287741.467
-1508042.796
-37761161.511
 91344.729
-9452824.901
-48855.432
827913.934
 67778.086
-10047610.245
-60134.562
456707.584
 95330.570
-8563381.476
-32973.750
2295913.361
-73524.195
5390379.480
 45457.119
-2531191.891
-1272666.013
-10003023.980
733582.657
-23571454.345
-343261.461
19800717.880
-773463.277
20012825.323
1688399.744
1942680.557
-756991.447
-192297.574
-86955.375
13772420.236
 36055.168
-2595707.799
1097786.264
-16427507.182
-322533.179
-19718871.337
-69093.595
225001.536
-1980847.199
8324889.129
-19505730.755
19836939.629
2960950.990
-12891219.327
-7969889.572
3075609.659
8588921.116
7607770.076
2588544.694
-2247527.931
-5725257.413
-6301056.003
-4800588.923
-1595442.848
2586324.823
7178117.300
-20274.085
 15783.476
  7829.983
 -7990.062
-29958.004
 -5687.748
3433866.301
929810.692
 67772.249
-17281.488
-14629872.351
5935760.398
-44090.212
309900.834
2341157.650
-5181056.497
-32609.184
 25777.662
 23881.892
-24992.989
-57642.987
 96476.055
  2862.874
 -4148.512
-67460.453
145984.229
  4888.883
-10250.622
-47097.638
 58073.853
   404.733
  1192.094
-39385.325
 51429.685
 -1145.868
   372.559
-42429.712
 62586.445
  -114.588
  1034.833
 40027.748
-43471.638
-39811.790
 38416.149
-22855.471
 29555.813
 28241.942
-34347.638
-20245.266
 17952.706
 30450.867
-24510.850
-12300.640
 27484.533
 17672.347
-33857.737
-1030748.450
982004.404
-16335031.111
-39277461.573
  -590.470
  3553.632
 -3638.453
  1743.137
 20878.545
-28541.321
-722330.580
362914.149
  3376.341
-12105.052
 -6933.784
 21846.383
  7514.247
 -4091.739
 -6550.853
  2346.598
 -3748.962
  2090.845
  6866.595
 -3099.089
   845.179
   994.877
  1412.478
 -2641.353
 60973.756
 -7621.971
-62052.445
  9811.776
 12167.718
-22504.660
 -8687.546
 17429.894
472438.671
-838392.419
-239667.353
457235.049
 -2109.531
  2494.984
  5739.278
  -831.931
  3798.792
  4651.534
 -3651.283
 -2829.825
 -1936.087
  -489.246
   -93.462
  1460.675
 -5553.104
  7204.839
  2032.769
 -4470.190
102204.509
 -9542.146
-69062.103
 30919.532
-184871.367
 19589.333
 69137.015
225275.259
 -6508.481
 -6416.877
 15221.733
-27130.411
  9937.347
-10225.825
 -5185.905
  2691.552
  1364.635
-19907.213
 -1065.943
 12002.320
 54843.143
557112.100
-21165667.627
46027902.278
-29697989.106
-26830580.877
15680174.463
29935560.560
10578232.215
-15232074.929
-24693034.538
-15280683.294
3235842.658
18016977.617
21028909.810
9811742.425
-7496834.624
-21081057.325
-17325362.621
20667673.442
-56169.174
855595.106
 30705.602
-121562.460
 25878.755
798523.694
-62677.124
420406.298
 93703.044
-60913.244
21967833.109
-8042016.208
 46680.390
 56968.684
18417405.444
-20095861.060
 36396.616
 -6999.005
5327248.942
-2697707.789
-105627.931
 81168.113
 63315.299
-43797.257
-103434.089
258659.013
 64845.580
-37093.026
 -7028.880
210500.602
-39517.717
 20462.743
  3192.644
175568.412
-44043.419
 25673.639
-53780.903
182822.472
 29357.491
-17400.050
-37058.375
209087.799
  5672.026
  -255.109
130917.237
-68062.838
-558007.204
285156.551
-62757.044
 26320.615
284022.173
-129666.076
-90117.192
 55323.220
518394.356
-287824.890
-34068.332
 26520.511
  7158.170
 -1644.613
1498532.876
-1219664.577
-12387969.901
-23399530.723
-16921.553
 11637.590
 13023.925
 -9988.012
 21982.133
-20051.192
-872849.668
613755.001
104793.711
-71776.118
-94714.743
 65742.114
 48510.603
-30209.584
-63170.234
 44181.122
-17814.528
 14964.001
 49846.385
-35378.248
 -4526.487
   221.700
  5127.381
  2605.784
 31701.709
  1607.616
-15848.458
 -7387.714
 78943.134
-57708.966
-68066.467
 45965.760
1850390.483
-1534506.894
-976458.265
793751.506
-23521.228
 11185.479
  3429.762
  4191.700
  2033.934
 -1710.950
 32936.116
-16954.172
  3333.108
 -4280.469
-19578.035
 13335.832
 -6875.605
  6688.945
 19623.708
-17423.564
-788935.957
602925.329
442779.938
-310382.976
-725670.053
1028727.603
-196102.899
968638.424
390410.927
-256247.663
-230354.578
131371.883
-12644.677
  3686.887
 46261.722
-20471.849
-206037.923
144018.153
125209.837
-77073.420
-528144.920
-1139647.153
6563316.126
17366954.853
-4818215.541
-10274078.088
13855842.224
-7590013.606
-1762809.963
9157690.746
-11581120.000
8841259.967
-3367600.966
-2541221.122
7539818.400
-9227091.615
8011894.982
-3428973.340
-3270336.139
10566644.039
-2497709.537
-7023663.288
24102688.561
2346027.463
 47587.087
-727322.385
177615.329
-129819.983
-674663.480
-1248141.180
-675755.087
-1142227.685
-935794.267
 88080.552
1452830.179
-433240.104
1907772.592
-1611269.438
-14370679.575
242663.711
490239.177
1777590.209
-2045117.201
-831020.707
-6205913.950
-9090728.906
3629506.413
5503029.486
-494770.013
-95742.198
 32560.868
-930663.726
-238666.331
-74081.328
146578.391
-56275.768
 21340.486
-990974.572
-254845.985
125800.454
-267051.847
-849207.158
 92119.248
395470.151
-414767.236
-1215517.253
364983.445
698207.178
5231923.361
5115023.476
-5283162.270
-1689586.464
-3892505.121
-5832244.467
2250175.559
2406766.551
-3496169.568
-2673404.495
6348124.186
2641365.556
1822911.276
-21984.627
-513155.173
500320.562
-1852157.753
-64070811.368
-29050006.820
27966803.680
 13101.377
-418042.871
-185471.674
149558.676
-302603.715
-540281.713
-318751.833
 -5830.666
3753131.942
7208791.695
-3328426.083
-5658167.064
  8617.514
349005.840
-393456.572
-678349.525
-328957.432
-724069.185
-201232.068
-142786.719
-96243.830
-98015.223
344134.241
706937.102
-3014667.303
-2493464.336
2720657.492
2328692.852
-1112879.997
3811956.083
854620.417
-1562258.332
25082657.767
36668732.343
-12410035.292
-17602769.963
-224635.036
-646441.729
-154530.613
 65565.799
-262269.084
 73073.008
239197.564
-313928.064
-202668.225
-259563.398
654157.595
1083583.743
-209530.055
-1778695.292
-16528.277
1256335.367
-23554995.022
-20115674.690
11813890.877
10270295.370
-591558.712
-1026390.684
-510577.011
-1099708.078
10354667.333
12302069.734
-4622968.884
-6206116.873
1114451.606
214845.914
-385767.747
193172.913
-821129.331
-2503366.553
263416.666
694535.760
-368014.720
  6310.441
13905086.093
10463512.959
-12159511.043
7764688.592
-2975682.061
581254.790
674792.558
-1435756.378
1928573.394
-2173709.043
2038924.239
-2059036.766
1906417.744
-2185111.767
2128345.497
-2410892.252
2073421.558
-2077044.394
140031.319
887648.414
-473015.405
-2312734.843
-314190.108
1803503.697
7161145.669
-243534.189
-1203742.381
-980859.612
575587.822
4518888.287
-20874.111
525577.472
798737.170
4157743.535
1472338.295
3853637.527
-4396259.774
-2978710.615
-1301459.646
-1249834.698
16866321.794
555499.227
-76913.774
1463946.734
773089.929
-910447.071
416273.364
-4785524.787
-193015.359
2335052.908
-234640.611
-307054.842
-27350.433
725920.551
-129463.250
 58135.732
-94156.280
-17571.707
-417964.193
-53269.290
 84847.938
1106543.980
-168101.993
260717.636
 27590.310
-20373.575
-245544.531
100164.019
  9343.751
 67420.190
-2487465.879
-17871820.308
2556467.269
29423431.581
841158.424
7924827.026
-82339.696
-7353387.459
2126981.083
10724664.134
-3617925.048
-23209224.298
-996976.049
-1135953.351
 64309.119
194450.233
814945.140
2339674.929
-11524455.867
-1311195.225
-106112.183
-663516.529
183322.327
357116.353
284093.857
-859164.272
-26608.113
243428.960
-883530.270
-6209665.781
532637.288
5363459.050
 38599.080
1395762.643
-11858.378
-1162473.969
 60857.678
-408728.629
-19705.363
438635.598
 86558.685
137597.968
-70231.633
-421095.106
392568.352
-1903757.034
-405178.034
1745490.609
-58457.636
-6244596.849
-65314.551
3116944.520
2264448.595
25634303.736
-1388706.381
-13039310.001
-10090.324
270116.357
 22885.878
-131821.958
-29099.513
-657283.578
-10522.554
251460.393
121022.771
907661.833
-99195.903
-528428.706
171310.328
570442.520
-63306.588
-112952.532
7851040.845
-2234300.348
-4025046.232
787831.931
-477493.979
-165366.970
-470794.643
-58197.664
-4561177.327
-23859909.745
2318555.013
12537375.553
-312017.863
-929241.330
 97148.716
239527.872
 78200.917
1283903.965
 57189.896
-519052.675
-230867.012
-126553.681
-2633502.177
-3666724.855
2113792.139
-310988.702
-726482.578
1629973.093
-1124354.520
707004.818
-1102471.165
275955.220
-114624.862
-38900.171
 30005.884
-813235.377
540332.648
-399010.745
885378.895
-556548.640
917147.723
915902.234
-567064.134
-565502.214
 21077.770
 22055.846
-39639.266
-40238.225
-1066307.669
-1068350.980
10454840.801
668302.951
-106285.283
-54231.694
 98150.752
 86678.837
-105031.556
-83533.049
-137733.075
-96566.292
-200922.055
-194191.456
187811.226
 54916.339
644582.309
636693.166
-1263690.935
-306991.039
-20150.774
-21319.457
 98050.110
 55941.872
169117.819
174480.634
-136422.808
-138728.934
-152177.093
-110506.337
 17003.602
 16580.998
-176017.607
-148011.174
 62471.541
 64945.828
-106102.943
-72122.073
  -824.929
  -582.316
-71756.451
-47553.273
 -8126.647
 -7629.280
-146321.126
-110945.351
 -8647.191
 -8749.562
1509356.472
1525809.477
-2881507.678
-2903155.128
-879119.740
-885963.807
1628058.853
1638723.332
-746414.750
-757228.136
1824636.089
1837979.028
260680.891
260865.111
-96775.452
-95579.423
-819800.127
-845093.907
3965447.072
14295393.718
 19661.921
 19644.978
 10987.677
 10791.458
 -7536.772
-11175.987
 18599.615
 20642.819
-224441.848
-224686.840
149467.413
149340.978
-143512.899
-142599.432
172503.027
171637.454
 22166.769
 20439.579
-27696.419
-25674.755
-16626.128
-17539.303
-13736.378
 -9785.359
139395.185
141318.123
-149998.004
-152106.856
 45829.547
 44469.217
-22995.857
-22050.852
289090.926
325964.738
-273195.936
-288409.561
-12233.443
-12239.088
   490.941
   388.481
-25354.386
-25043.536
 28664.526
 28025.201
-43104.004
-43486.266
 50198.339
 50689.478
  9205.987
  9241.065
-23147.421
-23308.457
2887252.232
2851039.577
-1444287.566
-1429098.924
-127798.716
-155161.910
-193503.348
-330101.004
-593543.992
-548923.926
371577.930
351206.371
110093.587
109304.246
-37239.292
-35861.130
-590338.476
-598922.760
300558.100
305231.453
-2570684.427
-5455805.775
8441510.456
22912759.735
19071555.242
-6903268.253
-30715813.424
-32291183.203
-7191583.592
23508637.379
40582911.657
30774974.020
1689361.055
-31594964.220
-45212274.497
-29519812.865
9766885.747
47035969.546
45554873.234
-47682641.678
-93165.840
-85587.299
-161958.989
  8014.397
134273.176
-125106.943
271397.669
-228740.367
 -5384.270
  4448.139
-68268.558
 65253.109
-189514.852
 65446.476
14074404.216
-4070513.996
1048237.503
-62099.683
700122.306
-814052.584
-464384.651
197792.488
-71973.939
777307.032
-182083.140
112773.350
-5256111.816
690620.054
290116.537
-138077.064
-24883640.966
2762450.597
-20418.916
 17583.631
2291408.471
-248744.155
-588209.395
510392.871
-773519.190
688025.807
-1326799.960
-3161768.224
675174.753
-514719.737
-1612658.127
-4027904.373
271678.377
-227197.569
-1578534.093
-2992828.840
319883.695
-257230.714
-1043669.051
-2582568.405
600146.742
-475084.605
-1089440.817
-2830567.886
-289490.180
219719.127
-311749.898
240198.688
 14383.717
  2125.903
-12276.376
 13325.527
 13542.600
-17718.093
 60025.928
-43881.775
-268501.772
181618.233
 32483.986
-40427.746
-401844.715
353399.181
380359.341
-186009.275
-3787533.064
-36026578.526
144188.576
-120130.918
167428.081
-140045.662
-45054.386
 29857.855
-890641.615
331227.190
391316.252
-336809.565
-117756.257
103680.901
-630622.653
535631.587
-154935.930
134594.630
-82595.020
 62197.839
 69152.604
-49889.335
-98522.402
 83417.087
 15553.515
-13372.049
-257419.969
214804.525
 92372.606
-77873.758
-349288.903
305096.787
194389.386
-166141.539
 44775.886
112973.884
136526.043
-197618.223
107160.451
-95406.961
-82752.447
 76131.137
-36412.204
 33345.632
-107334.887
 92611.570
 73649.761
-59505.680
286040.986
-225400.111
  8529.687
 -9499.808
  1883.499
    70.784
-246224.293
259732.573
 49495.600
-63867.808
117439.581
236919.893
-1194276.134
-432357.829
-99021.532
 77920.574
1865476.151
-1592854.774
-394396.673
331773.856
223671.444
-182519.980
-265256.271
234590.514
-427508.720
352299.054
-1393198.495
17967382.916
-16562080.492
2724618.596
-16749783.452
6250047.181
-10122554.419
 95450.478
1294398.975
-5690625.442
3951038.333
-5929451.323
8022288.595
-5576406.817
6062019.622
195755.974
2846409.075
1879140.571
-2756589.610
4665603.626
 71854.056
-18754397.027
198867.123
-211382.080
-34620649.736
6979688.171
-57815291.361
-6573980.145
2556117.068
-29062148.389
-1453846.662
-1346273.139
-47842.352
-17001997.020
 65917.285
10850750.566
813703.769
-12996621.223
-8253108.211
3251437.738
232586.796
16657467.745
-171075.882
-20093730.858
1258128.513
-3749830.418
-334396.998
-27580912.269
 78063.303
-10659273.006
536565.044
-1368000.974
-763032.266
6620629.325
236943.044
-13010782.010
-108233.194
50514997.071
 61234.830
-21750845.577
-299526.639
39177143.300
 86620.120
-9053265.639
244523.002
-19448923.197
 11644.059
28419392.228
147517.090
9268291.131
 49488.738
-2490092.634
133678.400
23053610.335
111064.720
-10796661.297
113920.307
29603386.364
115309.189
-21478001.257
431615.782
20355268.269
-185840.000
-14441047.563
-1131872.072
20617929.053
728195.068
36942175.728
733415.166
-3561122.217
-383510.605
-19261778.775
530872.345
-16425398.618
-533548.022
-20512905.268
447693.098
-15077387.409
-351190.258
-2698275.932
-336671.956
53969718.757
43809380.096
-29391646.906
-18542.361
-189396.559
 87163.892
-664011.907
 27231.621
-128092795.278
200656.558
51226069.666
 99802.283
68340347.106
 83605.187
32573870.351
 35474.372
-1246425.976
-160219.508
-3410061.082
-169139.063
1446113.840
145121.000
14001591.377
 35054.936
-16723102.867
 13302.936
6275432.570
 98693.104
19237848.261
-66257.706
-17400793.284
614361.035
-26642003.287
-247615.438
-6077145.845
-7702057.113
-6568781.738
3751023.551
-13754525.307
 25748.388
-6260238.926
  5277.475
5246261.445
 26442.649
28829576.027
-40934.566
-25079127.776
-41749.635
-18691710.691
 73614.177
7245236.133
-23169.094
2842681.838
 -1806.475
1971055.342
2999739.195
13343869.920
-1597444.574
-2738024.261
805625.680
222254.253
1028064.492
648614.794
-2598439.466
19711811.597
1243993.220
7474200.660
-79267.358
6725851.508
 -7832.043
-2158866.959
291516.585
-67774928.818
-177727.699
38743725.396
 59741.091
-5613106.879
2013094.251
674548.966
14035651.590
-11492489.427
-9696389.503
3801418.324
9586764.680
5455347.276
-2257894.890
-6444928.513
-5816787.279
-2005284.807
2890921.293
5067418.892
3340190.852
-379149.178
-3399462.068
-36396.997
-214603.138
185088.406
-215416.847
186169.923
 44325.118
 87710.279
-150894.395
322895.172
 93526.490
-183911.000
592032.720
-786137.140
 71526.435
-27553.350
-41700.305
139911.856
  2296.469
 -2613.699
  2109.814
-40753.776
243832.167
-181215.452
-35521947.203
21642865.962
194462.466
 74438.487
-114620.121
371835.779
-287303.378
-143534.378
226390.612
-241788.579
-220188.694
 71692.539
15534574.965
-7141176.897
603533.714
   761.338
-81137532.197
14933212.694
-187619.491
 87629.360
17559269.751
-2074012.021
-40881.006
-162871.356
 25412.941
-266211.439
-51774.420
-2393719.082
 -6440.281
325709.163
-57298.476
-2302724.435
  1791.377
 97201.326
-58811.296
-2552111.037
   592.578
156127.115
-25437.222
-1626899.850
-15373.619
252670.113
-45298.066
-2093629.268
 -8280.558
-125671.023
 29070.588
-147112.609
-10435.772
 -8105.470
-20502.730
  6261.109
-18401.555
 39207.207
-19923.894
 40200.844
 -4563.948
-106395.141
 26737.900
-18457.940
-13364.155
-126504.137
-279396.210
405325.277
-31168163.297
-51993725.585
 -9316.133
 63451.718
  8029.907
 55486.969
-46260.166
 15086.029
954535.414
-956779.603
 -8485.075
151671.047
 11222.064
-58503.109
  4772.715
-241055.599
-12064.461
-45088.091
 -1081.732
-34538.216
 -5265.419
 32509.591
-15110.794
-32346.178
 20865.863
-10976.678
  -801.516
-121835.254
  -908.366
 53433.235
 -8500.436
-126819.252
  6030.021
 74008.940
-971275.684
1020627.467
498140.171
-461977.589
 -6956.176
 47513.982
  9535.829
-43672.621
 -3895.729
-10111.212
  4934.829
-49193.892
  3021.953
 26540.911
  -735.061
123650.385
  7641.491
  -961.651
 -6451.862
  4058.902
-96725.927
-18079.731
 64025.127
-28263.559
405478.615
-227285.640
 95688.757
-308495.197
  8773.976
-28958.974
-19504.642
686296.786
-27337.944
-124570.294
 24728.445
 65824.387
 80833.453
-174559.467
-50639.656
-95106.277
-53238.643
17967382.916
-5332987.117
2724618.596
9455493.198
6250047.181
1621789.792
 95450.478
-3863748.399
-5690625.439
-7920839.981
-5929451.323
-8060936.470
-5576406.817
-1056278.810
195755.974
280508.318
1879140.571
3724841.414
4665603.626
150226.292
-34542592.549
-70696.490
12781948.528
1087404.272
14137203.043
1116860.866
9532509.255
134795.270
-18754397.027
 -4365.536
-211382.080
72635347.488
6979688.171
113215680.646
-6573980.145
-1977522.525
-29062148.389
1266272.763
-1346273.139
296912.848
-17001997.020
-343449.616
10850750.566
-613129.003
-12996621.223
9963900.764
3251437.738
997004.203
16657467.745
-351994.289
-20093730.858
-22264.083
-3749830.418
 68160.039
-27580912.269
-1209835.061
-10659273.006
2618272.444
-1368000.974
1472236.316
6620629.325
-419701.268
-13010782.010
-773594.193
50514997.071
284855.758
-21750845.577
310144.518
39177143.300
-84259.449
-9053265.639
871879.193
-19448923.197
-259245.796
28419392.228
911987.017
9268291.131
-276442.731
-2490092.634
584798.295
23053610.335
 41549.332
-10796661.297
584748.811
29603386.364
 24880.544
-21478001.257
415192.802
20355268.269
187774.945
-14441047.563
788411.185
20617929.053
-656979.063
36942175.728
-596015.153
-3561122.217
455465.788
-19261778.775
-182773.312
-16425398.618
180525.437
-20512905.268
-250109.059
-15077387.409
232071.265
-2698275.932
-68625.995
53969718.757
-28128151.482
-29391646.906
 61634.437
-189396.559
-154335.449
-664011.907
273056.754
-128092795.278
-598466.532
51226069.666
 36253.545
68340347.106
-672279.689
32573870.351
 75203.805
-1246425.976
152765.222
-3410061.082
451119.392
1446113.840
-677283.982
14001591.377
114429.884
-16723102.867
-42327.249
6275432.570
-349911.337
19237848.261
290358.716
-17400793.284
-1639474.878
-26642003.287
830896.452
-6077145.845
728756.976
-6568781.738
 49539.967
-13754525.307
 39843.186
-6260238.926
-107007.833
5246261.445
-206691.344
28829576.027
187335.884
-25079127.776
 74354.776
-18691710.691
-108067.677
7245236.133
172568.798
2842681.838
-141146.574
1971055.342
-6370998.570
13343869.920
3206220.534
-2738024.261
-893468.647
222254.253
1128196.683
648614.794
5511857.968
19711811.597
-3138105.010
7474200.660
-61622.703
6725851.508
 58697.574
-2065464.338
-1153697.444
-67707538.259
826430.888
38959424.177
# -----------------------------------------------
# 
