-----------------------------------------------
Weights: [  2.85871874e+03   7.59346882e+01   5.18793804e+01   1.78418914e+02
  -2.64128132e+02  -1.46536692e+01   2.36030607e+02  -1.30752894e+02
   1.62517967e+02   8.86301514e+01  -3.80251896e+02   7.57669770e+01
   2.20656378e+02  -3.02549508e+01  -2.83792494e+01  -1.04935055e+02
  -1.33114856e+01  -3.51317512e+01  -3.48071347e+01   4.28548071e+01
   8.18723003e+02   2.66698030e+02   2.13056223e+02   1.35849893e+01
   5.03457471e+01  -5.78434909e+01  -8.49121448e+01  -1.27684981e+01
   9.26031356e+01  -3.59932832e+00  -2.17276511e+01   4.25478162e+00
  -9.97064876e+00   4.39557599e+02   3.85208933e+02  -1.53332149e+01
  -2.19061198e+01   2.18240302e+01  -2.00663108e+01   5.35507609e+01
  -9.89650374e+00  -5.80178619e+02  -9.42752819e-01   4.63901761e+02
   3.27152914e+01]
