# -----------------------------------------------
# 
  2897.238
-227647.845
1540189.034
-1864972.541
-497578.371
1638207.287
1563484.868
-92942.134
-1411605.162
-1368348.220
-246791.961
943291.039
1372211.745
813068.453
-262532.895
-1146260.180
-1192931.823
-285186.043
1013718.852
1413508.753
-1075859.849
-124991.172
 55758.192
-126329.162
361760.805
-382314.181
 75247.355
389453.210
142878.761
-281979.795
-498475.166
-370391.952
 32670.854
486672.048
720085.760
580771.412
 62433.731
-627876.893
-1067031.661
-681022.648
1225905.573
-61246.188
-731194.772
680299.766
650817.569
-413696.038
-1081811.786
-752411.517
156028.282
894035.410
953295.105
378292.102
-425719.981
-975288.855
-985928.302
-460058.040
358611.509
1059497.127
1217626.428
445650.351
-1528700.335
-15571.389
-14637.857
-15722.864
-15018.016
-16906.531
-15970.535
-14778.783
-15452.144
-14923.259
-14351.028
-16174.444
-14796.501
-15325.080
-16070.954
-15820.083
-15766.310
-15764.769
-14510.189
-15160.870
-15019.747
 95262.042
 95281.573
-239137.476
-238768.431
 95594.439
 72570.447
 73424.577
1345603.937
-841221.145
-549286.915
764336.488
1306569.432
772141.253
-212729.642
-926630.262
-1006579.399
-520852.932
197741.895
768416.215
939974.268
663905.036
 91713.936
-507515.092
-846288.448
-721451.687
-89434.464
893215.000
1255690.409
-1061540.967
-373442.846
112843.393
320717.745
  -583.983
 27853.011
 15336.206
356163.910
-176530.462
-13359.807
-267068.936
-73682.123
 84199.753
-185626.745
 75619.459
437872.035
-3265160.732
2642201.121
1196431.415
-1475514.501
-1562735.219
-119935.675
1017609.861
1125930.364
468733.974
-339424.417
-805715.743
-743402.319
-259296.115
353612.875
724031.564
492195.575
-626838.142
-405261.754
370985.215
357205.161
-231477.943
-97513.164
-95003.808
 56705.025
 84016.990
-180588.254
-99971.487
146733.317
 82151.049
 28196.857
-72415.056
 71431.975
-68604.988
-65583.900
 19105.632
 -3834.392
 28132.244
  9958.267
 89622.938
-368301.804
395366.583
-1856849.469
1863849.737
428477.418
-1267726.055
-907155.705
280956.099
952952.655
797688.021
180092.149
-415065.304
-686516.299
-573368.311
-193240.609
240676.852
496065.687
363962.607
-315303.127
 89203.769
-367980.653
 89059.740
-368158.763
395548.183
 89448.539
395432.968
446055.835
-304641.554
-426420.335
132841.224
126559.333
139938.110
-17896.056
 16136.342
 97629.152
-83476.049
-63449.882
-56628.266
 72880.742
 35141.260
-48735.116
267282.860
 14298.668
-160318.389
-87504.360
 14722.345
 46544.807
 35452.251
 43298.390
-365892.838
2026263.520
-1581286.904
-930767.176
993736.785
1244113.268
175474.654
-848002.378
-1068570.960
-547363.256
231261.358
781148.735
839551.174
425349.898
-216005.677
-700674.593
-598280.416
500189.236
-766453.683
437591.527
619043.373
-55316.668
-85925.270
-188730.144
-67594.369
 23840.581
135848.499
 23669.804
135873.770
-88310.577
 23765.103
-88598.072
613617.324
-1950012.058
-258997.668
817693.818
837837.169
-15747.215
-182202.130
-98736.590
 15691.321
163885.336
-70748.665
 44484.924
-87947.924
 36281.338
-337470.932
386110.056
289149.770
-191332.439
-126694.140
-78088.407
 34832.782
-40867.997
 53961.119
 12843.732
-15510.532
-177447.224
-69031.554
 85681.667
139077.014
115732.883
 71727.088
 29921.370
-11398.492
-53155.022
-91181.875
-113288.295
-110055.496
-75237.532
-12480.481
 70146.662
159116.317
-24030.948
-31012.343
 60798.115
 37879.906
-55236.468
-43805.577
 10323.982
1402641.927
-1859633.610
-1115555.427
942659.288
943323.522
284459.464
-343241.784
-13750.062
 32578.795
-13896.130
 32367.822
  7516.080
-13872.966
  7794.368
-1031627.648
 52081.684
1071118.552
-136948.052
-66223.951
-391756.605
118019.908
-39573.703
-88249.965
 56541.679
 49225.689
 46713.759
-32457.198
-23536.463
198010.474
-193934.809
-219479.651
 42910.076
239005.615
 92683.861
-58509.480
-340502.017
243550.440
321130.311
-50504.290
-436281.400
-557118.542
-374627.188
-19752.621
313492.309
466804.633
376569.308
 94333.845
-240100.715
-459719.519
-441190.583
-164748.902
253614.701
565920.773
424463.007
-573675.301
-764499.371
 38089.744
3798302.178
-1823569.855
210720.191
-1993438.058
625785.306
2528086.617
-1927530.122
-2256501.001
1331624.736
385338.081
-353669.382
 18177.143
-1372922.437
-1726829.619
378651.613
2090430.696
562612.675
-171634.187
-656508.622
-340382.406
243393.444
-341040.524
243351.928
320461.274
-340435.820
320745.866
1660363.997
-1699669.135
745342.085
-1322666.098
1053343.783
148520.841
279324.369
-178831.032
-210360.166
914115.804
-379870.681
185492.945
-334179.778
 70005.909
-97986.522
288964.233
703485.936
-362927.359
-166242.841
-270693.188
 90797.687
988082.664
-2311881.183
2061215.674
 -7676.039
-1491715.852
-1012985.517
113340.378
822250.982
867808.916
483036.408
 -3880.851
-364015.336
-506285.347
-446311.011
-257664.916
-29605.431
156569.461
242708.419
192366.512
 -6639.735
-296204.597
373779.713
113120.830
-76051.655
-155313.532
-23682.986
 19078.447
-250672.204
214145.266
342558.902
-246747.437
-44576.697
-31400.275
 52623.273
312578.679
-279290.885
-497812.740
252415.121
 80447.888
240317.068
-86881.894
-801330.143
259405.813
 65879.918
229091.903
118364.167
163861.151
-196179.571
-57622.483
291470.238
-57916.190
291447.692
-177365.564
-57662.021
-177415.817
652334.540
-627430.760
-516776.891
332380.636
136908.759
 70026.351
-28282.451
-18659.232
-39510.422
-24003.659
 33683.797
 39390.559
 46891.693
-35793.637
-1307298.999
1847913.505
1069368.998
-903731.700
-578994.436
-234800.497
174013.446
1005253.697
-315041.553
-67913.734
-133477.996
-222288.360
-275604.420
-293907.996
-281301.354
-245908.104
-193209.319
-130254.649
-67796.181
-12568.010
 32472.113
 67703.718
 93767.140
113934.539
128373.150
139335.623
147400.106
-137909.855
 34661.592
1026941.701
-1001990.574
108202.298
-727765.669
695788.082
-40095.304
-910117.461
347781.656
-366575.942
955408.639
-296049.324
306447.108
-38953.057
210167.695
 12496.973
-28739.660
-169475.198
 21816.508
 -7569.230
-94645.071
-483085.247
227447.199
-226777.229
582007.838
-197891.925
203156.706
-1830614.395
280512.623
279263.236
804837.932
453508.193
535484.127
-903309.100
-14798.821
-67543.193
-14608.792
-68604.634
196494.572
-14862.168
197267.411
914322.832
-345822.851
145089.944
-519699.473
-136533.907
-526377.379
641030.520
-369626.131
271373.053
569860.721
-588658.629
116856.780
-287261.574
300369.551
-4760248.167
2388807.538
4823909.454
-4777411.928
2360935.596
-1686348.162
1662918.505
 -5359.297
-63513.058
 16063.836
160839.516
-532719.154
552910.411
608444.871
 32501.853
-474706.586
-652635.373
-520541.975
-199349.212
178182.971
504806.676
701295.381
721582.017
540958.280
156141.938
-428198.913
-1195483.814
-453387.619
500907.493
 62913.792
-513008.027
4641033.673
129481.875
-971817.939
-16584.853
 -4179.541
 24791.460
-10667.385
 69876.544
  4206.886
-17374.760
-43333.607
178556.114
 33631.538
-163368.151
-100041.900
 21326.312
 63110.015
 44463.771
-128965.394
-55839.482
 48776.978
141169.375
 27763.346
-20171.285
 33343.290
-116089.872
-10284.634
 65411.357
 52446.679
-13175.804
-20661.769
-1489745.989
-1340452.721
1812092.754
723665.798
-1303221.208
-721613.966
282039.738
109334.260
 67784.563
109149.749
 67361.091
-240024.719
109221.822
-239697.269
235155.488
1226064.329
-435918.217
-815598.389
363344.216
224753.151
320229.837
-57431.306
121521.888
 74941.170
-66820.415
-88376.094
-35448.983
 30585.145
 -7958.659
1191978.440
-88113.790
-678415.685
-1683088.139
 72935.831
730896.695
144700.579
-639292.130
1071990.385
-3787652.300
1328498.062
2373975.217
187051.655
-1511444.244
-1546373.825
-550637.883
523997.879
1102519.462
1062195.844
575488.875
-75868.020
-621993.182
-863232.579
-694865.459
-92585.662
906043.551
-56667.925
1905776.981
-318574.086
-1011343.623
-951443.516
247375.493
355717.975
-322599.160
  5670.198
-75588.772
312797.730
156261.443
 66846.661
-186766.980
 -6883.668
-26870.469
 80647.502
-108246.349
 49708.254
-13720.785
 33472.950
 32312.877
-87173.372
-33474.410
 29049.654
 58464.651
 18082.040
-15176.834
-50111.179
111115.841
 42686.842
-46442.927
-67783.415
-21183.539
 24562.292
 19199.957
-32932.879
 36781.586
-98394.885
 61319.118
 -1956.384
 34257.413
-4277705.281
3718276.324
3421887.800
-1919221.596
-962214.533
-873914.392
343488.440
197492.203
-132307.883
197498.340
-131846.242
-37390.977
197459.405
-37021.364
1630775.263
-693774.880
-1417658.465
228756.411
244118.371
444010.096
  2029.607
-17640.409
 92334.840
  -180.320
-11619.078
-79418.245
 -1239.593
  9573.607
379388.889
-955956.216
-356638.037
618790.024
479682.609
 80300.413
-238694.854
184512.747
-271487.735
107371.969
2375208.903
-1163933.039
-946418.779
234009.992
577128.717
264371.397
-131203.516
-310622.866
-246343.123
-42759.831
178183.541
329401.170
365021.266
272723.414
 62112.151
-249643.129
-639531.182
-54530.032
 93069.768
-145946.655
-101112.913
-59830.345
205217.369
 58166.668
-71824.869
 -2737.738
 82513.370
 22206.727
122052.646
-35926.614
-72694.729
-1043253.588
3235539.316
176431.356
-1976602.869
3258049.716
267907.445
-700701.753
 -7839.497
 20535.816
-63503.351
 51467.667
 -7364.629
 42772.417
-29503.437
-20390.676
 56216.471
-40952.147
-35944.771
 24574.795
 88335.143
-72650.029
 45277.427
-155907.832
-29279.027
118594.497
 88805.506
-13056.723
-65517.828
-11220.000
  6915.393
 42862.929
  6076.243
-30717.813
-49536.338
  9829.888
-2899279.219
5482262.624
2230482.599
-2830933.155
-1776092.818
-548982.489
813386.001
295949.160
-705202.274
295951.083
-705349.649
-635655.102
295230.158
-635280.371
586314.112
-2707044.071
100128.400
1467153.216
-263627.651
-293412.160
-21710.251
-59108.301
197130.677
 98478.166
-178602.852
-183282.371
-35727.534
118952.201
-720978.622
1180632.389
616108.529
-637447.804
-602173.493
-165688.961
243952.413
-262462.335
1115573.947
-1549997.778
-413467.573
1083574.407
1161044.237
556262.254
-71987.062
-486345.312
-671199.900
-683632.304
-587396.979
-432492.392
-255071.070
-77036.911
 90176.596
240026.430
370251.850
479940.563
571622.290
 60352.513
-146920.622
-212156.640
137256.966
 83941.409
498574.585
-262277.733
1406132.952
-110979.154
-643722.222
-788287.085
-851640.424
-343813.603
1330092.455
637367.339
-702531.744
-653774.596
452881.307
207440.881
189351.837
-107127.830
968247.803
1566901.068
-2087552.579
-219315.373
-428589.727
890022.962
-34335.982
-26400.615
 91689.797
181348.622
 12828.287
-59453.287
-228389.343
 -7895.269
 85052.042
-118105.892
-255896.967
156766.681
 54043.220
189928.204
-119291.710
 46574.790
-94749.773
-64209.711
 17409.458
 55867.643
 64166.081
-19249.616
-76861.514
 93927.013
 44693.601
-39622.066
-28741.373
 28468.700
 -7404.323
-2289327.849
1651699.478
1763414.460
-300288.254
-742727.890
-610083.709
 71948.093
 -6336.031
179460.356
 -6528.405
179172.303
-231745.077
 -6022.359
-231638.596
295231.947
-468687.302
316811.116
-299075.718
341478.048
-137173.375
 56719.408
 49299.864
 99918.193
-140392.911
 96637.314
-104841.134
 36512.096
 -5426.753
-268840.392
179600.030
619995.893
-382348.189
  1210.009
-285485.598
119285.308
158145.120
728982.029
-221967.326
-228634.911
-205665.322
-199524.134
-201488.752
-207243.288
-214387.225
-221143.509
-227332.149
-232910.921
-238034.682
-241163.506
-244449.033
-246844.301
-248952.647
-250287.540
-251666.096
-252375.337
-20162.720
  -927.445
 88772.145
-25594.676
221517.798
-64600.527
 11901.504
 -4492.784
1322559.844
 71781.200
-857641.728
450234.966
-110712.957
3585237.571
146524.996
-2240123.542
-24959.358
-2722483.625
-326837.933
 -8900.301
-339998.791
-443535.695
534210.942
400300.578
1728880.866
-66616.807
-148703.095
317850.501
174267.586
-182411.343
-694441.941
-1459554.908
-42896.153
416243.831
-235345.953
-32542.705
623952.901
-173887.873
481944.295
-223865.126
129185.222
-1117403.112
 18198.033
105451.395
-21024.466
-113890.732
832166.282
  8761.770
1071186.807
 86399.558
-1896987.216
-69176.510
658738.433
-131569.956
 20708.731
-726078.627
109132.602
-2602685.524
-89688.700
633530.685
394455.807
 25030.649
-985614.140
-2737188.162
105125.941
2483559.685
354918.740
 55237.388
-777571.524
188710.856
-91862.108
209119.503
-92230.011
209233.183
  3243.233
-91810.246
  2961.097
3171383.544
995940.176
-3102210.545
805049.807
 56788.184
1047231.349
 -8803.410
-10122.524
2459519.623
-150776.290
2061921.005
 75717.803
 60434.780
195128.583
-406448.793
-728899.265
401823.168
-1335895.989
-363513.511
-103804.568
-609155.665
  -782.850
 75078.828
-577871.238
1866676.945
878864.076
-1420193.460
-1883743.865
-404291.539
1389974.989
2096257.299
1382037.496
-166271.739
-1609794.181
-2178213.913
-1580869.804
-77471.935
1612069.363
2478062.275
1414241.700
-2613260.924
-377132.707
436532.609
 70448.268
261531.044
-205221.730
-1099992.620
120597.464
-62825.651
 44617.112
154546.798
-71537.982
-11871.722
-89434.767
 28017.925
-13631.153
 -8310.953
122329.285
-182509.806
 32776.686
 -4795.292
146018.762
-14731.578
215324.700
-591890.742
-232304.354
-156348.887
611219.576
167240.503
128563.068
-360944.199
-72574.635
204413.200
114909.212
 -3663.774
-47069.263
1295011.765
-362888.433
-1324287.467
289059.062
257899.731
434145.089
-140574.788
  9121.427
  -886.745
-92064.405
229754.086
-29740.343
-29709.742
-107327.370
  2907.888
 -1181.396
 -1460.491
 41015.187
 -5919.292
-20801.701
-24695.306
-13944.801
 -3483.770
 15485.045
 13421.294
 -2610.705
 -8449.241
 -4210.831
-66406.450
103116.570
 98603.280
-114407.301
-37642.635
-32286.971
 51386.623
-579248.480
 21058.041
720992.146
128945.421
-152224.108
-327020.016
 -4068.254
-141400.914
215527.575
-141273.449
215821.547
-123868.032
-141150.762
-123762.142
917387.942
-1212074.086
-942014.125
524567.435
531061.456
366338.943
-156102.512
 60042.748
-53871.902
-82375.681
 12591.340
 30851.483
 46517.162
 -8047.987
-123354.661
518995.103
 75590.271
-244439.420
-226399.031
-17141.881
 72766.128
1895003.221
-256884.323
 13686.776
-44560.794
-81131.609
-98577.560
-103441.820
-101067.250
-95662.951
-88514.125
-81852.017
-75527.770
-70412.858
-66920.304
-64698.456
-63133.264
-62121.945
-61995.908
-62146.805
-62704.242
-270342.439
-337289.026
118694.962
-398388.702
  8124.861
781762.656
-26360.543
-346329.010
-32141.902
 43375.396
-1259799.814
489300.599
 96895.319
834028.699
178004.729
173445.118
-52421.962
319873.437
271067.542
-749078.304
445652.779
844652.201
-346665.718
-154558.182
-125231.797
 20360.625
-64299.979
 51673.578
3508570.612
290421.786
-1610574.556
255741.531
 95848.202
-1680965.222
 92448.656
414530.154
-504463.125
174670.658
-656464.904
-63045.214
-123851.349
-35089.724
-1418996.919
-52288.824
-958239.659
 44775.894
 97168.208
-631444.820
250053.172
-319146.756
-360426.594
261838.518
-1935654.933
1302448.375
-124377.585
600548.161
-459676.737
-141261.441
1438300.682
-366005.745
312907.796
-719502.538
367398.051
-1631366.416
480998.354
1952998.497
343926.143
328576.301
-170982.640
169075.637
1456775.159
428735.738
-2630225.499
186536.471
263100.475
-18773.396
133707.005
4496095.066
-184012.646
3152492.440
-234559.906
 31660.884
-3636964.352
 80934.555
-1773162.319
-152278.233
-1773005.579
-152569.416
 14696.284
-1772607.974
 14608.840
1460830.790
-176713.497
1572110.962
-178026.948
 58215.298
-683640.889
147637.555
-661441.404
428885.023
385886.589
561644.184
200345.367
-32238.974
211980.801
-1182873.751
113170.500
 -4248.658
421439.792
242517.431
226112.924
623472.874
-186322.363
 53628.725
500487.159
-1604030.143
-308702.997
923640.604
573239.764
-337241.247
-774331.551
-515878.282
117388.429
683383.971
876942.773
614954.122
 16080.949
-667510.674
-1127411.179
-1058940.117
-205147.754
1623818.136
 28238.278
-131503.063
4228971.030
-2864917.641
153594.350
-184581.745
-1220417.726
901548.203
-1447142.562
-1096927.603
895258.257
859402.225
420930.804
-433955.228
167210.741
-59467.352
-429746.003
274193.132
-31477.358
-133584.189
-67491.277
-567319.248
473495.557
1090625.248
-659294.759
-101281.225
-375486.642
186154.888
 88978.737
-107499.318
-273261.232
476608.173
-13116.789
-422917.175
-108076.711
-410362.151
101512.847
 10994.209
-146353.161
 18241.031
432928.962
  2592.335
-146909.065
402530.347
162834.037
-282704.289
-200089.031
-32096.567
104795.378
-2093391.336
-140756.083
1984778.761
259575.127
 43709.829
-714006.066
-49909.119
143577.181
-80240.425
-687671.509
205584.254
 41718.557
557314.149
-120745.804
147429.820
-208065.983
-163166.481
112789.732
100369.385
 89294.976
-61902.954
-31586.021
 37957.310
 94691.836
-104905.886
 13017.242
 27578.361
  3163.415
171135.341
-196155.499
-406339.580
343693.782
 32384.793
142395.995
-102800.710
2320614.324
476199.099
-2782386.216
-423605.526
-57138.525
1185302.139
131445.585
331745.332
-625240.940
332128.037
-625584.110
335211.635
331708.154
335856.902
-1332884.771
1504409.500
1240846.042
-615589.939
-673657.975
-420579.109
123316.840
-392875.576
429482.114
461038.723
-278438.414
-206491.419
-185634.274
144304.667
156114.001
-492697.693
-129089.044
275710.717
216281.412
 12269.823
-82193.652
 80503.227
-322073.305
-577863.712
-966161.444
448162.333
-611416.614
-521134.014
397564.888
1085844.903
1167408.433
755681.036
106626.116
-551298.400
-1061403.777
-1326651.908
-1292131.892
-929337.533
-228649.690
805595.620
2163932.852
    54.687
-694136.519
132890.588
747251.175
618617.714
-163989.257
-696560.315
-18029.835
123212.757
 53303.967
 51354.016
-100805.368
188396.594
-164995.155
  5188.356
926804.102
-200222.372
-1131097.862
166138.821
192749.389
1606518.374
-48132.732
164146.150
106993.385
-328076.094
-138475.969
 15144.556
776341.195
-137285.686
287122.863
319904.409
-331442.410
-375170.598
-213687.172
679399.314
 37517.618
-71660.412
-377105.000
 88175.117
195456.996
975819.595
-308030.698
 30433.084
492106.579
104762.802
-728165.368
1013226.337
-113488.306
-108509.445
 75970.811
-957061.305
 87609.772
757102.201
456973.510
-129302.065
-361815.618
 44842.180
3346602.805
-1112842.080
324186.780
-867735.403
545162.977
-2569386.297
-86472.364
382713.994
 63083.153
-61735.937
-598929.811
-49155.339
154637.220
-65716.619
289281.374
 76995.032
-322408.845
-32744.794
  3244.260
197871.887
 89291.781
-36815.052
-102284.137
 73974.904
131846.000
 47726.622
-195316.132
138057.073
-736256.417
-85636.351
346434.879
951087.850
  3769.125
-245528.657
1131068.861
-142260.755
-1281600.790
580739.930
1585269.625
436722.986
-720002.743
 80307.375
-321917.006
 80335.679
-322023.391
-577058.425
 80909.446
-577109.162
-1274378.514
-396013.684
1690858.414
-1054200.841
-992550.848
-571622.464
1043271.323
 -9803.159
-441689.178
 76665.197
 86280.092
378423.720
-37077.693
-46599.731
-746920.338
921213.568
818675.449
-449110.870
-403397.758
-305886.962
121993.279
209490.297
-671983.843
-674815.726
-2215096.357
214752.950
929084.990
690436.688
428377.166
207578.340
-72033.402
-411787.690
-739569.537
-971381.111
-1047991.428
-941731.525
-650552.472
-186761.596
424377.415
1158528.218
1989660.003
-2811008.730
2092253.513
251799.349
485851.104
-797626.884
202328.865
226541.013
-28773.095
-589745.715
228597.532
735080.377
384158.496
-246149.449
-718409.955
-208899.368
453593.438
940767.529
-40240.683
-185114.256
4058210.511
-498546.931
-101512.505
-370858.723
457602.825
-122329.634
829797.443
-283599.201
1165237.055
-133038.360
161913.461
453029.069
-486983.490
226845.469
-438210.957
675942.295
 -1027.365
-171918.165
 48832.010
124060.388
 96592.896
-67044.844
-10200.629
 25714.149
-74624.846
-169946.383
-84831.449
224773.585
552452.534
-20372.426
-374064.106
1128446.924
253008.841
-1155090.328
-607870.584
127640.975
721870.289
753668.244
-515153.856
-689950.400
268159.708
432088.354
209161.016
-97818.172
318750.117
3474445.456
-1903901.068
-194483.035
2133363.018
983993.197
-2661133.378
-125437.117
282242.356
119471.439
-233944.635
-214831.059
  3182.375
138529.726
-109256.595
  3547.143
253654.963
-98598.638
 86002.133
-133631.947
125902.305
269007.429
-259767.971
-411204.413
306954.942
 37293.024
224476.632
-213675.419
122412.992
-475606.798
-39402.814
281804.173
339859.346
-46302.140
-142400.764
-3358725.750
2534067.088
3942758.420
-995819.400
-3406315.953
-1595773.818
1297448.796
209096.820
-671896.107
209453.620
-671670.904
-674950.361
209284.820
-674901.867
308430.804
325943.563
-424516.045
-989155.111
2072075.106
362141.075
-555349.042
-330676.986
409955.921
470946.175
-354640.727
-272057.255
-189141.719
214993.649
-929430.409
-696048.279
1011769.635
565168.807
763381.437
-406603.301
-443209.173
-334856.873
284221.134
579541.747
3522258.591
-81655.594
-2154407.844
-1505193.114
 23942.736
1102030.362
1400204.341
1102667.968
513025.149
-120396.471
-633727.014
-938679.898
-992248.713
-785588.966
-322633.266
381031.006
1304217.235
-25099.175
419996.211
-128239.360
141691.881
-987659.554
 60359.262
 47805.748
3852015.549
-2527694.439
-175477.639
 64320.530
859136.387
-83873.226
233435.130
 57242.889
1015296.108
-369240.689
-1269284.135
-769899.777
406961.858
1088791.199
157319.473
-100631.273
-923355.135
-368863.641
 42632.015
2244736.510
829473.306
427361.770
-664196.051
-832170.943
1406885.461
-1300301.351
353313.572
-2172623.184
160038.823
-279878.898
-460056.364
409090.350
351300.830
416990.171
-1061190.722
156354.023
-272919.250
-326377.038
344392.018
269034.586
205394.244
-588150.110
-94902.682
238098.229
766208.423
-318934.502
-423901.817
-1706388.200
544681.965
295176.288
-1822763.835
-59195.940
2174410.876
-165958.897
-270644.121
-1220163.250
-67971.140
-57644.475
-191786.993
-194037.159
734400.823
207141.237
-156205.233
2615339.336
295375.631
-597951.194
-2877305.393
-253039.795
-157087.989
3492642.252
183702.012
-553799.310
-153612.565
205557.386
685838.341
 72589.797
-222031.676
215096.699
-489162.009
-386704.917
575805.094
163826.827
145848.561
-376554.604
-209473.227
-53286.440
273537.923
-36484.608
 63000.435
-165247.706
102926.892
-228936.087
978431.029
134431.668
-493540.526
-1056256.401
  5998.844
320488.454
-601789.936
1611675.951
 22575.530
-1240391.614
-2241145.369
259791.074
770795.379
-334746.997
284335.437
-334557.532
284166.152
579795.859
-334876.703
580073.319
1229361.990
-576180.653
-1403189.403
1776330.728
1015745.819
273076.554
-879269.236
220154.195
267386.223
-409949.498
 32338.176
-178246.213
198631.856
-18796.168
1878777.599
-1372030.012
-2026518.169
639511.828
1216714.320
761499.322
-392369.563
-131258.333
155711.038
344005.729
-707571.443
-42027.893
216406.537
130432.724
 16607.414
-83057.836
-162878.479
-162796.858
-37603.888
170890.011
342077.539
339989.175
 95884.608
-320513.380
-659007.620
-481508.341
820260.221
 76577.874
-50875.761
-313047.041
103011.371
 13761.757
-94958.171
-76105.522
274641.065
-141587.443
-300229.277
154355.586
  4863.484
306308.968
-47995.002
1268422.262
-4226496.672
-587741.261
-680981.411
3266249.295
170239.277
  2230.658
-13893.440
 15326.562
 58032.009
 -3913.881
 -6591.246
-311191.982
  2829.705
196474.002
-394990.526
   246.437
1228919.850
285164.657
-11714.812
-74690.449
-15852.266
-118710.754
132200.937
 93148.809
 49928.796
-289691.826
-30188.424
 70868.977
-16352.931
-118584.764
 64439.557
 -2624.618
 28337.542
-25539.375
 98543.644
-51554.451
-416009.192
 58911.268
 25745.630
653882.665
-40410.032
  3108.039
 16419.187
-36964.316
-16417.078
 -7885.304
 24508.101
 26108.636
540002.462
-272756.368
174746.016
249848.669
195361.131
-347378.563
-178526.605
254779.864
-163071.470
-731065.345
 62770.011
111197.311
731461.385
-35369.957
 68433.505
-2435415.275
 21365.031
1169391.081
847504.341
 51155.736
-264509.032
 13256.880
-45438.479
-69038.015
 54605.132
 15160.179
 39693.663
-15776.498
 10238.258
 26784.165
 31384.865
-30974.806
-13740.207
-95562.052
 22382.080
 12654.254
  7714.343
-174919.109
-10308.447
  1826.766
238450.273
  4095.183
-111796.018
 11900.944
 92210.071
-10889.404
 -5614.794
180611.961
 11839.439
1032843.237
-1165529.806
-827193.264
604123.994
310227.960
  8709.248
-115673.621
-24618.078
238838.775
-24335.949
238513.479
-53564.733
-24336.741
-53563.156
-449895.941
642737.353
292252.147
-317852.828
-179041.182
 39480.217
 54782.569
-57887.128
 20150.098
 38056.383
 26728.914
-32691.966
-81198.585
 -5570.969
-29932.226
-31799.808
326211.509
 35141.651
 37171.206
-555878.174
-24532.991
133131.468
-149882.209
-694257.934
1486457.929
-364987.084
-876775.111
-224865.889
361969.125
518997.910
366931.962
 78718.133
-220027.642
-430715.244
-470273.132
-295024.219
 63379.380
472172.442
691802.126
388714.774
-839083.875
-23169.747
 11548.376
180965.557
-122761.232
  4354.021
-287854.864
143561.764
 38605.808
 22257.452
-231268.875
 54609.106
-31752.290
-298081.941
 12267.322
-20962.090
164511.760
-11875.724
-65792.169
-62832.034
201173.866
  1704.748
-259738.071
123839.128
485296.433
697965.896
 86378.560
177219.586
110581.619
-28317.410
 26046.270
 97159.181
-36172.783
-10115.822
-271192.281
 23063.533
 24275.950
 16857.067
117283.768
-324282.078
 -2071.563
-1287423.595
1435480.477
-165502.625
-64044.680
290351.405
182215.379
  4007.599
-343798.642
-69648.800
 77134.153
-45072.659
 38142.386
-121528.288
 29448.456
-181012.291
164887.010
 62622.395
-33178.820
-229138.825
 45949.706
  9254.805
314519.560
-16000.164
  -217.296
 19409.561
-43179.396
 -8811.767
 -9861.395
-14555.509
 27946.273
437261.545
-347896.242
130527.331
372200.278
251274.712
-317210.804
-262506.045
171468.208
-37810.836
-576832.102
 34780.888
 -7380.309
575679.354
 -2803.832
1420383.610
-2480707.462
-1011249.332
1229913.266
934963.266
251901.007
-301923.927
-38512.717
 27210.976
 72909.341
-40553.955
-17981.972
-54763.082
 37811.361
 31290.751
 19957.694
-35645.377
 16191.634
 -8529.689
-101723.358
-15734.507
  8714.473
  6029.932
-92652.210
-15272.944
   760.698
114361.705
  8420.097
-87304.289
  8814.506
 91234.686
-27052.420
 -1679.644
 94454.423
 17188.861
746055.361
-1383157.592
-493147.352
690739.362
442076.118
-97682.298
-138518.091
-139267.105
305394.503
-139266.275
305686.361
-187484.993
-139054.735
-187847.842
-64407.364
622245.497
-92576.865
-377429.866
-205146.643
193924.802
 86646.024
 -3828.956
-84523.639
 11866.772
 56793.206
 21528.345
-53930.307
-20963.440
-294159.634
378385.062
566446.779
-227489.041
-119810.425
-590296.074
 59275.912
 61479.984
-147010.208
-89501.666
908068.203
-745294.826
-749690.842
318325.538
853985.165
490846.393
-234635.731
-703741.508
-647591.418
-179035.762
374038.548
674537.732
536302.086
 13379.278
-573675.770
-658311.924
524798.558
-61706.615
-39428.846
124554.996
 -1647.503
 61722.189
-17909.464
-132117.211
108714.392
-95970.262
-264197.082
195454.350
 11858.975
178095.189
-109932.037
 29541.954
 77531.087
-196282.808
-41896.710
-57187.615
-364650.893
150179.248
-247173.455
581261.516
183987.057
-274338.030
-211707.764
 74457.971
 75446.805
1337407.551
-1612582.538
230308.528
484065.063
392142.965
-121925.884
139022.403
 16174.938
-27500.324
 11021.059
 17928.968
  9959.853
-131465.659
 -5686.429
 71516.817
-22489.736
955666.042
-1288054.233
 28438.825
557797.784
790603.351
115419.254
-453862.135
 28572.279
295566.228
196785.422
-296132.173
-106004.919
 29456.900
 17887.348
 30098.948
-45343.102
 -6262.424
-102640.811
 46895.394
127285.075
-59766.944
-430670.082
 80382.555
 16438.972
556419.516
-31776.918
 12051.423
 11953.599
-68704.064
  6966.178
-13069.657
-104320.483
 93573.869
617264.801
-500612.118
227144.310
477791.140
245872.593
-526635.384
-233709.263
136645.057
-12671.330
-673836.812
-23210.517
  1762.449
809739.914
 16315.268
309935.120
1727588.144
-1124109.095
-827292.764
-337182.978
738522.627
 93150.197
-15605.385
-20238.686
 44866.737
-20750.853
 15072.728
-30069.303
 12399.878
 21124.577
 20994.237
  8729.072
   427.105
-11681.393
-155735.936
   317.845
 47316.627
-36653.111
-183828.208
 20696.362
 20710.441
173289.514
-11140.771
-100909.229
-38428.301
 90173.155
  1278.245
 24994.574
238281.626
 -9719.132
-63257.272
1315647.823
-72072.482
-781223.629
-437047.050
-98225.215
199049.798
 46721.169
-378984.864
 46484.937
-378821.324
140768.859
 47082.680
141113.994
-308183.655
522469.804
 69939.451
-133030.625
-139724.442
111570.507
-17966.727
-72452.735
 56772.008
 24430.695
 49745.708
-72996.078
-78026.700
 -4664.163
-87111.643
-135654.774
561294.062
 66214.762
 14228.992
-785266.413
 -4714.513
-59753.781
345164.129
-706213.553
689149.387
668220.792
-595134.987
-1092073.912
-458970.473
485576.221
973181.324
793686.048
193867.053
-424387.934
-746271.594
-653719.438
-229940.027
295150.168
620836.558
441537.360
-504422.553
 28558.269
-65648.223
-42699.848
 50584.128
 28511.884
 12508.456
-15143.348
-10349.595
227553.470
-190124.078
285059.691
-281085.583
 -8044.157
121683.509
 75246.582
-263073.041
-154886.268
 70613.183
228718.652
399582.079
-453939.894
-22466.672
 29721.741
 75217.249
-320636.104
 62973.708
-605762.317
 38239.184
-191946.491
332211.031
191766.971
-260779.521
-108070.343
423846.049
 77264.447
527805.280
-1472699.199
-271237.781
-45558.965
930752.712
-25693.148
136227.458
   -40.241
 -3379.151
 18076.480
 55180.259
 -1864.066
-452462.867
-28099.205
-77049.246
158702.579
1345804.455
-341512.215
  3799.803
-6194570.649
313946.050
-314989.333
 28908.019
767948.708
-171337.086
-34524.115
-612167.989
 95595.179
211868.089
-228303.054
-456795.833
329959.560
104777.383
330994.590
-331543.255
 53026.545
-37135.351
-273495.496
 18802.558
 25862.740
519669.703
-19450.930
  4635.773
 12727.935
-37975.111
-19808.267
-10140.965
 21506.369
 38748.201
558092.558
-204000.759
-139931.613
160521.004
108421.966
-55431.289
-82262.098
 17001.010
-191830.472
-578359.598
 53207.916
177413.648
771928.095
-43796.870
-1660103.078
-3027325.197
1847428.866
1691061.765
1139587.642
-667234.263
-454663.359
-38442.718
-127837.872
 56599.812
 13095.213
105418.204
 36396.058
-64446.545
-29421.353
190655.937
128705.740
-135861.468
-86956.385
-389291.722
 65292.506
 79662.148
-74446.139
-286580.794
140568.440
 11150.884
254765.633
-79930.178
-23025.833
-195228.445
-59993.158
130572.983
 90533.664
421432.275
-63010.125
829220.856
-2497070.816
-585423.561
1487208.975
819616.474
-146965.909
-398824.554
-12292.769
502424.814
-11868.754
502087.340
-251872.280
-11832.815
-251662.220
447866.089
1292489.449
-662511.667
-786854.151
-502370.912
466618.211
239167.063
-28097.986
 22091.058
 68138.219
-50144.052
-16962.479
-78772.978
 26240.933
371568.228
-481961.428
 91066.829
339226.215
 92515.555
-650521.143
-72781.693
 19992.998
-52087.940
-989985.757
2276748.779
-610393.429
-1644399.509
-313078.736
1029855.932
1229979.000
522208.999
-383982.885
-942434.914
-959979.654
-534892.892
 86462.511
634836.018
894076.062
729454.428
 82362.811
-1060987.104
  3419.322
  -181.604
 -6130.119
  -263.334
 -1869.816
  3537.352
   790.145
 46906.411
-72052.811
-79088.337
 60159.940
 26528.773
 30972.294
-15949.555
-155614.908
287636.793
277880.892
-492140.536
-81132.330
106677.440
277994.953
 81563.673
-180834.099
-41908.355
225537.838
 53315.997
-250476.005
-16569.507
134888.268
-177279.762
-429626.798
352763.145
 64300.689
-333534.567
-282961.403
 19150.392
150543.083
-80559.208
   883.912
-85319.891
206801.047
 -4254.968
2088908.854
-3934335.863
-292082.911
 49225.512
2274550.695
-96763.926
212411.174
 19594.846
-35217.109
 23924.208
 43167.181
  4392.710
-269905.373
 -7323.530
 52154.992
-27930.848
1145229.660
-514009.409
 17901.246
-561485.279
-697956.435
 92670.750
-273889.700
 39867.034
334826.861
 33770.061
-329108.972
-94766.065
 52215.908
-20622.188
-46707.132
  8477.595
 11775.642
 20502.788
-19154.632
 87876.681
 44020.914
-498485.958
-57596.431
-19597.632
946623.519
 38845.082
-27383.949
 66856.609
 -6193.702
-87529.060
-29405.718
134423.649
-22292.742
652755.275
-271345.551
-1009371.494
284612.904
135693.122
777304.789
-147852.638
331083.169
 69616.218
-964139.817
-97266.803
-81041.961
1016892.217
 65227.778
-71484.903
-525219.468
342188.811
220469.905
-86177.750
-111536.917
 35671.565
-28044.169
  3649.432
 32948.097
-10434.792
   498.864
-27132.935
 14390.143
 89500.812
-45056.862
-82471.646
 70335.208
  9722.519
-172022.485
-29031.893
 43014.899
 -7508.591
-253991.632
 -4132.819
 -1716.929
321405.644
  4749.768
-103998.303
  4716.979
 66486.756
 -8183.664
   490.139
194436.722
  2217.773
-1168928.028
1064573.905
891594.661
-526887.327
-247129.525
-426538.262
 78565.030
 77169.074
-172520.069
 77413.942
-172443.888
128404.643
 77384.104
128496.211
252910.608
688148.126
-468394.575
-233756.591
-291849.285
302437.108
 56575.802
-74712.194
 73585.517
  1760.675
 58709.378
-67180.688
-68816.145
-24546.601
-191761.823
  2018.076
527465.154
 34775.243
 21460.268
-697994.385
-22042.551
351917.194
-933957.991
852213.017
-1446602.470
-1874393.145
235567.928
1795594.967
1206464.931
-497232.825
-1600362.251
-1365028.347
-198097.132
1010886.480
1540516.161
1151617.497
 91240.811
-1066416.854
-1616840.333
-884467.481
1672087.677
101794.518
-75957.916
-146392.215
 68963.585
 24166.113
 91882.419
-34153.220
-459889.684
300512.275
902725.138
-487888.736
-31279.658
-281631.829
109622.206
-191167.745
261089.948
 55225.305
-43665.186
-113095.422
-45720.498
 26171.916
-964212.685
1529264.385
-669209.303
1292614.016
-931948.794
-1253381.197
-572661.058
887702.041
-1307196.963
1244320.314
-1354914.839
745746.641
-105421.615
690384.821
-64982.464
-170610.813
187164.732
-610598.415
228700.724
1754995.852
 37901.259
-1368660.101
934862.359
2049001.185
-960801.110
-159259.855
-780112.364
243799.210
1525866.755
1120649.836
-135889.225
-95754.130
-2239808.874
 94515.842
213773.632
 72431.726
 -6889.776
-102797.716
 23456.422
-20070.635
 20749.940
  6395.464
2367161.982
-2710012.039
1750974.899
-822070.164
1049872.589
136899.885
-99073.981
-1879314.708
1845334.996
1986609.345
-968580.968
-671407.013
-768955.170
282111.823
-109401.096
 30939.236
884638.413
-471439.909
 14522.306
-307714.850
104530.243
307116.438
-319400.413
-720509.599
377986.956
114158.625
629064.922
-241939.149
 21097.255
-51059.875
858204.041
-269354.076
 13635.996
-1417991.281
176136.192
296924.688
-779642.492
-465487.140
1093368.753
489598.222
-126633.211
-602424.309
-171955.887
363970.160
107575.913
-171148.197
-163943.522
-27751.829
 54813.873
353640.641
1778005.202
-366013.797
-2004117.947
212880.472
604105.731
338049.915
-274140.760
237652.836
968814.949
-516972.371
-63129.605
-402087.706
154772.312
188526.168
-178780.013
-317926.293
178638.275
 50000.833
136849.549
-62572.000
-305798.520
236015.856
624536.621
-315277.623
-54999.491
-323972.549
 99734.202
-483596.203
374810.071
830817.171
-419989.646
-88073.083
-288044.514
 95799.899
1130415.819
-323895.100
-959140.411
456145.112
-453672.523
  1740.927
120696.611
351789.841
-933785.047
351918.060
-933680.267
852160.045
352159.206
852052.731
-2831169.363
2379229.831
2204448.602
-1579454.744
-203295.055
-147973.062
120025.236
374723.996
-410407.446
-759214.709
431920.173
153309.686
337883.918
-157357.579
-1141136.089
1274742.530
1150594.358
-713209.932
-423778.060
-374779.389
165165.540
-238671.871
884522.223
 63565.755
-18539.787
-35003.322
-45648.480
-54007.105
-59073.058
-63172.055
-67122.847
-68117.834
-69861.249
-70658.121
-71409.742
-72465.461
-72106.669
-72766.486
-73586.050
-72917.024
-73284.544
-47779.495
-2581084.205
265258.839
-2257824.044
368807.402
-134269.131
385791.868
-17733.766
-145124.241
 38576.552
-32493.658
197091.056
-22336.177
159078.626
 26882.323
-1654692.275
-25909.597
104256.620
-155661.506
 17753.837
-157415.080
-266352.398
-4809229.147
728088.399
-3585531.680
-175392.761
-420211.477
-156433.054
 85743.711
-2035773.682
283942.533
486138.418
368118.628
-1295877.400
2327116.241
-102387.860
-176894.897
 91901.646
 56417.244
197150.267
167863.072
-2041664.140
-25023.107
630400.978
-217635.074
-42815.220
1173854.908
915538.141
-396278.248
775710.410
1072160.830
-652893.483
2857306.877
124222.392
104192.400
362047.265
-199609.667
-2081547.469
-169876.800
-104768.654
154642.479
129516.585
143588.608
-67720.562
-155293.566
121383.235
-580405.514
-129569.620
-40011.151
-340615.797
-256193.218
2888376.315
1746718.166
6777853.784
 -7981.258
-430945.469
-23259.625
364342.444
-3739904.770
-263763.422
-4627784.865
  6858.810
-82666.397
-26083.392
-32831.851
1401521.629
  6860.028
 82389.421
-14256.499
 51184.916
-1400897.885
  8841.019
-19298.077
-111992.861
 18044.143
769320.188
138587.520
-15064.429
-23757.149
486989.092
276754.206
-83544.259
 30081.428
-827404.827
233032.244
-357978.094
612463.389
-190987.909
-107991.545
496909.802
554467.931
 10004.869
147612.159
-2980553.028
-98293.316
1078102.452
 60272.544
 23999.206
827110.650
1822852.196
-1327841.397
658383.441
-3336848.312
 18431.639
-1052685.841
-59894.908
-33659.143
 28342.842
124270.147
-77608.360
 -6368.255
-106958.314
 57669.955
-129428.760
2140907.571
178992.545
 31247.085
661382.103
-100322.992
2237152.095
-26090.160
-396726.198
 24718.005
174934.639
-57753.815
  -242.704
-796889.682
 78738.352
1298788.524
-84121.096
-625975.070
-47247.750
 70061.779
-269543.100
-911716.955
1802774.019
2367290.081
1341896.828
 49746.290
-1169305.174
-22794.901
-238529.481
885119.428
-238147.846
884752.062
 63910.406
-238045.272
 63910.560
-758762.307
-351703.761
1307202.329
-2420644.828
 37314.102
-671804.107
-35891.103
-154848.467
3704375.919
 83640.733
-1015526.213
213110.322
-28791.957
2472934.183
 59192.603
1179164.178
-189991.452
1480539.941
142390.163
 85291.637
341655.374
-177334.057
410547.735
-491531.200
3155713.807
-839676.368
-2602696.569
 94339.579
2411881.182
1929519.256
-202917.787
-1996532.986
-2396668.493
-1475388.151
 87213.267
1528548.941
2302568.970
2158710.587
1099944.406
-707891.098
-3023222.122
-122777.692
246144.360
279704.834
-77848.081
-263972.108
-151534.639
 20897.828
-215164.996
337241.945
275178.881
-169194.089
-327968.010
-43653.764
 42721.734
  6451.656
 97617.165
-18481.674
 31581.878
-172149.133
 18543.803
-14463.034
 94872.331
 41638.971
-60628.726
 59113.458
-204398.773
-10252.797
-20194.208
 22261.706
108517.501
 80819.427
 -4150.015
-257846.197
-18652.812
 -6769.529
143335.541
-73528.512
-1766880.413
124774.154
 86805.281
2396238.377
 91250.972
-290588.092
345251.288
683835.233
 21595.758
-201426.148
-1098588.132
-109603.935
 11679.378
-20914.755
751310.772
 -8120.116
-17177.726
-1771036.390
 17898.568
-193658.658
 41118.251
458082.265
-177929.442
 48743.042
-257864.905
 65244.324
1984066.433
1649022.369
-381221.890
-450986.403
-1436023.855
-112055.720
  8846.815
-129260.464
 83520.783
125861.319
-62355.387
-16264.128
-37905.318
 19216.264
-527159.096
552761.574
1364544.377
-1617326.512
-207864.528
-88491.234
-589200.003
523910.692
-203468.418
-898582.560
141938.249
 66220.094
485560.691
-60694.313
 15758.508
 40902.662
-330656.053
 69243.599
-27839.493
482613.306
-39281.654
164767.130
-135986.920
-217090.032
217390.257
 14165.827
 15810.043
-55500.525
 45846.243
-54332.172
-608470.022
268137.895
 22568.121
705765.979
-236950.579
588418.405
-394498.221
-524179.736
463568.252
 85982.874
-100167.402
-125838.783
-163106.858
-50770.870
255786.024
-57590.705
 85968.213
-79642.850
   361.674
2022591.282
-2605156.008
-1462114.559
1394010.170
278567.597
249681.514
-110734.291
128887.147
-99023.417
-378963.253
149638.248
 31658.228
221260.503
-60773.753
-421991.287
301009.835
613132.775
-294722.313
-71232.303
-218003.384
 84680.550
109351.187
-114195.092
-200994.571
115230.462
 34812.530
132870.145
-45177.970
 -2277.547
-29056.379
-37647.716
 38618.887
 23810.513
  1775.588
-22656.713
-1560656.481
706840.339
1088127.479
 -4818.463
-122726.428
-357050.189
-91583.295
-177252.968
409947.365
-177166.395
410126.573
-491368.855
-177080.134
-491583.614
1640344.389
-1370591.369
-1007473.646
501330.343
177226.625
191572.849
 14542.025
202019.612
-147379.662
-27842.499
 64270.365
 12622.037
-124400.434
  7972.046
-451950.069
835362.412
354837.738
-525251.764
-250524.798
-41207.280
126075.357
 98371.950
1051538.245
-112223.961
-144453.267
-145758.353
-146119.577
-145256.410
-144807.631
-144662.548
-145005.321
-144854.346
-144688.335
-144893.863
-144751.045
-144751.045
-144615.240
-144579.414
-144918.600
-144751.045
-144579.414
-1409683.642
-1215672.979
1285250.936
-3277518.328
-58894.685
-347888.411
 17207.149
  8877.000
1607287.366
-1357933.681
744573.329
106211.708
932240.097
195321.185
100288.559
533311.745
-235102.645
605167.561
 67009.294
109766.109
-681532.188
185565.197
113922.670
-754611.719
739911.840
-352199.702
268585.065
-313977.167
-122395.544
3015364.411
106816.407
-222539.478
-279881.891
-21382.834
277696.039
 41391.475
-2892161.190
-126137.917
237260.034
-230671.261
 30278.704
-238882.190
-449224.225
466907.282
2244676.092
-2234268.282
158623.502
-1809305.026
237336.130
169776.371
3381171.839
-683778.907
-384867.482
163870.309
776213.112
1853698.868
165564.964
-1044035.592
-931917.357
521952.972
160431.310
1007215.029
846597.285
2173260.998
-42736.563
-2326901.573
-763976.745
-48345.214
879803.449
100452.915
-1631034.390
596988.483
-183045.340
 60228.086
 33464.752
-239308.272
-111150.201
392891.598
-488395.002
-428096.327
-100224.553
-79061.326
 63792.252
 76524.190
-15494.009
-2580325.119
2648387.479
-3653744.038
112408.836
746790.956
148293.697
-161448.037
186730.837
-376875.932
-656540.101
151443.144
212624.031
149880.130
 45320.739
-611855.381
153026.990
-469766.636
  1500.393
-253592.782
117967.186
 53346.951
-87109.316
-238683.750
145444.731
182337.549
 54351.120
-48316.099
 45725.357
-2633718.379
 76254.344
-179219.889
-187188.430
116080.717
840176.084
241098.361
1359855.807
-231462.330
1210062.505
-335735.664
-217135.806
-337391.737
1970319.700
2109067.369
-2338215.274
3478201.330
 21125.773
876007.931
208947.733
1623114.250
1003324.374
1555659.210
917034.081
-153373.581
-1435903.809
-230494.030
-101477.341
261811.630
221350.668
-2311098.438
179118.980
-137167.954
-319163.671
173673.711
-4900420.473
-291313.784
563649.179
-656832.140
 95637.406
-832837.505
-24444.853
-1711042.672
 96657.735
-2016972.543
181477.520
-54167.031
192337.595
 51602.532
-364448.114
 -2232.898
-195122.715
-89285.100
   773.155
 20378.661
2037843.258
577092.318
-252736.853
-62797.422
-87319.456
-228977.404
-46592.993
 99022.844
1051897.964
 99493.095
1052106.852
-112430.072
 98728.353
-112235.708
-2293528.247
-118072.000
712974.010
-1511820.322
-116273.318
-16469.821
-143993.273
-276919.062
2277646.453
 36178.467
-1584273.067
-230702.911
 55340.836
-1205529.724
-3639381.309
-506736.059
3829153.674
-1844282.821
-221198.492
-1316164.210
-379031.872
-45882.578
-72804.206
-134991.677
-168538.039
-116285.332
 13392.195
148154.624
204263.530
143908.468
 -8982.443
-184136.062
-302608.369
-310450.935
-197507.312
   688.795
212155.348
349350.556
325965.789
 76319.229
-431070.712
-120289.506
 86907.652
1200475.286
1637143.323
-121070.132
 37446.799
-98130.521
229325.198
 73091.095
-706061.975
-239311.398
-70448.252
853654.260
 15196.157
 59408.138
 21917.717
-193022.354
-200112.697
-38922.326
170247.142
 34752.895
 -9875.771
-12642.192
398539.142
105162.377
-39338.433
-247102.371
 29858.858
 34515.254
  9562.549
-363749.003
-188608.454
-36977.981
207477.063
-15717.679
-138695.174
-109061.975
292643.947
208642.153
-61299.231
-230911.809
 10367.662
-29232.153
-40141.333
217778.359
164236.381
-65714.467
-25854.781
-77820.839
-363414.369
-239211.012
500076.630
536070.946
115871.513
1105904.053
-2369449.146
225438.075
139646.430
-674267.853
-368862.747
-111976.828
-1510379.626
1951359.521
 94655.722
 57252.546
-384500.815
-256075.883
-61859.875
-1201264.788
2107673.201
360539.501
196599.191
-610742.046
-283698.204
-199841.848
548495.808
-38043.657
-3019945.010
-2583017.886
-227534.341
-189691.595
2710702.277
 43431.189
244108.115
-129601.667
-69543.756
167968.688
 29379.716
 53679.352
-113935.223
  3226.208
-83165.717
-57329.175
334265.169
478915.146
 -8978.664
-234507.366
-688827.220
-122472.731
-92214.308
245593.515
 38498.776
134768.217
-449081.644
178852.150
273527.734
165273.205
-606649.491
-255075.603
-40961.859
-1151274.817
410410.736
182109.895
143418.012
-212153.260
-398671.193
102993.017
 18708.716
 44565.936
 96662.638
 70453.096
 64931.450
 60417.695
 43903.866
560594.371
-2359092.044
 16097.893
 28213.695
-132528.694
-201857.392
-14807.634
191868.038
202639.721
-34373.956
 21206.342
167528.046
-103906.022
114805.904
-136897.317
 30004.823
149465.571
756943.504
-1002868.743
-995645.284
2420923.935
2389993.945
-2012911.122
-15892.584
-16050.648
 76915.016
156430.301
-14693.638
 50973.582
-195362.030
 38761.613
 48749.274
 35381.668
-175120.768
 46050.674
-49752.066
 82261.076
 81103.462
 59874.617
-349785.510
-263743.875
 30664.872
486712.283
-87548.948
-176044.615
-106527.022
 81199.681
 53540.754
 29185.039
472279.801
  4256.130
945802.774
 42370.038
-417657.196
1201073.372
-899063.020
177941.411
-1295127.643
-46024.850
-72915.848
-46075.701
-72928.878
-134730.773
-45343.181
-134740.930
-69718.700
172953.876
-774141.056
-979982.349
633498.354
687846.405
278592.552
-114440.198
-77124.282
 44741.985
 38376.033
-31734.024
-166513.962
100148.866
 24925.644
-88020.208
-55537.466
293161.701
-235192.269
-36956.833
 -3880.630
 38065.351
 -8852.963
 99514.807
442872.010
634724.546
322499.097
-251630.490
-557721.400
-380605.823
 75761.387
474654.255
598090.963
415410.216
 31573.147
-390893.603
-691311.032
-743373.933
-466630.766
175291.645
1182067.905
-110195.288
123801.479
 20531.163
-14652.582
-122272.347
   651.905
 -4085.320
-346227.754
-288078.714
465468.856
332978.141
336228.107
 96726.316
134607.221
244607.720
  8137.350
-795284.475
 98541.635
-29681.145
503483.938
  4420.293
106373.222
  3970.945
-87435.518
  1470.545
 36276.567
 -5926.823
  4585.578
-13163.392
-24288.068
610699.704
-41470.152
 66432.918
-213333.919
 -1317.883
 59053.359
 28451.911
-348223.415
 52663.262
 55647.540
 10518.472
 20561.927
-116824.523
-10071.439
287457.957
 35443.931
 57045.603
-75321.822
-38391.585
 -7049.674
-37397.597
253480.954
 57783.453
 47251.082
-121418.391
-15293.794
-211078.500
341052.279
-257180.983
-1005107.101
-27232.009
-788554.799
817241.195
142396.324
-275235.797
-596802.412
845339.165
 36161.880
1279331.806
-727150.694
 34259.171
-133816.773
-118685.094
614566.054
 15589.774
1061339.352
-734368.662
 90208.908
-325031.497
-466719.099
392208.207
192370.153
-106287.273
-117486.392
637175.604
6420023.168
 -2617.460
388531.294
-4763251.279
-39132.350
445196.099
-132014.763
 41417.098
269633.313
-61309.372
-38384.110
-121735.070
 41574.368
-104342.452
 -2504.155
-126008.755
-207676.260
 -6590.506
607185.854
2275570.035
177045.284
380013.522
-32078.655
-613809.237
-88502.954
250245.090
105328.593
286593.636
-27054.021
-792620.426
119375.696
-26369.924
550564.106
-201886.748
205806.572
104364.114
 52886.693
-297428.668
-54716.252
-147922.476
166394.174
115238.234
 51667.651
 59332.744
 47912.135
-50979.353
-2568127.690
394491.091
-86511.486
-151168.076
102984.187
 66461.536
 86081.966
170856.686
-73364.156
-55040.848
 54190.257
400097.702
-168178.482
-42284.265
-203568.131
 64011.870
-634835.913
358180.269
1659024.993
2424971.944
-3010654.916
-2775335.852
685467.321
 -6907.697
   453.588
-84997.609
 79309.738
 -7345.038
-104346.906
 -3875.246
-13239.496
-32115.677
329497.022
-70137.044
  4999.838
-158819.131
 22084.081
 86452.203
 16702.425
-379553.584
 43876.140
-16650.499
120856.984
  7676.186
-155732.784
 40457.440
 51028.513
-64418.148
 -5798.443
313814.165
 18054.301
652390.808
-904818.647
-865391.442
2589524.298
-985685.268
-1467128.493
-18782.098
 38592.921
 -9019.489
 38630.218
 -8645.320
 99082.005
 38388.999
 99181.575
  7624.477
561554.990
-153335.777
-702095.847
 50716.173
293427.911
 84062.812
-132214.063
-46627.867
 58526.945
 55949.617
 37135.718
-23395.315
-34171.290
120633.746
-57908.755
-417926.181
153736.242
 16549.439
239290.848
-53086.730
-23185.919
-177889.506
-114961.805
-67698.759
-21336.721
 17136.348
 46526.645
 68814.207
 85278.590
 96914.509
105468.017
111310.258
115955.730
118563.148
120873.777
122324.526
123783.708
124710.200
125065.253
125268.237
 22409.305
2407044.646
-2182020.972
-438207.137
-603828.623
 25678.988
102097.798
103882.360
-174420.916
-44324.253
-1335458.516
-225957.618
  6646.191
-535427.886
214146.082
155534.213
-2768039.250
-2587671.698
182686.900
 98406.153
205281.502
937431.279
 68549.417
-941437.430
338899.044
-192302.753
252754.637
-379635.550
-49845.020
-260988.681
-486819.342
-291958.846
-841591.026
228366.019
-858932.012
 64913.571
455776.666
-1576800.733
553661.144
116859.986
1064031.637
130296.868
-46764.194
-3500280.783
-84184.156
-3448413.729
425949.384
 59054.151
756315.041
-266149.525
-1587856.551
234374.013
-1607846.984
373559.170
-85338.270
782021.821
 27099.180
-483568.094
-16071.536
-445827.792
-287944.153
  3983.886
2804734.922
-809641.080
-203059.193
 89814.934
-1605936.644
153618.085
961595.634
 96878.360
808441.537
 62427.001
-829435.823
-2986769.517
151306.328
784041.721
-56996.014
129472.008
-198866.196
118103.402
-412912.515
150762.086
-670145.102
222284.833
-662101.852
 90107.499
-47508.418
412862.605
-140303.549
305071.328
-174670.883
623142.545
247948.815
-85849.144
-49516.510
-72077.735
 44398.092
-85874.170
-455573.199
307053.865
860816.741
103574.828
-397331.834
-517198.290
-775301.512
876676.726
216559.785
-4276765.554
264138.209
 60406.347
-189549.228
125213.058
-3085999.501
-94188.217
3314516.394
 95600.541
-37477.712
-635947.822
 67942.608
265666.257
804401.137
-210096.766
2804998.138
-752067.475
 21947.763
-734385.448
 13534.765
-208495.642
 81925.454
 84527.963
-603112.329
-229509.294
-21553.516
137054.004
-483219.293
-456589.511
-785008.275
-125219.085
1305169.709
-124016.387
521492.180
-1471990.045
-432357.139
 25775.803
-823206.802
-77346.466
 77247.804
965605.957
265653.788
-636183.583
729603.594
 12708.807
106919.680
180192.339
879176.391
-211005.974
596627.391
-240864.483
-117910.689
-577474.429
-122948.239
 56501.126
-1791492.108
-264121.724
1564341.882
795705.765
130578.111
1267252.963
-21696.002
2163209.426
216730.635
-1406660.903
-620850.208
-30467.211
3811224.870
140960.060
918129.882
-296896.923
2865228.201
 29373.538
135783.654
340928.443
 -5775.431
1332295.044
-33269.098
1844566.453
 27700.131
-10479.825
468240.209
122171.273
-270702.797
-1008615.603
-352698.882
-126068.412
547429.726
-144616.982
-23706.729
-178423.362
-23517.591
-178307.927
-115103.804
-23134.231
-114810.803
-1072637.155
-245624.546
-826377.761
-292448.723
-116965.212
1006798.347
-110257.392
-357306.342
667693.434
215401.348
 88656.617
 54240.931
-106927.941
592887.590
1965208.897
-148526.771
-1521569.758
-112394.341
-84510.524
409637.313
 29164.640
247582.647
-296223.397
-249315.539
1999484.073
-1341297.899
-989350.898
618752.012
1294062.094
897851.992
 26582.293
-796795.949
-1309403.156
-1455120.809
-1286369.974
-893168.141
-366205.433
221584.680
817595.123
1385747.752
1908713.889
-209469.222
571295.396
 83708.407
-90148.815
-556895.129
-11353.951
 33981.160
-235247.532
432529.995
-1238159.504
-932754.941
-327923.465
100612.229
300534.250
 32093.870
-191252.761
 28951.278
 88186.530
104678.996
-49976.295
-33676.768
181071.140
-1516561.839
-1668960.840
-977030.367
3637736.020
173387.455
195448.070
387598.353
-236975.973
-507249.960
173183.607
193250.018
234485.948
-103301.946
 11919.385
 -7634.826
133883.141
-88244.451
-308589.984
-69754.277
 89810.075
190287.819
-374908.091
-118778.157
170301.449
-198406.415
 42340.168
-160057.221
137789.264
-209738.665
-75897.000
128845.725
-37817.047
  5544.528
-76517.852
 92064.894
-94889.815
-24432.404
 13234.859
-64901.629
  3672.479
   121.424
 44649.165
-56231.694
 49350.982
-15054.043
-126098.708
-28316.838
  9181.385
-259922.614
447877.836
670228.368
-539957.649
-240934.387
-622015.399
279218.346
192912.176
-308213.246
-477035.059
382234.252
162173.800
444130.677
-217404.374
133143.528
-182122.567
-547590.220
330268.566
 83565.265
539302.913
-154377.115
 80088.730
-48886.734
-142230.332
 95351.554
-17093.202
 68026.495
-55894.035
1711142.593
-3757586.390
-87152.589
-198642.033
2644398.235
286483.094
-251605.129
 52890.063
-126376.155
-65237.291
 73345.774
135346.361
 35549.187
-86345.681
 34049.072
-15612.252
-3184776.071
1440400.908
-60478.132
-260078.354
1042906.632
210174.019
211176.502
-527819.843
-171497.823
-135359.392
324402.143
 83771.973
 17445.699
-20372.685
-132572.514
 97409.218
 66361.564
161558.143
-143315.934
-72193.227
 81308.837
 83788.814
-39907.811
-50353.879
-40949.982
 23252.881
 12499.201
 16867.587
-60197.874
    15.183
-35169.649
 31524.202
  3663.781
160493.646
-235408.600
-394741.669
264499.608
155527.881
220521.452
-183592.366
227496.837
-330516.203
-244978.140
255988.287
135291.305
 73215.384
-129126.266
-2392246.559
893603.413
2029742.775
-575026.541
670228.402
-535527.686
-199388.962
-26602.429
 25114.084
147396.240
-19159.427
-35412.098
-145008.619
 25884.553
-47030.012
169488.163
 20834.806
-81539.339
-230991.659
 -3306.832
 72187.859
-56665.476
 74368.410
 93941.126
-62975.350
-37857.626
-45892.498
 29257.952
-35944.428
 52151.379
 76527.545
-71982.559
-16876.456
-33651.316
 37824.148
-1154282.625
2647451.721
783556.129
-1033722.170
-2268051.769
-177389.697
412289.081
247956.327
-296281.380
247795.637
-295847.134
-249305.742
248170.905
-249322.782
610727.743
-1601321.626
-695079.337
113419.691
3460319.579
427667.469
-485733.125
103929.066
-150470.326
-29056.970
-16843.009
206821.781
  2824.673
 14516.827
-201546.979
1296561.422
-14567.388
-555591.522
-836897.369
 87182.023
175089.118
-64088.620
248734.842
-86649.620
-121399.141
-314873.440
-324324.420
-125974.977
123642.912
286149.575
307421.491
206013.974
 40199.096
-125056.437
-236929.394
-266173.886
-211033.532
-92021.614
 50559.431
165248.403
194536.317
-57665.854
399453.216
125539.858
-362461.966
130001.690
 20129.485
 32539.554
-42700.099
124302.663
 31709.461
-182980.494
-172803.782
156250.938
245138.662
1104663.342
-1006099.013
2918262.767
5598003.301
221870.184
-10000.736
198307.332
-191563.300
-11755.743
428104.351
-323154.151
184152.090
-23406.919
 27412.697
-845203.418
743925.459
-1122459.885
-805701.495
-219955.646
 70097.958
 72180.781
-1554575.080
1787668.234
1773339.083
-1587255.266
-291540.191
-373329.162
336556.568
-100865.966
135043.510
257269.361
-179825.432
-32179.456
-60493.564
 47565.376
193892.737
-118502.762
 68740.440
-11962.625
 13640.829
-104828.370
 35042.857
-51946.079
176462.375
-112822.460
 42543.909
-85864.938
 50252.605
-13023.292
 98517.550
-48797.185
-241619.225
152482.576
 10545.553
101836.054
-58024.682
-196931.118
248957.312
131171.236
-125256.471
-71228.860
 37699.477
 10681.657
1365050.953
-1428233.711
-1155366.283
269055.730
583423.233
1570221.660
-420066.996
-952125.218
1158351.885
-346167.778
494639.589
-536387.775
-244921.360
-162997.015
-382032.336
311110.580
470932.223
-77180.667
-99085.069
-508459.256
 67884.133
-371126.866
417351.962
411225.846
-233130.488
-154801.411
-208319.812
 99872.517
-1723132.702
-716728.846
-423325.501
-562155.998
1189137.528
-181979.646
-291549.117
230441.557
-212890.845
-245393.719
 83758.091
 78883.544
122541.079
-28555.447
-304333.683
145721.120
-1848150.519
1975417.735
 27462.584
-207061.640
-39174.938
685089.873
-248362.154
-1296330.833
603588.703
-71891.389
413603.292
-116024.102
-383031.837
451451.823
336451.069
-224311.692
-174209.172
261078.328
-34199.303
-11887.350
130400.024
-483825.662
240741.564
-92350.701
251002.267
-86289.131
-164411.278
200721.652
-159259.827
-17817.748
-64832.560
995026.682
-370872.806
1138210.817
-1732910.129
-826829.048
2096668.094
743453.899
-600741.513
-898820.468
242688.466
-203417.860
-595021.204
325721.755
 76301.952
268850.945
-119120.494
-913646.544
-1306903.285
1392321.608
-196439.116
967746.366
-332140.708
-20395.192
-42151.210
-76885.794
1143069.144
-639526.814
 71335.610
-727949.959
310073.294
-244751.325
286673.370
568598.245
-325853.988
-114138.960
-389099.917
168077.689
-163165.019
149887.908
279997.304
-121146.076
-51268.586
-244158.772
 73307.922
-191056.020
176039.446
301151.232
-170207.110
-46683.002
-97106.355
 38713.387
447672.623
313798.482
-270434.988
-336238.003
-193038.406
150723.531
 95063.023
-63894.095
248705.589
-63905.722
248655.654
-86752.854
-64078.824
-86718.620
1373564.015
-1703786.995
-1454540.678
967160.288
606363.465
446790.874
-211466.689
915273.413
-991683.087
-1004650.105
428053.111
412960.764
592809.033
-187400.095
-32048.616
 50374.734
 39094.752
-109899.752
 23349.908
 21139.685
 26879.913
1084219.903
763603.340
-136471.012
446895.213
-821776.556
926273.551
-783426.257
508347.846
-203089.104
-66652.835
268588.200
-390593.589
436134.014
-415600.057
343603.408
-234920.792
102584.058
 40418.547
-184024.794
321064.867
-1086631.476
 72832.303
276573.204
681361.335
267635.146
767741.410
458111.597
947296.523
653604.483
 31884.352
-1348877.506
1249545.415
-132202.113
-1275734.718
1055927.878
752053.671
858462.161
211483.560
-789514.034
517950.882
  -476.882
893988.466
1545350.602
1095380.777
515381.973
316989.869
-16313.774
370267.078
-2996621.747
-948629.947
-521901.132
-1175836.641
1664088.643
1015730.347
-1387776.151
2095854.770
723848.853
-3884797.157
-1138640.166
-1566704.465
-189168.669
125382.198
383519.094
306851.580
-876260.591
1018947.462
1725043.025
933295.418
104118.953
2454905.590
2980779.915
-737130.197
-1979489.070
-35675.485
-661642.980
133622.076
-785768.646
-734510.189
1561932.130
-345523.169
-801620.513
-578220.507
-720151.672
-150010.237
-2017785.774
356686.487
605359.115
-1692232.489
303991.170
-469912.258
1470071.203
1452706.472
-2221370.743
-1030489.884
774165.467
1207885.214
-518239.386
-28336.132
705403.890
194834.603
 41958.326
1532130.213
903812.644
-1697971.450
1589830.309
828766.582
-972211.716
-1454257.148
-1315998.954
-549345.799
2259593.771
-1252361.393
-952186.742
306212.592
-12403.410
489250.468
-1165607.984
-125575.825
-759572.981
-184137.057
-627134.979
467373.591
739160.782
-19683.036
-504673.576
-87582.301
2365784.551
3010303.295
1535136.771
524029.786
-943919.623
827336.708
358357.024
-20713.866
-17208.631
 21861.072
 18245.865
-21029.858
-22095.267
306503.508
537535.932
-1679808.090
-893406.826
676460.792
1080078.776
-827220.470
-526168.541
-114882.558
634166.590
272696.757
226026.318
-492213.500
148810.142
-1575536.728
-2741137.551
-972999.089
-620466.217
-155839.248
473542.683
-912563.957
281601.907
805117.168
-547197.334
-1755106.963
361312.834
-2396733.204
1497303.045
376869.579
-1022499.635
-481295.471
120701.609
-1079004.328
147058.897
-100012.590
-1412660.908
-428976.373
4077005.363
4040168.000
1146049.893
3765155.192
-975157.879
731287.693
-553553.539
-660685.668
173770.589
502851.980
-677270.408
-201321.897
-529996.135
517307.783
-36311.737
371079.912
902356.857
809918.980
-377042.754
1695769.525
-284056.862
771888.996
-1130778.690
-39404.215
-1450090.877
-231828.485
-592684.606
-1946808.713
166791.435
228923.970
-1488743.298
 68185.375
289636.621
-568662.643
-1323983.283
123442.732
632136.999
-593238.512
-20297.229
  9162.454
1006009.841
2239703.326
-1281040.365
-1475255.667
1447164.545
371694.717
-428977.443
718975.858
685920.957
-1324900.652
-19396.309
385728.559
404810.022
1169722.236
-2142968.411
-605247.395
-1988554.076
-2529697.974
-375800.850
 42402.671
264350.653
1084115.592
763898.006
1084383.141
764045.537
-136399.982
1084335.642
-136633.868
-1153465.494
390469.103
-707269.602
-492854.419
-441323.388
958274.597
-155534.203
-855650.608
1029535.085
1708544.803
1093590.476
1699053.420
-933073.752
507759.218
261924.449
-685371.155
-581391.576
-1940254.882
-337693.907
-670095.010
-321221.255
 28046.988
362635.251
-223949.639
-119018.601
147743.446
-111561.530
 82383.272
-66614.583
 61430.514
-59588.863
 59980.272
-60567.411
 61733.927
-62128.030
 62457.146
-62747.151
 63165.559
-63332.010
 63146.518
-63509.816
-20848.484
-618088.686
370322.618
2284599.297
462856.044
247452.226
-283339.668
158456.925
-2369404.770
589527.716
208226.817
809028.421
719871.962
-1601243.285
 46818.885
-184215.407
209167.041
-1875787.555
 63017.902
-482871.002
949654.301
 16377.504
646430.003
 65750.747
-126392.668
-385816.288
358093.999
385372.137
296544.285
305011.778
-1638617.023
666697.893
-230541.386
  2242.990
-805502.082
2477824.067
675851.927
-2040016.554
-1125466.952
-208915.208
753250.444
-1267124.250
-650479.942
-191233.996
1946149.200
130810.030
223563.693
-100344.100
-239062.811
2331905.210
-862051.995
-2009488.601
 65043.335
334536.639
534005.728
-27770.842
-1007083.653
-928161.018
1683509.808
 73462.542
-24024.886
-669910.406
-869082.518
312972.009
559818.737
-277634.914
-472020.167
452075.124
 60025.801
-213127.593
635771.780
565596.021
-84082.884
-125272.540
-553302.242
-191643.970
738916.919
-840910.997
288257.575
2222104.735
801190.903
836351.622
-1407739.524
608158.379
1015601.136
1997644.256
-1677105.003
-3138528.842
577783.762
845891.417
-1798447.314
-736439.672
-710543.200
-1439785.399
577584.333
642435.914
-252323.008
336079.578
-509100.950
-34143.768
3691413.591
579768.859
421463.824
-3330608.033
1922138.016
800684.020
589859.672
466029.462
1595856.185
159779.574
1826311.538
-41123.504
-1942711.728
-1098478.312
1038606.602
737661.641
565176.674
-251770.386
-1510865.838
 15985.531
-159983.930
352699.623
-39388.907
423735.663
119955.667
693817.497
183565.298
 85379.309
 31034.130
-157870.600
697779.070
-299909.005
390810.413
-242681.462
-339352.724
453237.723
625272.851
198797.591
-872698.522
197708.423
1149809.233
-630073.624
-1221603.211
-553292.904
 -6720.026
813603.601
-200773.039
 30038.555
-376239.123
-72569.638
-161110.799
-368267.942
257181.569
-391997.162
431286.655
532013.686
-205315.422
-252465.220
-83977.660
-253973.259
299080.076
-111395.564
-80342.403
2276842.088
849545.300
247937.738
-4544486.659
509232.819
-164154.968
527107.583
126236.345
108896.786
244162.457
147352.443
550797.539
159071.403
1242861.413
489641.312
-937614.089
-906252.048
-692328.534
370069.432
-2357917.461
-18667.958
-1974517.725
-296631.013
-45152.332
1794395.546
205698.485
431272.699
857637.183
258701.851
-31027.091
-183120.104
-857979.555
441452.322
149569.570
1006778.213
-52641.151
-576446.333
-57637.387
-35481.415
 37076.935
-94624.969
-268406.651
-51188.045
 59695.058
-81401.531
126484.867
-326859.892
331307.915
437650.544
 33331.198
-488603.727
608048.614
-126586.743
-297165.351
-1512309.987
-253315.388
-283032.696
-711800.114
102933.926
519050.412
567274.583
 28101.070
362790.500
 28003.186
362541.595
-224182.738
 28236.304
-224229.076
-437915.647
899047.115
1439947.687
1210818.708
-289697.859
-130934.823
-328313.956
478142.142
1143180.358
-415965.487
-1157670.518
-846861.356
151715.339
449778.455
-1034859.460
745909.712
628285.194
 64847.262
-688929.774
146916.976
-123160.921
121129.852
-474795.051
-605808.265
218889.022
186195.015
-427694.771
519711.715
-499562.018
407383.823
-283738.127
161494.329
-57714.877
-23244.240
 83637.630
-127988.053
159976.608
-182581.251
198933.436
-210573.923
218788.900
-188645.705
680904.702
897361.121
848532.741
836486.180
-294192.846
273019.629
-787542.538
-775481.769
488846.146
471283.874
  2377.104
708203.092
-718088.323
-123465.338
 49304.410
1245960.616
169305.792
231286.418
793607.317
 43178.657
232336.267
-1075263.140
174724.744
646711.064
-685432.321
-65489.647
174839.889
 63038.628
-176543.406
 -7420.437
551226.368
-528726.029
-52516.554
724402.880
-1516322.327
-2290874.374
1691903.324
669624.236
-742471.186
 54125.969
 34676.796
1019245.681
-515781.663
-879341.649
-896373.540
-1570520.985
215937.651
-220904.436
211825.190
900617.668
-201146.506
-119908.192
694545.485
-225531.042
 -1512.878
 33801.298
-1715204.825
-318509.784
-347063.228
-1797043.099
144989.182
-152117.845
-178675.000
-219775.737
536334.426
528757.257
-34307.788
-132711.986
129702.402
 -3129.628
-1156981.476
144201.171
154235.201
-1186851.507
-231497.260
250635.455
438394.070
477781.369
-465771.747
-485282.799
 40468.642
176031.086
-187882.701
-24523.736
-347737.226
-265812.530
-256328.025
-315865.129
301574.217
-294130.178
135663.843
-181109.739
-73909.355
-51218.836
-299198.300
 25561.538
-11151.257
-248294.048
261082.865
346338.420
548962.082
587811.892
-125324.003
490769.874
410827.657
671998.341
-341100.011
-333651.350
239455.490
-292774.660
278810.653
-48855.799
 64845.862
897063.508
722563.967
 78352.106
-572871.982
261638.274
497974.443
2132840.389
285773.525
248672.910
1630306.382
-137177.085
116751.965
-2119963.070
-547067.746
-136283.939
 66818.342
1420607.733
 67623.738
 79850.988
-37185.002
-94731.615
-218644.670
-206677.133
-52663.597
 63336.083
-56054.980
192764.994
923277.643
-443977.106
-458459.230
710209.403
2345876.878
-226824.897
427576.176
-511000.202
-362818.724
-162015.428
-835601.146
-103940.071
206464.187
-20218.630
-186737.443
452235.396
439534.424
-169598.610
-790809.718
773374.367
232279.122
226279.891
-905232.798
-945462.314
-22053.410
646886.208
-676170.866
 -9423.234
-687526.494
-634672.925
-650732.479
-683665.111
928992.972
-949967.793
-1202550.110
-778531.878
 28992.714
1336274.989
439661.421
1290191.346
 22544.698
-956880.651
-175914.533
1153122.956
993274.264
667526.377
-423499.493
356537.616
-835997.679
2690948.634
4217344.336
-1448699.629
-1887529.303
-2154430.454
161809.634
309105.289
229041.497
-801212.948
-785116.032
-75732.545
455057.107
-445358.876
410594.541
1371818.867
-533637.634
-534181.051
959349.682
254592.533
-253486.025
 97678.561
-234615.213
-279914.752
-292128.508
-337048.189
 56698.975
-69340.758
-164075.252
-172053.072
-23710.166
-28377.389
-11260.360
191729.740
-195019.726
-2149007.726
-142746.087
595125.511
244244.433
1656603.335
370552.364
-498715.209
120779.374
-474847.357
120971.508
-474638.562
-605924.185
120904.757
-605938.335
-2265184.278
-412803.186
656497.334
996731.942
2198673.553
384595.464
-265935.410
-1026690.213
-2022158.518
647980.430
639954.813
-995854.865
-243134.287
233671.724
1630939.421
-276809.786
-53512.819
  8858.395
-1850980.031
-559146.485
579760.534
-32800.130
-66748.459
 14147.217
112371.102
124770.801
 41144.494
-64724.088
-113036.094
-82281.784
 -5569.988
 63792.097
 89470.409
 65270.582
 10333.397
-45276.789
-74868.727
-65561.761
-22333.313
 33921.536
 66749.275
-1259988.372
-1385884.256
937434.685
803139.961
2514800.979
1262754.386
205827.796
-64149.092
-97680.953
146376.843
107292.912
-39138.924
-156892.111
 37564.273
 20045.766
-39688.022
-81629.371
 55547.660
 23938.642
 27937.661
  -354.687
-32666.455
 22217.229
-990672.420
-1211983.948
  5012.385
-10940.828
 84482.056
 68397.903
-50980.030
-61354.494
-44770.040
185591.810
 63681.846
-44709.939
 54880.559
-26092.726
  6265.752
-14838.260
-144828.107
-108365.429
192950.052
 38680.192
 -2127.869
1511027.921
2733520.130
-47641.010
 45814.724
235693.119
-22930.662
 58476.875
 60196.515
-122825.257
 20579.139
 46694.578
   597.398
-43814.635
 81557.777
479473.978
-16100.133
-47884.520
-69941.935
-307716.099
 75988.150
-143896.114
-104428.727
207622.388
   771.780
-92636.197
 29624.826
-15979.338
-10336.563
  1828.838
 20250.068
-15561.850
-35396.751
 14685.716
-28966.006
-20885.946
112335.207
-45619.334
 -9804.223
-71836.527
 29064.168
 13601.796
-95343.050
-68477.624
 86534.478
 43202.392
 17081.909
-33229.529
 38325.254
-72707.948
-63899.718
 60006.839
 13358.807
 -6004.999
   203.960
-82071.467
 16418.652
 69313.753
-44849.854
 17088.006
 10226.284
 -8938.226
-386582.168
302898.290
185223.325
-310857.419
 13496.945
-864612.341
667497.573
295752.186
-224195.319
-351453.812
391783.185
-19359.624
150166.578
-202807.706
141399.588
-110593.101
-170049.135
187026.126
  2236.723
726733.204
-443666.794
-32781.947
148791.901
 57779.020
-51937.669
-111451.660
  4014.219
  2002.539
-1407298.063
-1887525.750
617327.590
909430.390
2316952.603
555649.850
891098.896
 11036.777
 14300.687
 18780.015
-20606.281
-21734.140
-35911.073
 31433.953
-46366.114
 27989.765
776804.914
-807090.042
 12150.230
694787.666
-1180898.486
  5329.586
-34444.225
123657.600
-107885.479
 15143.648
 81023.714
-58557.526
 45379.151
-74348.138
-71697.941
 64380.185
 36473.797
 92882.840
-111544.666
  4569.544
 -1472.347
-113954.804
121195.749
-11082.126
-48102.450
  6016.638
-19850.653
 -4109.901
-119690.424
 91145.057
 17619.388
401610.475
-208551.093
695231.299
-257895.895
-173853.872
386319.654
-275947.430
-658831.079
254259.082
151772.727
-110507.389
-376062.632
420329.070
-80150.386
-74127.741
 10149.505
-1082476.629
-445214.428
886622.228
675364.200
 69482.319
-590118.062
-20769.722
 20356.001
 34399.322
 -8893.160
-42971.786
-45727.351
184005.710
-103975.433
 -2400.161
-21572.566
 25485.230
-34819.431
 24130.827
 80208.783
-57377.196
 20028.303
  5140.159
-120883.514
 98285.751
-16795.204
-45387.473
 22603.938
-40572.635
  1616.527
 13956.107
-13578.346
 34751.495
 40025.345
-37135.270
1154503.069
-12598.870
-799640.538
-125108.203
-267449.938
303427.022
 59906.976
 63977.895
-36641.676
 63810.487
-36905.580
-34556.572
 63905.914
-34222.457
-316619.305
705480.078
-40413.368
-402248.033
  5867.346
115427.398
 47586.455
-57366.468
 12281.820
 13721.344
 -7416.005
 32086.819
 43302.761
-33802.539
 30584.709
109485.565
202133.113
-265181.605
-36160.241
 13046.140
 20725.712
547340.990
-98997.039
 97532.823
160695.316
-53334.317
171913.296
-33655.611
 86370.009
-28211.168
 16348.963
-34082.475
-28410.366
-40683.695
-56114.558
-48022.180
-71720.979
-51359.930
-81940.615
-55061.079
-85312.534
268492.747
-247066.293
-496594.512
-441500.357
339551.488
-736925.808
-656265.029
 91606.595
119657.258
-170776.868
-118699.024
118391.743
255041.243
117438.251
-2925458.919
385596.720
3504914.247
397007.519
-255734.654
-1393720.147
-753884.001
-253766.500
432220.920
288690.793
161848.378
149540.493
109366.219
165539.025
539597.953
 91358.130
591010.782
-60275.585
110580.432
-46364.687
188012.151
567106.466
 43761.409
988337.944
-62458.625
354055.743
-631891.978
-124174.183
115641.427
486192.020
 50688.439
626104.972
-128290.797
399806.445
-579935.986
-224227.825
-525211.867
-304586.454
-585053.096
359244.559
-359152.609
-577441.191
3761694.554
 74187.416
-3730942.248
310558.761
211995.656
1555481.611
659777.805
-184685.939
610840.137
 70659.450
-219259.088
-242652.589
-64592.778
-438839.621
-525713.619
447557.277
-1073181.903
368534.341
218614.361
915461.398
463416.165
381974.964
-156720.684
-294890.899
-236770.106
207767.725
 94911.453
-41604.850
411991.608
-19936.405
-584331.319
626459.680
-229415.066
405719.745
-438413.413
  6821.417
793256.739
489018.846
-151199.809
-284314.301
-319474.588
 21435.558
660853.473
-448130.184
-1433599.328
-691803.087
 77083.264
1089572.411
-18519.990
119226.608
-302711.766
156943.711
 56348.516
421457.533
-106874.566
119868.228
-3216631.858
-229202.655
616660.327
-110074.468
 -1685.180
1818384.572
-59773.340
2562224.686
-669831.547
-2039411.114
-485305.601
120421.362
849018.291
403658.174
1631666.491
436959.715
-579679.335
-67603.809
-314699.099
-1675908.509
-159385.307
-3588773.298
-118627.359
3177484.045
-252486.899
 -1262.242
-1155348.109
-262506.849
 52906.196
-551077.898
110004.759
-445799.287
 89439.838
-69551.932
247480.855
-67734.996
-213249.019
456344.121
-86527.986
-137701.376
-410568.875
164271.849
191364.728
-229602.429
 -6748.654
-346994.890
 10768.759
736732.023
-129061.589
445430.101
-104921.855
-551274.246
-87075.294
151542.855
319328.307
212376.264
533087.045
-389081.828
-693482.896
-695453.079
235241.582
313574.907
563063.057
-727189.811
729213.347
1775151.606
122597.217
-573867.002
-912728.245
-165145.995
286749.677
-217037.514
-285549.887
 85919.759
-390567.443
127298.782
399660.337
-468539.859
-140064.715
270017.255
214566.076
-90087.185
249335.019
-163322.331
-1083683.223
188782.923
1216853.979
393060.907
219739.979
-337030.120
468969.960
-1557230.146
 81404.781
-1634835.393
-216801.671
 48358.436
1495587.142
 98465.230
 83489.790
258401.443
-290508.318
-626057.668
-711209.660
 93659.714
-559670.602
-262522.655
-917399.709
294111.264
-23354.739
365479.140
-56382.983
323147.110
-782678.220
223587.463
2041583.723
-395147.227
753525.169
-1883819.734
502271.599
-457641.859
-508150.871
526284.126
 15627.040
-218199.687
-207254.619
-370851.230
-2325296.586
212018.349
-1796005.471
 55903.799
-92188.847
2040119.611
-342850.943
271913.433
355016.202
272574.801
354321.725
 20915.485
272219.065
 21339.506
2866923.107
 -1821.637
185839.480
-521560.760
 93940.011
-1531213.692
426729.653
919783.595
355934.807
-1218296.489
369759.856
-310606.943
633294.533
-348381.264
-2194540.585
211802.573
3967612.012
513408.930
-124079.337
-2054711.822
-538406.170
 11012.127
-77623.340
 -2720.563
-45480.797
534545.264
-140563.208
-600830.264
-364362.228
154943.442
496565.906
497110.693
242524.731
-83647.427
-321250.881
-387993.228
-285350.223
-80241.935
126638.361
221296.852
 97855.938
-611998.734
1216432.207
-1497660.170
1218683.110
-652456.917
-892491.223
659308.755
1523076.961
-2585474.991
157880.271
-598725.818
1255401.808
635062.294
-933566.368
-3022048.268
1857058.995
299419.592
319050.854
-437200.164
1303647.735
-721932.283
 70616.348
-103532.113
-15430.849
 73245.553
  6214.469
-35536.068
-30567.715
-54967.587
107522.234
 74665.482
-78729.850
-59739.232
-71901.884
 41441.686
-216505.261
111584.992
1272917.444
3095589.228
-20602.143
-306103.436
-627927.082
180726.437
-273269.321
 -7082.312
 49875.837
 21178.664
-19840.444
 27507.116
172230.632
-242657.426
 84988.800
-107364.817
141487.446
-33868.912
-78064.895
-61477.253
144122.895
2524503.710
2884186.948
-99524.839
-323842.611
-188887.696
 -2194.157
 63598.785
-60344.502
 22361.564
-16075.831
 43090.650
  2977.261
143575.633
-217834.734
-654562.231
851218.152
 97343.843
 54947.940
104292.857
438321.036
-414431.178
-321911.412
150025.146
124170.380
 52926.425
-40729.575
-21615.667
 39302.372
 66920.607
-34633.931
-42285.241
-64395.629
 17211.005
-21527.048
-42712.443
 23566.350
 28533.895
 34533.932
 -4211.134
-31758.627
 60956.021
-120298.015
-116952.747
102495.555
 35611.396
 54507.273
-50962.162
 69733.139
-73846.323
-104771.891
 73428.464
 14489.631
 25762.780
-31338.350
-57802.937
 43327.856
 58900.544
-17886.625
-47824.993
-13466.250
 20888.730
-574016.303
1064022.585
929070.723
-549113.038
-720948.606
-1938318.514
608270.684
470418.399
-851378.529
-887581.804
504405.021
560385.401
1316969.659
-689667.932
222070.313
-419830.879
-497805.863
224278.976
289036.131
1461273.131
-354328.825
-264396.064
362532.213
311337.924
-234384.938
-112634.646
-106695.343
 76792.009
-1021213.311
1830738.318
 -9895.804
116469.724
-2229598.138
220690.759
416472.222
 -2559.852
  1361.074
 32201.495
 -3755.922
  2297.869
-30623.921
 -2758.586
-179173.306
324813.673
1754692.339
-730558.324
-204968.842
-899193.904
-1289930.201
168041.852
-253982.260
-195888.469
127934.346
146384.240
140508.475
-41727.681
  5416.350
-38322.192
 30526.638
-23005.942
 29520.920
 58490.446
 16110.884
-160138.576
171862.629
406864.575
-386271.279
-39021.444
-204059.894
145144.952
  6571.733
 27947.350
-340570.395
211193.377
-50948.642
777122.637
-174489.530
718988.445
-826381.891
-870272.456
737300.979
518062.000
181900.935
-508654.126
 91441.311
-168286.608
-151330.078
 -3933.699
139534.001
 72457.434
-85979.121
-2508230.123
1847028.006
1516950.626
-729877.332
-345891.760
-259354.446
-51777.393
 29750.057
-27308.012
 47379.909
 -5672.491
 16981.176
-66675.544
103790.897
-14972.220
  2611.534
106024.102
-83771.806
  7154.632
-57085.933
 88817.052
-28488.435
 61767.433
 15839.049
-53357.616
-28062.551
-11371.545
-40965.046
 -7308.072
-85818.340
 26240.064
 23410.273
 60374.369
 -6968.574
-10368.325
2136633.513
-2636470.456
-1846081.874
1367356.023
1206286.268
544520.159
-399668.241
205253.057
-285531.849
205272.165
-285669.124
112843.848
204963.559
112792.627
-1728193.798
2629639.413
1528206.474
-1412593.005
-1117529.789
-443956.914
415485.634
-33203.935
 39783.687
 31640.711
 13283.790
-59160.718
-14896.125
 16413.965
  2331.676
 87853.685
  -410.631
 27833.869
-53018.349
 -1065.814
 25203.832
1131779.822
-98997.039
-105755.303
160695.316
200086.007
171913.296
130202.388
 86370.009
 48867.069
 16348.963
 -7877.444
-28410.366
-44467.893
-56114.558
-64849.216
-71720.979
-77424.788
-81940.615
-84195.426
-85312.534
-104347.209
409918.701
257005.650
822941.815
-335473.467
-168956.720
-829766.969
-1594535.929
795938.543
-552913.342
-327267.421
-82285.687
1055707.176
-681073.423
-93411.500
-247066.293
-212728.476
-441500.357
589076.878
-565274.820
-1341855.825
165104.165
119657.258
-169441.872
-118699.024
120895.447
287347.349
117309.005
-1370215.600
385596.720
1239215.798
397007.519
-236321.443
-422005.524
-279047.350
191061.985
432220.920
383818.749
161848.378
-369234.771
-552753.593
-266449.289
 69075.533
 91358.130
197666.225
-60275.585
-379563.115
-48899.253
-466266.505
-418072.291
 43761.409
-751810.533
-62458.625
-396856.298
383430.410
196705.705
-198097.944
486192.020
-200198.359
626104.972
-286058.569
-512891.871
-80893.995
-324013.837
-525211.867
346593.411
-585053.096
-413643.946
-339064.123
664299.904
3836161.614
 74187.416
-3399648.375
310558.761
-317924.902
1191491.719
216076.127
-122028.665
610840.137
-290537.325
-219259.088
-130439.651
242188.107
-186707.709
695559.961
447557.277
-1433492.929
368534.341
-154848.813
686136.698
-63902.678
925546.816
-156720.684
-605910.575
-236770.106
-256975.590
299593.371
-137341.549
417473.526
-19936.405
298118.844
626459.680
-525523.514
-257090.268
-207627.909
268847.183
793256.739
884360.544
-151199.809
-673574.352
-560829.364
-1015683.433
920933.492
-448130.184
259439.779
-691803.087
699136.898
-477631.574
948935.772
697306.326
-302711.766
-672448.882
 56348.516
 72817.523
536472.882
273287.645
4631125.347
-229202.655
-964113.096
-110074.468
428352.726
-1127385.072
 90939.745
-3089552.179
-669831.547
1647548.078
-485305.601
666007.275
-388024.288
555723.062
-2341854.061
436959.715
1676423.798
-67603.809
 75306.764
346813.047
-113266.091
-2707444.923
-118627.359
2090344.209
-252486.899
341275.026
-856361.765
805410.028
713115.585
-551077.898
-149825.909
-445799.287
114311.537
-17033.716
350924.315
-627875.411
-213249.019
1912442.534
-86527.986
784072.372
-996897.747
478370.753
-994461.122
-229602.429
1350762.166
-346994.890
-129954.886
716281.293
 75044.078
1324365.830
-104921.855
1088897.907
-87075.294
-62775.499
-1790285.578
-11430.425
-1812408.099
-389081.828
5494861.195
-695453.079
-319482.434
-815183.397
-689558.443
-61579.490
729213.347
-1217078.651
122597.217
191145.887
2232594.276
-73412.190
-155013.321
-217037.514
-49768.104
 85919.759
-102268.157
 35634.612
 51453.604
-1675761.254
-140064.715
805904.049
214566.076
-276989.160
824133.899
-129011.901
-2254670.284
188782.923
1914812.269
393060.907
 69929.640
-702587.359
116546.686
 70684.639
 81404.781
-14435.871
-216801.671
-350306.007
 48236.569
-426569.045
-88290.294
258401.443
1630877.833
-626057.668
561724.300
-1272635.521
-472257.709
529532.067
-917399.709
-821460.455
-23354.739
617487.346
309829.187
817908.222
 80366.390
223587.463
-736781.208
-395147.227
245659.500
672052.319
974075.109
-189956.616
-508150.871
526172.506
 15627.040
-519275.938
-278108.191
 71067.853
2094154.788
212018.349
194807.356
 55903.799
-405360.468
-1854911.305
-433508.750
-279309.064
355016.202
-279770.056
354321.725
-327458.821
-278944.276
-326507.670
1276858.462
 -1821.637
-242566.523
-521560.760
-380164.837
 11973.951
-582106.784
-1647396.374
355934.807
2104430.396
369759.856
-651239.811
-908091.555
-407891.597
-1764002.946
211802.573
1516829.637
513408.930
-13515.914
-441978.420
163977.051
# -----------------------------------------------
# 
