# -----------------------------------------------
# 
  2746.188
395004.587
-3206949.940
9918051.247
-12473505.213
-184791.992
11502963.666
3189440.992
-14803262.057
-3484566.506
6168450.978
9810513.983
3829306.414
-10646980.603
-6989487.210
-1212433.685
6833475.424
8044598.557
1251663.546
-14636014.159
6694684.569
 17764.261
-204740.571
1297093.739
-5175237.654
12689208.265
-17043302.746
7176434.362
8428560.039
-5640743.546
-6129315.879
-348997.306
6955172.055
2731496.933
-2783901.543
-4551149.471
-454073.314
3173937.267
2393831.208
-3379422.455
847358.851
-416448.085
2025548.665
-4204902.885
2796499.889
2168573.190
-2278700.892
-1881295.653
-722871.971
4537378.131
 95894.601
-829105.084
-3686655.218
-1381728.314
5548891.816
687187.957
-2044931.845
-1215256.522
-873879.846
2593019.289
-952583.954
-1273998.916
-474908.493
-596394.479
475436.461
-372457.850
-1019558.167
-522094.272
-77188.554
-182321.005
-341768.740
-47422.798
 46414.653
159471.983
334807.542
128127.005
118510.798
889943.926
658634.475
814394.401
-400775.562
545310.392
-2542832.416
5182710.007
-3189427.381
-2922933.565
2033396.452
3288421.329
227637.920
-2555996.481
-2318292.629
-129072.221
1997408.637
2119049.572
543389.809
-1148012.069
-1996266.482
-1006239.984
1101237.207
2181748.391
-1359924.620
  8104.201
-136215.589
1254008.378
-6858844.246
22344849.642
-40815417.516
31479458.086
12951636.161
-27431258.223
-14340168.362
18516194.513
22471682.446
-2654924.510
-23316387.521
-14902126.622
10680152.432
24812163.896
4338614.057
-31806867.474
13405671.449
 -6309.270
141495.592
-1570162.045
9772156.875
-35462594.235
72389072.992
-66197722.381
-15068335.343
59333725.091
16510555.658
-42348522.985
-39721853.278
15634395.515
46592544.391
20004871.194
-25307329.274
-43603407.495
-88808.341
52128075.083
-23131967.946
 -5556.473
136545.034
-1590566.624
10242505.389
-37574579.138
75337704.227
-63844055.896
-21991923.985
54998809.630
27440303.568
-36032143.657
-44191995.110
2138326.980
43056697.821
31613930.718
-14157625.291
-48818828.939
-12560127.878
58840782.072
-23038022.930
  2941.448
-72247.352
883472.807
-5397092.959
16840225.868
-24314185.536
5454096.850
19243724.889
-1431403.226
-17195900.304
-10021792.942
7373462.622
16268118.980
9126614.746
-6446144.152
-16567952.871
-10326594.444
8898274.701
20560550.435
-12878087.002
7127712.777
-9680409.766
-523881.228
7801382.119
3368649.573
-5719057.343
-6242381.317
571676.308
6702793.827
5249318.905
-1595344.272
-6512723.716
-6028305.134
-519284.118
5649506.812
7757617.179
2754504.354
-6077049.518
-9447183.130
7014537.758
 10900.351
-20071.124
-159327.956
474188.543
-73580.689
-594834.783
-124041.928
386506.967
481834.608
187517.319
-142589.871
-371686.944
-414090.677
-340841.761
135969.767
455189.409
250802.872
304209.453
-50816.523
-395280.355
  2065.896
-102989.559
740403.387
-2160261.256
2029938.965
1623169.800
-1392892.249
-2800473.194
-988597.223
1263962.225
2582850.027
1980373.711
461613.349
-1181339.879
-2243132.250
-2334200.311
-1690897.806
144640.410
1135142.097
2909374.250
 -2009.015
 39952.604
-442280.388
2685982.067
-9014671.482
15681732.189
-9658367.835
-6840657.455
6456278.947
6928490.055
-1021553.421
-5810708.748
-3895972.177
1244581.229
4141517.301
2743884.940
-1033573.856
-2601492.124
-1015512.164
1414263.460
  1554.460
-70778.033
932075.543
-5979862.178
20866067.318
-38623479.137
27891955.121
15475369.073
-23769628.983
-18378828.491
14226223.779
23935031.618
2322054.276
-20259452.875
-17551744.710
5048858.138
24900296.366
5941099.763
-27464534.126
10557666.430
 -2338.123
 30758.202
-185762.160
366069.669
656555.568
-3279169.757
2224761.977
3556586.519
-1291672.907
-4754633.116
-2135685.451
3008452.382
5165176.832
2268416.580
-2643952.287
-5832741.827
-3270904.807
3714683.183
7398372.630
-4992855.117
-17087.994
246451.995
-1135744.431
1845883.296
 20405.285
-1580658.040
-1154146.873
350547.995
1537396.873
1468415.530
834948.774
  6909.216
-508270.704
-1648056.636
-1501604.248
-1039665.769
-527981.962
-256786.999
1031098.464
2027683.857
 -2257.058
 82634.997
-996786.108
5762940.497
-17669750.456
27264775.458
-12796026.106
-12518315.013
1842671.289
19884756.264
542840.408
-8686257.938
-12634567.403
-1652428.834
8251620.924
13018868.979
-1857536.538
-6118473.847
-8526924.229
6808170.057
 -2063.426
452281.536
2058511.303
-2022238.281
-1458845.761
-1008152.924
-509170.641
-342223.618
-14195.513
171120.363
-28914.883
100986.447
455655.163
168395.984
241939.823
251749.701
289709.319
394086.633
403257.742
469730.493
   198.829
-449379.374
1745729.286
-1721307.708
-648329.661
632186.620
918554.755
544389.448
-294678.694
-652312.679
-704820.067
-322912.775
224237.851
618331.326
589753.426
310243.608
-179058.996
-613641.359
-686411.210
688423.588
 11954.568
-209275.296
1495147.152
-5695998.958
12100747.146
-11919552.876
-1429259.351
10049184.795
2577193.602
-7880325.805
-6434977.954
2192225.211
7593555.084
4834714.132
-2544959.776
-7100763.413
-3931677.743
3429240.081
7366992.381
-4503206.402
  3487.873
-49723.678
461294.145
-2880703.498
11477406.813
-26446820.365
28305328.013
1505379.606
-22052159.211
-7248211.569
17191744.307
17870120.187
-2048303.040
-25609034.751
-10135434.324
9708591.319
23245820.109
4686303.269
-30766561.833
12781686.796
   505.474
-28749.692
347434.284
-2287693.388
8892169.026
-19679075.926
19848989.135
4341558.072
-22603855.488
-517018.701
17351689.105
5967903.103
-3459731.205
-15997239.375
-6485143.398
10542360.427
15517077.662
-3885072.578
-15210844.596
7344505.020
 -4292.430
120385.188
-1336013.848
8342428.583
-30749540.594
64328904.558
-61289257.208
-10458707.701
51649407.185
17854709.055
-42657633.276
-34197418.636
13268355.669
40534730.004
25036007.847
-24136806.304
-43152688.280
-5324997.803
56255781.806
-24082982.862
 43235.261
299392.171
-2580550.158
11630790.175
-27309081.465
27082785.333
5932438.743
-22212527.403
-10941553.475
13645198.683
18744752.646
2723335.875
-14550095.603
-16467417.769
-2608157.127
14477819.207
16413455.694
-2335660.699
-22776846.063
10847816.739
 53676.315
-83371.399
665707.461
-3064757.745
7588427.813
-8108912.565
-1254102.774
6731334.491
3000390.422
-4483933.564
-5487961.538
-599705.292
4619108.781
4764297.184
465807.185
-4143144.501
-4689734.916
631431.521
6489307.372
-3045973.806
 69702.388
-124649.848
1173157.281
-5676124.533
14234506.238
-15342536.072
-2218542.773
12940691.671
5250017.747
-8449032.992
-10834928.228
-1010387.164
9289969.617
10147200.084
720582.044
-9356255.798
-10189340.420
2095876.146
14455000.507
-7111334.608
 58748.126
 87870.678
-795536.320
3681279.796
-9004439.359
9937808.523
624469.380
-8279326.374
-2602858.419
6266093.766
6706663.958
-453767.505
-6784594.576
-6388219.228
397254.131
6751989.664
6984128.643
-2114423.845
-10365807.983
5355481.234
 70033.365
-104209.837
928453.501
-4309308.206
10321687.451
-10413462.038
-2122286.659
8514961.237
4061619.657
-5198509.260
-7177103.455
-1081330.342
5774150.375
6291056.499
684758.419
-5391257.452
-6138012.792
713466.082
8827212.013
-4187373.415
-35606.008
639259.014
-4881156.969
19518097.620
-44435530.349
54464800.324
-18089726.256
-35129163.936
23516949.067
31908694.990
-12934428.065
-34762738.233
-6426883.698
27670401.565
26761665.715
-9644553.833
-34232274.938
-8844428.843
41521939.526
-16580808.911
 -1933.044
  3622.211
 80544.492
-169591.596
-1362803.359
2785526.668
9475702.697
-18973357.470
-26470263.774
52182222.455
22956865.764
-36782262.397
247208.968
-41467937.954
13630732.603
17237291.277
3041782.009
41186956.426
-31105646.120
-6495198.005
  6453.911
-113122.861
852395.879
-3674672.055
9912412.853
-16051264.498
11527857.312
5094743.564
-10734120.368
-4567989.913
7601370.581
7062529.026
-2031540.879
-7263805.086
-3867543.091
3479373.481
6156242.567
644021.188
-6395993.390
2362532.058
  2754.905
-262933.030
4525385.626
-1644729.539
-2048205.623
-1532639.294
-1143373.160
-729440.286
-523920.092
-172709.085
 26388.320
 71765.489
285372.494
292298.372
371800.439
258217.305
590076.425
647805.014
566342.587
479227.456
896764.771
-32401.829
-656931.305
-1505714.209
-1183588.146
-321385.174
1430196.059
2437134.807
2238503.940
115104.337
-2167169.345
-3353334.560
-2365428.341
313625.876
3063347.485
3912075.663
1526640.551
-3022358.059
-5227724.691
3692283.085
128920.748
-1241404.874
-700404.217
1832072.542
1768050.427
-1271471.324
-3076304.594
-639187.033
2824410.013
3183989.451
295393.701
-3171839.593
-3601981.414
-948884.704
2887805.179
4079502.415
1638938.388
-2960785.452
-5041997.793
3649519.024
-10328.978
3376235.307
-12510883.546
8094927.456
6844444.932
1267716.464
-2514634.823
-3756155.358
-3740972.191
-2465395.423
-776858.268
937641.639
1935092.003
2515916.032
2472616.382
2119861.411
1137814.943
-74887.202
-1469600.956
-3304102.180
-11069.598
130564.906
-1073435.180
6149638.520
-22472479.906
46625049.830
-40829779.977
-14917723.795
34201452.248
22327163.543
-16515731.127
-30774846.738
-14215276.494
14225908.180
27776033.451
18685606.116
-5835917.811
-26617325.458
-22474861.194
25616753.574
 31668.944
-559649.644
4013242.202
-13711020.980
21421758.706
-6788706.793
-15360345.779
1983854.443
13394008.437
8921037.204
-4715937.761
-12415605.025
-9145713.710
1084192.788
10004132.878
12353499.235
2689868.159
-10196822.822
-14178165.857
11175264.293
-20321.456
-1236868.745
-9186367.798
-26727687.746
-28698878.330
8312871.932
24081999.169
-17052354.761
-12066671.268
24173946.934
-11317259.519
-12123765.314
21701462.108
-16143224.762
-5307177.355
25906602.552
-19964801.020
-11396408.908
33654274.155
19163957.333
 -4129.071
-905048.010
-8144130.239
-15495969.118
-2417764.852
8242648.440
-4862805.058
-139477.200
3019675.986
-4264225.301
3889608.595
-3195220.695
2038792.191
-845406.434
132656.371
745080.381
-1470523.568
2183195.375
-2625851.073
2814856.073
 33592.333
713776.213
3413478.739
3165798.107
-1617107.068
320309.108
707726.141
-1105659.999
970593.595
-725595.547
330878.100
-342800.455
193697.605
239026.727
-490031.752
284504.475
-286651.269
271481.812
-416084.952
555713.852
1049079.075
2343966.807
-1135568.967
-4182872.407
-3926809.626
1131395.118
5782956.566
6466487.678
1691197.827
-4664901.366
-8134266.234
-6244427.807
-225302.379
6191258.503
9050807.265
6358092.315
-1663500.450
-10115568.040
-9689957.580
10170693.866
  1113.695
222766.933
-54437.274
3532773.034
413868.084
-1967174.949
-1046416.980
-857368.604
426046.786
631781.298
752933.324
892395.674
308998.344
722642.120
270729.690
101720.353
-385985.588
-368650.027
-1002955.518
-708313.811
 -6788.910
1965649.023
-2320066.019
9591636.499
-25119580.736
20015095.021
13617550.390
-13409093.887
-17811850.238
-2233184.760
13596290.925
15761442.212
5643122.780
-7803222.145
-15657070.325
-11687554.081
1429469.585
15031945.278
14939167.645
-14724664.504
 -1542.758
222766.933
-3712591.358
3532773.034
-169068.092
-1967174.949
-1667794.779
-857368.604
-117189.213
631781.298
709315.114
892395.674
658845.549
722642.120
308434.492
128349.772
-162283.757
-426757.846
-619080.365
-736554.600
# -----------------------------------------------
# 
