-----------------------------------------------
Weights: [  2.85871874e+03   1.01252622e+02   5.48447688e+01   9.19011355e+01
  -2.28148767e+02   5.11883071e+01   2.17347097e+02  -1.43632799e+02
   1.52272974e+02   8.91104650e+01  -3.63128779e+02   5.32978596e+01
  -1.05471794e+02  -3.34813324e+02  -3.49194663e+02   4.15024491e+00
  -5.49852564e+01  -1.68726090e+02   2.06594998e+02  -1.72094313e+01
  -2.28205022e+01  -8.90358652e+01   8.23341825e+00  -3.79263512e+01
  -2.85423345e+01   4.04580451e+01   7.19622941e+02   2.43586945e+02
   2.17101580e+02   1.47582699e+01   3.47143719e+01  -2.85244457e+01
  -6.07306433e+01  -5.16278901e+01   2.96331030e+01   5.19268588e+01
   7.57647537e+01   9.38517150e+01   1.61510991e+02   3.06319802e+01
  -1.38148026e+02  -3.12318023e+01  -3.65546154e+00  -1.79302365e+00
  -2.34336261e+01   4.58964299e-01  -1.22328438e+01   4.18614398e+02
   3.70721440e+02  -1.75327486e+01  -2.43624904e+01   1.34184223e+01
  -2.24867155e+01   5.29297808e+01  -9.60961838e+00  -6.04937004e+02
  -1.02163924e+01   4.89948422e+02   3.02254895e+01]
-----------------------------------------------
Weights: [  2.85871874e+03   1.01252622e+02   5.48447688e+01   9.19011355e+01
  -2.28148767e+02   5.11883071e+01   2.17347097e+02  -1.43632799e+02
   1.52272974e+02   8.91104650e+01  -3.63128779e+02   5.32978596e+01
  -1.05471794e+02  -3.34813324e+02  -3.49194663e+02   4.15024491e+00
  -5.49852564e+01  -1.68726090e+02   2.06594998e+02  -1.72094313e+01
  -2.28205022e+01  -8.90358652e+01   8.23341825e+00  -3.79263512e+01
  -2.85423345e+01   4.04580451e+01   7.19622941e+02   2.43586945e+02
   2.17101580e+02   1.47582699e+01   3.47143719e+01  -2.85244457e+01
  -6.07306433e+01  -5.16278901e+01   2.96331030e+01   5.19268588e+01
   7.57647537e+01   9.38517150e+01   1.61510991e+02   3.06319802e+01
  -1.38148026e+02  -3.12318023e+01  -3.65546154e+00  -1.79302365e+00
  -2.34336261e+01   4.58964299e-01  -1.22328438e+01   4.18614398e+02
   3.70721440e+02  -1.75327486e+01  -2.43624904e+01   1.34184223e+01
  -2.24867155e+01   5.29297808e+01  -9.60961838e+00  -6.04937004e+02
  -1.02163924e+01   4.89948422e+02   3.02254895e+01]
-----------------------------------------------
Weights: [  2.44442181e+03   7.90347480e+01   1.34054067e+02   7.83783309e+02
  -6.89638285e+08  -6.54386853e+02   6.81722469e+01  -5.39689097e+01
   1.45213286e+02   1.25634540e+02  -4.09437373e+02   6.91531124e+01
  -1.24883120e+02  -1.13117719e+02  -1.02995030e+02  -3.09412647e+01
   1.40373753e+02  -2.56006600e+02  -9.16705173e+01  -4.78008032e+01
  -5.07901119e+01  -3.22360416e+01  -5.15457802e+01  -1.63166992e+02
  -6.40197209e+01   8.32403255e+01   6.25353364e+02   9.99530980e+01
  -8.92414498e+01   2.37892362e+02   2.07073364e+17   2.16260757e+17
   2.13931572e+17   2.12099189e+17   1.93177722e+17   9.65853743e+16
   9.95418839e+16   4.64759979e+16   2.78505279e+13   2.01916382e+13
   3.33206160e+13   3.40266413e+13   3.50857893e+13   1.50551206e+02
  -6.56287957e+00  -8.80317238e+01   8.21170191e+01   6.91908188e+08
   5.36703328e+08   2.17103177e+01  -3.97744140e+01  -5.24057755e+01
  -5.41412144e-01   2.44381327e+00  -1.77990263e+01   8.54827989e+01
   1.40156057e+02   3.75725105e+01   1.85692479e+02]
-----------------------------------------------
Weights: [  2.85871874e+03   1.01252622e+02   5.48447688e+01   9.19011355e+01
  -2.28148767e+02   5.11883071e+01   2.17347097e+02  -1.43632799e+02
   1.52272974e+02   8.91104650e+01  -3.63128779e+02   5.32978596e+01
  -1.05471794e+02  -3.34813324e+02  -3.49194663e+02   4.15024491e+00
  -5.49852564e+01  -1.68726090e+02   2.06594998e+02  -1.72094313e+01
  -2.28205022e+01  -8.90358652e+01   8.23341825e+00  -3.79263512e+01
  -2.85423345e+01   4.04580451e+01   7.19622941e+02   2.43586945e+02
   2.17101580e+02   1.47582699e+01   3.47143719e+01  -2.85244457e+01
  -6.07306433e+01  -5.16278901e+01   2.96331030e+01   5.19268588e+01
   7.57647537e+01   9.38517150e+01   1.61510991e+02   3.06319802e+01
  -1.38148026e+02  -3.12318023e+01  -3.65546154e+00  -1.79302365e+00
  -2.34336261e+01   4.58964299e-01  -1.22328438e+01   4.18614398e+02
   3.70721440e+02  -1.75327486e+01  -2.43624904e+01   1.34184223e+01
  -2.24867155e+01   5.29297808e+01  -9.60961838e+00  -6.04937004e+02
  -1.02163924e+01   4.89948422e+02   3.02254895e+01]
-----------------------------------------------
Weights: [  2.93099205e+03   9.95755252e+01   7.61680506e+00  -3.97460177e+02
   2.05776260e+02   2.89840172e+02   1.69601897e+02  -1.40012423e+02
   4.14168909e+01   5.53832024e+01  -3.63558766e+02   1.04041963e+02
  -4.40310035e+01  -1.99918872e+02  -1.09746809e+02   1.58203188e+02
   6.85118959e+01   5.48287700e+01   2.22500337e+02   1.46956577e+02
  -1.76200384e+01  -1.35401874e+02   4.75924553e+01  -4.83953328e+01
  -2.61641701e+01   4.19689536e+01   7.27703209e+02  -1.56551014e+02
  -2.10371342e+02   9.70453499e+02  -6.74496892e+01  -2.14736423e+01
  -1.24960094e+01  -6.71794403e+01  -9.29377963e-01   1.38359575e+01
   2.47018907e+02   1.94211800e+02   1.03151849e+02   5.13924000e+01
  -2.22839337e+02   1.16922363e+02  -2.84714798e+01   4.05500271e+03
  -4.56449848e+01   6.09162228e+00  -2.16355140e+01   1.17444113e+02
   9.37164550e+01  -1.03012697e+01  -3.50235920e+01  -2.45231999e+02
  -2.05756778e+01   7.18087852e+01  -6.92112292e+01  -2.95231931e+02
  -4.12886641e+01   1.78232869e+02  -1.53881406e+01]
