# -----------------------------------------------
# 
  2746.188
    57.347
    36.295
    99.510
  -551.969
    60.192
   192.293
  -121.175
   166.542
    92.106
  -195.452
    77.116
   232.174
   -30.902
   -54.216
  -120.239
   -26.405
   -36.051
   -22.101
   -22.077
   758.794
    61.456
    44.928
   271.960
    56.684
   -68.944
   -65.783
   -48.000
   111.002
   228.025
   -12.811
   -34.057
    -5.995
   408.213
   340.563
    -6.710
   -39.851
    -4.250
   -11.185
    24.180
   -11.830
    62.400
   -33.199
    45.896
    58.343
# -----------------------------------------------
# 
