# -----------------------------------------------
# 
  2897.238
   185.279
  -128.701
   -78.810
   113.893
   302.408
   409.891
   414.030
   328.003
   182.921
    14.483
  -145.388
  -272.522
  -351.385
  -374.163
  -339.105
  -248.741
  -108.320
    75.410
   295.091
   543.362
     3.864
  -132.422
  -211.141
  -187.932
   -95.309
    -3.206
    51.667
    66.614
    54.372
    29.663
     3.474
   -17.954
   -32.182
   -39.208
   -40.303
   -37.204
   -31.645
   -25.113
   -18.769
   -13.443
  -269.915
  -284.924
  -132.941
    24.412
   102.692
    82.235
   -11.533
  -131.882
  -233.324
  -286.760
  -284.207
  -234.750
  -156.453
   -68.759
    12.309
    76.010
   116.781
   133.161
   126.499
    99.787
    -5.465
    -5.465
    -5.465
    -5.465
    -5.465
    -5.465
    -5.465
    -5.465
    -5.466
    -5.466
    -5.466
    -5.466
    -5.466
    -5.466
    -5.466
    -5.466
    -5.466
    -5.466
    -5.466
    -5.466
   -94.157
   -94.157
  -208.349
  -208.349
   -94.157
    90.675
    90.675
   360.987
   176.840
    16.475
   -36.475
   -13.293
    46.120
   111.826
   165.253
   197.127
   204.927
   190.580
   158.600
   114.686
    64.721
    14.121
   -32.547
   -71.748
  -101.004
  -118.842
  -124.660
   133.887
  -246.590
   282.969
   296.543
  -925.729
   372.995
   806.924
   183.407
    51.381
  -148.080
  -261.487
  -123.428
     7.343
  -210.911
   180.313
   -20.405
    64.473
    55.662
   -13.536
   -65.828
   -75.212
   -49.121
    -4.619
    42.938
    82.940
   109.126
   118.310
   109.210
    81.630
    35.967
   -27.071
  -106.608
  -201.670
  -311.220
  -403.539
  -373.460
  -485.099
  -447.116
   -69.418
   255.438
   261.246
   -30.244
   -29.318
   -68.732
   387.269
    75.574
  -570.578
  -345.571
   -67.978
   307.869
  -222.517
   548.670
   117.864
     0.451
  -215.272
  -195.102
   -97.279
    54.291
   105.169
   113.491
   108.600
    98.046
    81.034
    56.850
    27.407
    -3.445
   -31.385
   -52.704
   -64.804
   -66.267
   -56.688
   -36.421
    -6.333
    32.410
    78.505
  -195.102
   -97.279
  -195.102
   -97.279
    54.291
  -195.102
    54.291
  -157.931
   -77.233
  -111.881
  -240.488
   218.152
   163.360
   122.950
  -164.111
  -400.955
   133.509
  -376.100
   -57.165
   634.450
   302.894
   278.495
   440.755
    52.446
   146.136
   433.930
  -252.323
  -650.187
  -343.264
     3.939
   159.001
   113.081
    41.828
    16.830
    25.462
    41.898
    50.442
    46.559
    32.641
    14.091
    -3.185
   -14.074
   -14.768
    -2.824
    22.999
    62.975
   116.668
   183.147
  -256.472
   219.770
  -213.260
   263.243
    70.590
   560.274
  -235.933
    29.933
   138.123
    29.933
   138.123
   -42.196
    29.933
   -42.196
  -646.362
  -283.047
  -416.056
  -195.475
  -473.919
   816.557
  -735.523
  -284.538
  -288.843
   177.737
    48.393
 -1008.822
   680.035
   -29.914
  -371.904
  -227.608
   -42.531
  -243.796
    20.306
   529.504
    -5.695
  -129.933
  -167.766
   116.808
   134.286
    48.936
   -45.163
  -107.462
  -130.080
  -120.700
   -91.473
   -53.668
   -15.857
    16.237
    39.261
    51.635
    53.006
    43.815
    24.982
    -2.325
   -36.835
  -331.086
  -261.446
  -224.718
   176.154
   -55.121
  -140.808
   790.151
    98.950
    -8.018
    -5.973
   -61.878
    55.392
  -406.318
  -457.674
   -81.391
  -158.151
   -81.391
  -158.151
   118.377
   -81.391
   118.377
   402.467
   251.845
   359.259
   382.508
   341.640
  -309.407
    97.100
    23.054
   146.818
   -98.239
  -135.823
   454.702
   401.085
  -572.024
  -125.750
  -834.546
    37.355
  -821.314
  -313.702
   151.663
   754.760
    55.148
    14.255
   -52.388
  -100.948
  -118.036
  -105.980
   -73.254
   -29.970
    14.239
    51.383
    75.853
    84.823
    78.292
    58.714
    30.284
    -1.970
   -33.066
   -58.748
   -75.876
   -82.540
  -123.500
   -67.873
   -99.294
   -90.314
   -20.824
    63.472
   120.890
   124.914
    19.558
  -119.108
  -213.163
  -112.998
  -130.774
  -390.876
   154.044
   -26.252
  -173.842
  -426.951
  -120.737
  -400.172
  -831.044
    55.148
    14.255
    55.148
    14.255
   -52.388
    55.148
   -52.388
  -145.535
   -57.360
    19.446
   302.755
    18.979
   365.435
  1295.720
   136.746
   245.771
     9.567
   152.611
   352.302
  -207.313
  -156.810
    -6.890
    67.650
  -223.715
  -216.000
   166.141
   -13.148
  -127.223
  -203.003
  -197.952
  -140.238
   -96.951
   -75.205
   -70.585
   -76.837
   -87.865
   -98.466
  -104.729
  -104.147
   -95.500
   -78.606
   -54.023
   -22.773
    13.881
    54.611
    98.134
   143.287
   189.065
   129.125
   376.417
  -121.760
  -254.842
   254.538
    11.518
  -324.564
    25.267
    81.992
  -417.036
  -510.618
   158.683
  -173.964
   374.706
   627.110
   220.305
  -118.677
  -701.186
  -213.263
   335.246
  -126.030
   567.759
   614.372
    84.157
   195.584
   551.625
  -603.427
  -764.816
   149.365
   -17.952
   149.365
   -17.952
  -265.138
   149.365
  -265.138
   175.130
    99.073
   263.186
   155.246
  -202.040
   429.222
  -457.481
   -22.576
   139.963
  -254.879
  -141.221
   379.475
  -403.496
   125.037
   -58.715
   142.901
  -258.697
   116.533
   368.431
  -338.563
   326.582
   143.044
    38.251
     3.709
    -7.907
   -12.039
   -13.140
   -12.682
   -11.219
    -9.015
    -6.312
    -3.431
    -0.711
     1.616
     3.471
     4.887
     5.942
     6.719
     7.289
     7.706
     8.011
    57.134
   246.478
  -186.861
  -206.369
   249.114
  -189.961
  -307.599
  -175.753
  -332.174
   544.756
   326.896
  -322.828
    54.341
  -188.142
  -829.172
  -214.123
   133.228
   821.295
  -248.258
  -323.294
   148.724
   178.390
   350.052
  -679.688
  -552.347
   335.995
   368.831
   424.709
    22.368
  -128.462
   -66.208
  -253.581
  -167.002
  -132.685
  -380.562
    56.564
   -37.092
    56.564
   -37.092
   -71.411
    56.564
   -71.411
    -7.093
  -164.999
   177.109
   -41.818
  -199.702
   507.801
   204.543
  -103.468
   -96.939
   -40.710
    94.393
  -144.004
  -124.164
   141.090
   100.595
    69.097
    10.994
    31.003
    20.103
  -103.832
  -128.593
  -778.310
   351.834
   195.556
   178.188
   176.218
   169.059
   158.145
   144.265
   127.463
   107.865
    85.837
    61.924
    36.747
    10.927
   -14.966
   -40.449
   -65.134
   -88.727
  -111.019
  -131.877
   -40.137
  -126.173
  -124.849
  -236.076
    67.888
  -227.125
  -181.111
   230.811
  -424.211
   606.870
  -190.067
    -1.608
  -343.866
  -209.430
  -188.747
   -85.967
  -199.172
   168.583
  -182.616
   520.575
  -488.508
   255.299
  -347.002
  -253.323
   459.756
  -558.251
   174.802
   -98.555
     3.770
   215.265
  -292.011
    34.367
   352.568
   538.019
  -235.680
   138.022
  -114.879
    -4.485
  -306.791
    42.648
  -307.984
  -339.332
    24.545
   -31.479
    24.545
   -31.479
   177.927
    24.545
   177.927
   250.092
    90.890
   177.915
    58.313
   144.087
  -157.457
   -71.938
    80.413
   -68.769
    79.800
  -476.324
   232.787
   544.632
  -117.310
  -449.525
   184.412
  -116.038
   100.189
   -96.368
   243.794
  -247.988
     3.727
   -35.570
  -122.495
  -132.382
  -102.555
   -62.302
   -24.352
     7.099
    31.193
    48.008
    57.684
    60.236
    55.620
    43.839
    25.017
    -0.564
   -32.480
   -70.184
  -113.045
  -160.386
  -230.127
   213.432
  -128.622
   376.514
   181.466
    49.659
   394.608
    61.533
    53.141
   -68.612
   -25.371
   129.344
  -202.532
    41.751
    43.629
  -433.029
   720.727
   -72.103
   154.105
    15.645
  -347.813
  -387.666
   277.453
   195.419
   752.044
  -521.123
  -262.806
  -276.582
   -88.373
  -298.897
   392.242
  -388.390
   194.235
   222.517
  -137.931
  -552.680
   405.400
  -546.839
  -239.418
   516.626
   904.129
  -168.541
   114.617
  -377.259
   216.721
  -713.587
  -235.440
   502.528
  -528.914
   190.773
   138.059
   190.773
   138.059
   184.407
   190.773
   184.407
   208.465
   -53.811
   117.039
  -245.876
   112.588
   -31.376
   216.152
   236.429
  -240.155
   319.928
    28.903
  -401.311
  -408.509
   185.433
  -226.498
    39.135
  -311.393
   277.568
   -92.363
  -200.951
   452.529
    33.933
   143.323
   154.700
    45.443
   -13.556
   -14.106
    13.695
    47.022
    74.806
    93.568
   103.554
   106.442
   104.204
    98.626
    91.149
    82.861
    74.532
    66.679
    59.616
    53.508
   -80.359
   -50.885
    22.905
   323.473
  -132.128
    27.770
  -151.832
  -434.958
  -513.277
  -237.853
  -913.366
   234.259
   560.272
   384.208
   -48.400
   150.403
   -52.129
   127.623
  -110.364
   -97.645
   -72.093
  -503.335
  -197.882
   152.085
  -128.471
  -250.724
   906.154
    45.730
  -450.234
   302.274
  -158.674
   507.634
   -61.749
    -2.320
  -404.953
  -426.690
  -248.458
   314.007
   239.961
    53.682
   286.496
  -241.392
   -76.839
  -271.778
   332.435
   232.735
  -235.337
  -580.290
   347.695
   -56.656
   200.955
   -16.922
   214.494
  -129.672
    26.567
  -155.007
   -88.584
   144.630
   -88.584
   144.630
  -147.741
   -88.584
  -147.741
   -70.495
   321.657
  -421.048
   274.972
    94.257
  -884.799
   161.329
   182.367
   -49.907
   -92.755
  -276.147
  -463.152
   185.522
   391.921
  -343.189
   -80.095
  -220.548
    19.588
   -77.214
   428.921
   -88.479
  -295.130
  -391.734
  -316.999
  -184.553
   -80.546
   -13.023
    27.473
    50.271
    61.947
    66.788
    67.535
    65.928
    63.073
    59.657
    56.105
    52.665
    49.476
    46.602
    44.065
    41.859
  -262.202
   -81.469
   550.131
   323.029
    95.438
  -172.131
  -758.485
   621.574
  -172.015
   595.452
  -192.510
  -695.976
   587.404
  -744.526
    73.679
  -234.948
   343.197
    63.225
  -362.264
   659.391
   290.060
   219.010
    16.099
   125.801
   -85.384
     7.761
    64.350
  -154.149
   828.981
   231.867
  -132.168
  -681.392
  -236.556
   161.875
  -572.917
  -931.170
   255.821
  -767.862
  -109.608
  1150.941
  -299.656
   334.744
  -637.822
  -108.106
    82.805
    86.004
   279.714
   424.952
   -67.567
   171.993
    94.926
  -304.249
  -178.633
     3.656
  -203.915
    22.870
   559.641
   156.962
   453.398
     3.771
   -48.312
   271.358
  -421.225
   300.820
   100.817
   300.820
   100.817
    62.030
   300.821
    62.030
   347.996
    47.296
   126.078
  -243.431
   -93.795
  -135.924
  -827.075
   189.182
   -98.211
   -84.900
  -322.050
  -239.065
  -107.514
  -204.629
   351.007
   129.398
    94.722
  -231.888
   185.502
     9.323
  -547.932
    71.733
    26.238
    26.807
    26.392
    26.902
    27.985
    29.304
    30.645
    31.892
    32.991
    33.928
    34.709
    35.349
    35.868
    36.284
    36.616
    36.879
    37.087
    37.251
    37.380
     0.475
   619.019
  -221.878
  -234.596
    58.709
    76.528
  -114.269
  -471.227
    -9.799
   -82.053
  -203.127
    41.746
  -406.396
   -22.535
    54.142
    25.826
    69.367
    26.536
    26.799
    69.297
    26.821
  -396.450
     5.912
  -650.684
    -5.244
    26.255
  -768.897
    25.796
  -274.786
     9.504
  -376.090
     7.106
    26.584
  -474.454
    27.063
   163.500
    -4.103
  -901.414
  -637.454
    32.947
   575.531
   -89.967
  -248.608
   -54.585
   -63.333
   -70.127
    -4.640
   -21.210
   -23.885
  -754.836
    38.316
   273.572
    68.676
   108.262
   252.102
   118.515
    67.198
   -50.134
   756.796
   -54.916
    -2.136
   297.798
   -36.039
    -0.092
    20.459
   317.089
    34.820
    27.428
   837.572
    30.544
  -174.626
    11.663
  -174.626
    11.663
    26.283
  -174.626
    26.283
    18.443
    17.097
   317.290
    27.182
    27.534
   715.626
    32.703
    54.412
    22.788
   477.754
    42.408
    26.026
   668.256
    34.222
   371.459
    19.790
   503.350
    10.114
    18.773
   522.007
     2.466
  -409.285
   176.094
   212.957
   166.319
   116.645
    70.643
    29.681
    -4.434
   -30.521
   -48.220
   -57.621
   -58.916
   -52.232
   -37.622
   -15.112
    15.228
    53.233
    98.613
   150.945
   209.683
  -105.886
  -306.455
    55.948
   -44.379
  -490.032
    34.407
  -145.982
   190.027
    82.419
    71.497
   210.528
  -462.767
  -301.518
   307.789
   106.486
  -196.083
  -233.470
   -88.779
   168.036
  -717.830
  -228.281
   -97.339
    93.623
  -149.451
  -180.733
   390.003
  -147.332
   -41.252
    18.802
   323.549
    -2.850
   160.576
  -200.491
  -114.593
  -913.956
   -40.865
  -241.781
   108.391
  -290.931
  -144.876
   350.141
  -185.682
    71.344
   -42.114
    41.487
   198.895
  -182.945
  -378.560
   547.726
   446.759
  -131.048
   261.977
  -287.073
   325.677
   -21.810
   -71.348
   273.381
   232.225
  -195.037
   240.576
  -435.227
  -401.967
   197.613
    76.715
   103.846
   -51.507
   403.858
   135.608
  -801.087
  -466.148
   127.182
  -184.545
   458.118
   152.859
  -595.335
   885.718
    56.626
   -83.708
   -97.993
   -83.708
   -97.993
     3.601
   -83.708
     3.601
   146.045
    69.302
   -65.043
   131.998
  -145.183
  -492.207
   172.554
  -236.810
  -402.233
   461.331
   146.897
  -114.078
    -2.111
  -201.249
    43.892
   177.005
     9.472
   105.938
  -282.828
   -97.404
  -300.511
    28.982
   -27.086
   -29.789
   -29.594
   -27.150
   -23.080
   -17.966
   -12.289
    -6.423
    -0.640
     4.869
     9.981
    14.622
    18.758
    22.378
    25.496
    28.133
    30.323
    32.101
    33.507
    52.969
   -15.600
    47.019
   -14.976
   -19.380
    41.309
   -19.350
   261.768
    -8.849
    58.585
    24.939
   -28.928
  -533.075
    26.650
     3.180
     3.380
    28.227
    26.494
     3.830
    44.332
    39.334
    34.463
  -142.424
   341.489
  -172.527
  -144.324
   832.866
  -173.002
   -24.606
   -35.877
   -27.174
   -36.104
   -36.999
   -27.448
   -37.395
    33.510
   -34.237
    33.908
   -45.661
   -47.149
    31.115
   -82.362
     6.883
   -28.932
    -0.572
   -31.130
   -32.111
   -10.484
   -37.459
   115.633
  -130.303
   661.551
  -106.507
  -132.974
   122.256
   -87.268
   -67.492
   107.597
  -193.541
   174.874
    93.289
  -422.767
   183.001
    74.313
    66.134
    80.924
    92.825
    43.563
    58.090
    53.013
    99.595
    48.639
    38.107
    19.945
    32.818
    12.024
    -2.218
    26.801
   -20.328
    47.539
   -10.469
   -25.366
    73.449
   -10.019
    11.888
   -27.249
    11.888
   -27.249
   -29.790
    11.888
   -29.790
    17.710
   -30.164
    25.508
   -30.598
   -34.584
    33.506
   -38.504
   -25.112
    -3.215
   -25.794
    -4.701
    -7.782
   -29.953
   -35.898
    20.976
   -52.047
    -6.725
   -84.050
   -56.260
   -47.739
  -125.620
   -78.595
   128.242
  -231.119
  -536.421
  -519.302
  -249.394
    91.855
   372.524
   538.927
   590.135
   549.607
   447.086
   309.695
   158.711
     9.230
  -128.964
  -250.197
  -351.757
  -432.958
  -494.415
   241.630
   152.683
    30.310
    15.515
  -517.341
    32.635
    36.162
   348.701
   292.586
     9.663
    46.362
  -192.796
  -201.595
  -510.979
   278.305
   477.594
   -69.363
  -146.910
   614.273
   -75.018
   -92.117
    50.816
     4.654
  -165.496
   181.467
   107.844
  -735.946
     1.492
   593.489
   785.746
   172.655
    84.070
   816.263
   -84.756
  -114.235
   289.127
   325.456
   118.013
    53.177
  -103.145
    98.876
  -437.975
    46.595
    28.546
   345.397
   291.788
  -669.993
   672.143
  -437.864
  -301.553
   137.674
  -425.703
  -134.625
   371.284
  -611.223
   -16.559
   557.080
   216.410
     8.824
   121.718
  -328.505
  -135.946
  -520.551
  -378.900
   -36.504
  -462.019
  -206.873
   635.285
  -586.839
   422.590
   257.987
   169.227
   273.159
   -99.247
  -138.387
   299.170
  -556.731
   394.452
   -96.947
   169.056
   152.027
 -1148.912
   644.064
  1032.053
  -310.886
  -131.007
  -169.704
    58.918
  -661.105
   270.947
    -6.324
  -251.132
   319.234
  -251.132
   319.234
   379.864
  -251.132
   379.864
  -311.837
   127.163
  -287.197
   158.891
  -192.821
  -169.280
   -97.303
   -97.981
  -252.662
   141.689
   151.092
  -291.242
   -35.926
   266.406
   423.701
   667.205
  -180.516
   244.020
   416.047
  -824.260
    -6.979
    14.978
   -83.466
   219.376
    51.087
  -169.836
  -306.041
  -356.036
  -347.799
  -307.280
  -252.621
  -195.054
  -140.908
   -93.341
   -53.581
   -21.738
     2.676
    20.438
    32.427
    39.520
    42.538
  -927.467
  -257.337
   234.735
   594.230
   -55.690
   253.023
   -23.124
   490.543
  -390.815
   152.792
  -659.129
  -265.334
    96.344
  -123.076
  -214.312
   -72.617
    59.370
  -115.331
   245.183
   239.119
    47.630
   -93.907
  -378.307
   269.383
  -224.039
     2.757
   288.493
   457.398
   207.555
  -114.217
   -62.836
   511.093
  -106.707
    63.703
   530.444
   280.547
  -136.584
   328.388
   265.271
  -264.491
    89.509
    54.116
   451.177
   -60.078
   -56.122
  -275.210
  -114.627
   -47.152
  -219.408
   275.035
  -180.344
   221.111
  -412.030
   125.700
  -199.787
    -7.941
    67.924
  -121.239
    58.133
  -182.550
   214.262
   -16.407
   181.885
   491.743
  -921.663
  -177.257
 -1580.875
   760.905
   958.589
  -581.251
  -304.141
  -291.385
    14.584
   -98.701
  -154.299
   214.539
   132.396
    22.945
  -283.923
  -173.398
  -369.772
   490.046
   132.535
   290.407
  -966.333
    34.189
  -445.766
   672.323
    94.153
   378.497
    75.152
   -31.032
  -193.795
  -277.321
  -489.511
   228.519
  -574.172
     7.976
    14.978
   -83.466
    14.978
   -83.466
   219.376
    14.978
   219.376
   190.477
  -415.457
     0.748
  -888.113
   -54.565
  -312.906
  -707.111
  -168.177
   -10.903
  -146.492
   193.338
    -8.292
   453.193
  -549.925
  -274.387
  -414.078
   -46.126
  -339.925
  -155.364
   652.516
   -95.172
  -165.547
    13.175
    13.010
   266.357
   406.584
   402.535
   319.361
   211.094
   106.698
    17.949
   -52.418
  -105.694
  -144.582
  -171.987
  -190.520
  -202.349
  -209.191
  -212.372
  -212.894
  -211.510
   -73.968
  -321.297
    38.141
    45.029
  -132.408
    25.154
    23.162
   369.526
  -203.431
  -338.764
  -739.682
  -133.059
 -1103.634
  -329.007
    63.271
  -452.571
   215.511
  -160.458
  -614.483
   115.459
   -62.035
  -442.013
     6.525
  -250.184
    90.156
    -4.232
  -118.912
    43.326
   716.641
   917.920
  -159.837
   325.631
   319.057
  -884.838
  -343.293
   594.215
    75.003
  -499.967
    72.448
  -739.007
   380.251
   182.376
    93.224
  -458.751
  -148.512
   349.272
   152.762
  -178.153
   340.690
  -215.585
  -659.388
   270.562
   165.313
  -224.079
   259.714
   746.842
   579.329
   448.660
   156.522
   270.376
    64.497
  -888.854
  -269.959
   -35.855
    80.710
    44.937
   143.110
   112.684
    67.344
   310.707
   -17.663
  -591.477
   632.791
  -370.087
  -522.478
   381.328
  -535.692
   366.363
  -202.979
   469.365
   329.151
  -850.900
  -504.166
  -110.080
   194.322
  -156.014
  -390.072
  -181.329
  -261.975
  -329.852
   371.394
   117.032
   288.933
  -123.027
    99.549
   -47.653
    -3.479
  -349.689
  -534.517
  -248.157
  -427.224
  -196.207
  -207.570
   266.445
  -223.055
  -165.547
    13.175
  -165.547
    13.175
    13.010
  -165.547
    13.010
  -242.197
   -86.518
  -222.746
   -82.585
   -26.389
   -80.053
   -48.393
   135.597
  -322.480
   804.136
   728.265
  -968.346
  -114.014
   500.362
  -281.955
    31.036
   -18.254
    12.552
   238.619
   564.704
   293.260
    47.029
   203.664
   -21.162
  -201.714
  -308.755
  -338.769
  -309.484
  -245.001
  -165.035
   -82.407
    -4.278
    65.949
   127.091
   179.186
   222.879
   259.085
   288.792
   312.964
   332.490
   348.165
   496.408
   613.729
   199.198
   578.380
   -11.509
 -1246.750
   183.219
   -74.869
  -242.456
    -8.333
     9.186
  -415.964
   -15.680
     9.994
   632.640
   642.565
   479.866
   633.196
  -146.186
  -198.916
  -126.342
   712.275
    33.550
   270.139
   527.876
  -660.903
   111.020
   375.244
  -154.011
   243.965
    82.335
   268.344
   -24.654
   225.136
  -117.764
   459.169
   -79.285
    81.134
  -367.283
  -777.788
  -168.759
  -274.996
   358.227
   -82.568
  -733.102
   138.673
  -847.079
  -229.191
   330.797
    38.102
  -231.869
  -155.499
  -182.818
   131.205
  -147.187
  -321.579
  -160.565
  -223.543
  -175.386
  -163.900
   -96.678
  -168.293
   -63.844
   607.089
   452.136
   348.682
   317.675
   220.752
  -474.564
   323.915
    52.560
   182.292
   -11.288
   139.426
    66.095
  -150.906
   230.000
  -448.552
   193.074
  -219.500
  -422.096
  1604.128
   446.871
   442.482
   393.372
   -31.957
   248.308
    45.144
  -204.209
  -331.184
   170.018
   565.074
   182.250
  -137.207
  -176.626
   104.154
   -96.871
   119.389
   -97.234
   114.430
   -54.905
   368.232
  -307.611
   324.328
  -751.229
    33.084
   303.304
   298.603
   495.826
     0.869
   948.018
   174.252
    47.029
   203.664
    47.029
   203.664
   -21.162
    47.029
   -21.162
   212.205
   134.628
   330.559
    20.723
  -148.388
   483.071
  -499.664
    -6.678
   -89.081
   291.886
   454.253
  -348.493
  -844.368
  -275.233
  -540.126
  -289.159
  -404.937
  -382.046
  -204.911
   302.532
    21.940
  -324.600
   -70.251
     1.584
   -41.987
   -95.558
  -120.547
  -116.131
   -93.371
   -63.469
   -34.211
    -9.859
     7.907
    18.976
    24.030
    24.032
    19.940
    12.550
     2.452
    -9.978
   -24.553
   580.853
  -288.287
   173.719
  -104.432
    94.582
  -175.668
    78.872
   299.277
   402.507
   126.194
   750.589
   119.035
 -1122.843
   252.046
   -14.061
    13.356
   -20.066
     8.058
     8.174
   -15.726
    16.522
  -219.251
   142.949
   210.165
   413.574
  -237.024
   -18.976
  -485.825
  -245.161
  -333.339
    40.310
    33.180
  -369.095
    42.236
    37.898
   231.507
  -430.062
   290.845
   -19.740
 -1088.818
   434.963
   179.657
  -661.233
   144.367
   414.599
  1151.048
   199.160
  -574.719
  -524.707
   421.975
   236.089
  -310.317
  -210.591
  -206.401
   358.239
  -273.307
   -39.628
   419.466
  -559.786
  -569.638
   328.685
   209.087
   199.388
   423.221
  -414.055
   149.767
  -479.978
   123.214
   124.206
   134.481
  -528.222
   -37.646
  -355.911
   331.554
   117.771
  -460.053
   345.090
    99.625
    41.968
   -45.148
    63.130
   134.817
  -111.713
   419.971
   931.110
   453.745
 -1201.042
  -553.144
  -798.134
   600.273
   661.208
    81.147
   398.974
   -82.884
   276.113
  -216.002
  -227.882
   -65.217
   366.433
   137.568
  -369.990
   -43.651
  -223.550
  -212.941
   404.942
  -598.701
    41.079
   -45.718
   536.207
   343.793
    26.275
  -696.824
  -100.251
  -375.891
   103.254
  -325.111
  -293.826
   886.784
   178.175
   300.380
    59.397
   300.380
    59.397
    55.781
   300.380
    55.781
   -40.853
  -208.714
  -256.730
  -373.192
    17.584
  -380.151
   103.195
    11.592
   244.156
  -307.351
   219.956
  -200.111
  -105.289
   -20.357
  -741.655
  -258.559
  -416.063
    34.333
  -361.983
   827.328
  -263.221
  -649.585
  -229.079
   -38.128
   -24.754
   -25.873
    -4.063
    32.068
    69.317
    99.432
   118.767
   126.418
   122.826
   108.987
    86.055
    55.169
    17.379
   -26.375
   -75.265
  -128.569
  -185.661
   350.188
   -41.526
   -57.998
  -228.092
   254.760
  -201.032
  -154.297
   270.640
  -451.510
   378.592
   426.771
  -185.601
   156.425
   387.460
  -257.781
  -449.131
   173.108
   106.412
  -646.877
   -54.692
   568.943
    -4.762
  -104.463
    74.589
   -15.988
  -143.594
    54.612
   -67.385
   255.208
   203.731
  -180.381
   -48.374
  -288.117
   -75.814
   124.036
  -416.796
   -68.538
   -33.456
  -124.836
   296.258
     7.505
    -0.210
   -72.082
   105.443
   -94.995
  -402.285
   241.246
   382.978
  -418.909
   193.036
   300.808
  -443.319
  -198.108
  -185.397
   475.328
   475.960
  -155.355
    -5.711
  -162.064
     7.282
   360.429
   237.051
  -205.849
   248.933
    80.947
  -896.104
  -351.595
  -154.740
  -440.765
  1184.942
    64.479
   359.536
  -189.996
   108.961
   152.360
  -262.605
  -128.078
   -97.908
   -47.249
   117.155
  -141.416
    62.951
   162.992
  -452.324
    57.082
    80.880
    18.966
   147.883
  -107.986
    -2.839
  -240.554
  -731.876
   217.895
   181.083
   468.513
   159.054
  -157.223
  -313.534
   332.276
   276.572
  -524.266
  -142.769
  -230.336
   448.075
   236.644
  -183.431
    94.827
  -335.245
   -40.678
   -44.504
    45.608
   281.579
  -166.237
   293.166
  -138.092
   231.051
  -162.969
   579.542
  -478.202
   128.061
     3.294
   -99.969
  -219.411
    39.341
  -359.917
  -128.800
   104.050
     3.648
   104.050
     3.648
   -96.023
   104.050
   -96.024
   -69.547
   -43.506
   -89.565
    93.737
   -38.980
     4.592
   454.075
   173.876
  -158.426
  -171.575
   349.410
  -426.187
  -580.007
   376.098
  -224.890
   212.058
    47.434
     1.825
   613.326
   338.203
  -450.005
   -34.274
  -113.223
   -41.236
   -25.591
   -35.224
   -48.439
   -59.769
   -68.809
   -75.553
   -79.455
   -79.600
   -74.980
   -64.674
   -47.917
   -24.117
     7.156
    46.186
    93.129
   148.027
   210.822
    -0.784
    83.576
    31.668
    -5.644
  -309.331
  -261.235
    29.621
   249.729
   368.307
   271.791
    10.128
  -459.362
  -184.723
  -149.836
    67.972
    59.512
   122.362
   177.508
     7.485
   397.362
   212.674
   -16.030
   203.666
   -95.514
   114.553
   296.517
  -186.181
  -178.061
    24.178
     8.377
     7.120
     8.715
   -13.840
     4.000
     0.793
   274.521
   350.572
  -227.799
    83.189
  -571.033
   836.481
  -335.093
    85.017
   231.169
   -69.230
   -68.244
   239.947
   -67.127
   -71.469
  -360.944
  -160.367
  -286.963
   101.574
    50.452
  -106.156
   475.412
  -561.185
   -24.994
  -182.891
   -47.273
   374.107
   -44.967
   304.894
  -258.467
    42.205
   195.431
   149.466
   142.562
    53.565
  -264.407
  -231.478
    56.666
   417.995
   -70.182
   -51.694
    48.464
  -663.437
     9.380
   198.557
   -35.527
   187.034
  -162.586
   -51.093
  -239.316
  -159.494
  -450.606
  -242.035
  -604.712
  -226.461
   -81.506
   231.837
  -280.543
  -140.577
  -187.863
  -176.034
   -79.504
    -4.036
    -2.599
  -182.810
   197.027
  -288.877
   554.806
  -267.330
   124.162
  -203.621
  -962.662
   275.759
   762.001
   700.346
    49.897
    17.089
  -471.167
   702.011
   -51.817
    95.123
  -250.119
  -160.456
  -390.373
   323.101
   205.345
    -2.644
   -39.147
    47.858
    43.453
  -655.307
   373.675
   155.870
   456.160
    83.586
   462.264
   422.299
  -464.769
   -81.349
  -275.100
    -1.093
  -275.100
    -1.093
    32.149
  -275.101
    32.149
    70.121
   209.075
   109.946
   140.648
    32.674
   102.383
  -601.788
  -456.558
  -171.046
   205.497
  -142.679
    -6.155
   602.799
  -275.296
   315.794
  -120.195
   176.646
  -211.114
   -95.868
  -326.239
    14.987
   521.028
    47.139
  -373.493
  -510.356
  -434.337
  -270.748
  -102.908
    30.691
   119.662
   167.477
   182.801
   175.020
   152.304
   121.003
    85.667
    49.330
    13.847
   -19.791
   -51.197
   -80.378
  -376.977
   -22.125
   -47.318
   -72.692
   483.535
   263.290
  -111.131
   224.422
   181.916
   144.849
  -438.313
  -166.515
  -363.705
 -1105.821
   668.272
  -229.348
  1607.072
   703.910
 -1017.315
   239.776
  -685.829
  -262.295
   532.982
  -647.383
   -67.359
   431.103
    12.106
  1399.747
  -133.937
  -304.416
  -181.895
  -339.721
  -255.191
   392.367
   929.936
    -2.879
    22.905
   -65.588
   -55.655
    54.618
   -63.988
   -47.492
  -234.890
    67.963
   398.075
  -149.201
   722.571
   194.515
 -1066.459
  1352.503
  -482.158
   164.893
  -355.031
  -924.399
    16.390
    20.447
  -314.006
   -89.741
  -357.877
   186.461
  -247.531
  -515.169
   655.560
   360.587
  -236.194
   428.403
   292.399
   -55.093
    25.097
   217.747
   -60.385
  -204.946
   -75.618
   572.646
   -13.359
  -480.679
    79.536
  -767.105
   -50.493
   657.452
  -242.581
   372.785
   631.210
 -1058.845
    41.985
  -133.730
  -139.362
  -216.222
    80.182
  -135.480
   107.794
   328.172
   165.482
   109.908
   -84.914
   150.362
  -276.455
  -356.610
    22.713
   185.520
    86.380
   292.277
   162.946
    28.826
   515.847
    74.754
   265.166
   127.160
  -522.693
   787.935
   117.795
 -1040.010
  -270.125
   426.928
  -207.505
   -92.644
   730.271
   151.501
   -73.183
  -873.478
    38.321
   177.376
   508.294
   156.600
   123.725
  -360.245
    57.621
    84.062
  -197.324
  -378.430
   -17.484
   710.114
  -606.514
    64.052
   111.729
    97.910
    62.540
  -235.267
    95.255
  -730.616
  -152.261
   -62.892
  -152.261
   -62.892
  -281.388
  -152.261
  -281.388
   -21.767
   123.972
    63.899
   295.656
   -70.923
    97.565
   540.961
  -123.391
   341.086
   192.573
  -196.897
   789.713
   -68.700
  -222.785
   538.723
    88.227
    98.622
   -95.127
  -224.583
  -487.397
    56.649
   294.234
   -23.255
  -238.786
  -306.478
  -279.324
  -206.967
  -122.403
   -43.969
    19.879
    66.391
    95.735
   109.391
   109.329
    97.616
    76.245
    47.075
    11.806
   -28.026
   -71.048
  -116.038
   218.272
  -275.928
   452.897
    33.663
   136.501
  -142.964
  -474.274
  -571.743
   -70.825
  -193.066
   155.802
   199.276
   208.859
   -89.876
  -470.654
  -176.679
  -375.237
  -557.290
  -566.548
   148.731
   248.386
   204.696
   696.463
  -924.705
  -421.530
   337.742
  -171.007
  1125.793
  -365.637
   434.156
    18.968
   -53.594
   520.276
   291.916
   616.796
    36.061
    69.593
   506.670
   622.094
    23.228
  -438.426
  -764.306
    71.251
    10.369
   -31.167
   -53.411
   -12.699
   -38.159
   -56.973
  -824.333
   -32.179
   -77.527
   420.436
   525.989
   -49.850
   396.609
   -19.033
   197.770
    72.344
    67.390
   214.704
    77.893
    52.425
   261.679
   232.073
    53.337
   285.343
   -66.408
  -408.190
   -91.148
   416.087
    79.616
   215.985
    38.994
  -818.653
    89.952
   -32.448
   -30.476
  -195.323
   139.649
   109.336
   190.536
  -279.142
  -125.996
  -840.362
  -224.817
   463.643
  -149.264
   747.232
  -147.692
  -285.072
  -117.607
  -443.013
   223.808
    16.742
   -43.082
   221.492
   444.037
   163.752
  -357.417
    58.307
  -387.029
  -699.007
   317.632
  -238.232
   179.948
    54.329
   164.580
    57.580
   -10.068
    35.566
  -113.993
  -694.835
  -117.469
  -131.881
   -45.752
   900.884
  -396.570
   233.002
   -45.249
    21.289
   201.401
   191.992
   -48.651
   -23.655
  -124.669
  -366.497
   108.922
    59.154
   -73.598
   222.704
   369.054
  -298.879
   809.018
   197.443
   449.451
   418.851
  -655.805
  -587.019
  -530.313
    68.143
  -190.420
    -6.737
  -304.150
   -21.936
  -152.782
   197.219
    65.143
   -70.226
    65.143
   -70.226
  -127.699
    65.143
  -127.699
  -194.941
  -272.163
  -236.078
  -177.884
  -106.096
   -98.497
   684.828
   418.778
   275.039
  -197.548
   -49.487
   162.528
  -438.234
  -132.987
    88.383
    48.932
  -124.138
   127.987
  -135.340
  -251.711
    72.255
    11.675
  -154.213
  -145.733
  -131.636
  -128.764
  -106.169
   -49.875
    25.676
    94.310
   136.335
   145.169
   124.681
    83.809
    32.266
   -21.801
   -72.651
  -116.898
  -153.074
  -181.086
  -201.710
   -94.003
  -120.433
   168.476
   211.169
  -512.433
   142.963
    -4.684
 -1161.355
  -847.949
  -791.381
  -547.561
   712.776
  -429.732
   903.922
  -233.447
  -265.417
  -503.923
  -586.483
    49.290
   -85.863
   615.175
   -74.332
  -272.254
   205.351
   175.507
  -394.106
   108.667
   494.356
   -38.409
   -87.575
   152.435
   337.093
  -154.695
  -132.952
   130.036
   159.456
   165.021
  -133.749
  -477.706
   132.352
   411.424
    51.374
   634.824
   498.074
   896.624
   598.340
   341.204
    22.794
 -1000.058
    73.262
   105.318
    26.926
    57.795
   122.553
    18.327
    58.275
  -146.038
   -87.373
   144.130
    80.857
    39.013
   436.910
  -297.875
   -58.421
   -76.309
    21.774
    28.754
  -104.248
    33.005
    49.954
    55.786
    81.808
   -99.603
    66.129
   461.922
  -167.222
   688.589
  -146.179
  -359.883
   381.007
   452.774
  -821.222
   374.698
   728.196
   121.558
   -47.918
    75.993
   -12.441
  -272.739
    48.494
  -186.736
   145.514
    66.206
   -16.610
  -381.976
  -429.735
   400.132
   -51.063
   -37.980
    90.262
   -34.422
   151.292
   355.927
   -57.244
   440.962
   145.820
     9.472
   -19.507
  -114.995
   125.341
  -345.673
  -327.301
    54.716
  -100.278
   -26.472
  -124.740
   -81.803
  -168.341
   -42.468
   260.255
   269.598
    -6.870
  -347.585
    83.025
   349.781
  -731.213
    28.610
   114.622
  -156.146
   -82.100
   628.242
  -633.676
  -322.538
    -9.862
   -80.265
   208.315
   208.234
  -295.654
   213.634
  -324.327
  1178.641
   707.602
   656.943
   145.904
  -450.691
   470.696
 -1081.740
   264.537
   108.478
   -19.344
   -57.808
   206.717
  -336.450
    56.089
    11.675
  -154.213
    11.675
  -154.213
  -145.733
    11.675
  -145.733
   143.806
   139.830
   120.729
   135.695
   325.780
   122.591
   267.100
  -241.119
   -91.018
  -370.236
  -323.131
   160.196
   -43.901
   799.829
   383.338
   288.011
    45.144
   -52.737
   154.222
   -92.316
  -737.084
  -134.020
    41.276
    36.743
    30.599
    25.833
    22.264
    19.646
    17.746
    16.377
    15.394
    14.689
    14.184
    13.823
    13.565
    13.381
    13.249
    13.155
    13.088
    13.040
    13.005
  -536.925
    68.881
   -14.717
    70.152
    73.028
   520.010
    72.091
   691.559
    94.357
  -219.350
   616.338
    32.926
  -389.107
    38.473
  -165.716
    52.542
   857.280
  -292.565
    32.756
  -179.306
   -90.134
   175.985
    11.790
   211.187
    10.018
    14.204
   270.340
    12.886
  -716.412
    63.660
  -261.452
   421.557
    30.982
  -325.232
   -49.712
   106.217
    61.028
  -404.214
   309.660
    23.814
   180.510
    29.425
   313.255
   130.491
   980.350
  1286.733
    60.425
   266.116
  -250.592
  -604.874
    42.207
  -861.263
    44.569
    41.299
  -989.309
    51.453
    27.575
    50.322
    39.100
    30.070
    46.712
    26.928
    19.786
  -297.600
     7.763
  -278.435
     2.299
    12.935
   357.450
    12.846
  -449.757
    34.858
    35.387
    42.354
    30.440
    71.710
    27.494
  -281.989
    39.866
  -291.243
    40.283
    36.735
  -296.891
    36.738
   879.413
     4.525
  -398.827
  -223.705
    12.653
  -346.554
   -91.867
 -1012.178
   478.727
    86.440
   533.354
    18.055
   350.857
  -412.815
   537.497
    31.366
   -28.586
  -298.709
    29.285
    15.530
  -353.478
    62.536
  -119.806
   135.374
  -211.469
   -37.354
   144.861
   -56.778
  -204.539
    47.912
  -131.234
    63.915
    41.584
   106.632
    53.019
   -68.971
    43.689
   -28.812
    45.902
    37.869
   -11.747
    40.210
  -919.531
  -243.346
   748.439
    98.209
   766.126
   138.588
  -898.756
  -246.263
    59.604
  -413.797
    65.192
    72.266
   778.027
    76.631
   295.954
    30.831
   602.249
    33.540
    21.640
  -583.933
    14.414
    83.890
    54.433
  -167.302
     8.553
    61.736
    66.031
    68.350
  -448.154
    34.904
  -803.231
    28.566
    33.969
 -1193.568
    29.163
  -134.020
    41.276
  -134.020
    41.276
    36.743
  -134.020
    36.743
  -375.777
    41.207
  -603.097
    41.453
    38.781
  -809.676
    43.180
   231.580
    23.768
   251.057
     6.635
    23.160
   175.686
    14.193
   -27.573
    55.687
   348.884
    73.935
    44.734
  1234.257
    61.712
  -224.726
   -91.761
    37.046
     4.991
  -119.524
  -240.964
  -312.404
  -327.276
  -296.811
  -236.694
  -161.275
   -81.538
    -4.841
    64.552
   124.679
   175.116
   216.365
   249.409
   275.419
   295.577
   195.910
   -65.223
   204.779
    95.274
  -176.141
   421.927
  -127.162
  -790.573
  -169.265
  -281.736
   468.443
  -188.451
  -580.981
   109.102
   371.563
   118.409
   177.105
    26.082
  -116.848
   227.220
  -324.405
   250.207
   354.661
   176.274
   241.247
  -402.773
   107.212
  -774.044
  -225.403
  -282.326
   153.211
  -386.716
   792.515
   780.363
  -480.361
  -301.797
  -194.629
   430.482
   513.854
   483.010
   -36.472
  -414.109
  -150.124
  -172.794
    -9.668
   379.441
   -50.542
  -377.101
    -1.136
  -993.186
  -879.877
   298.696
   252.617
   309.555
   864.866
   768.768
   -79.056
   164.253
    52.090
   365.761
   779.435
  -897.518
   656.071
    -1.330
   -10.218
   -25.605
   -26.718
    11.280
   -36.047
   -37.627
   330.870
  -133.049
   320.722
   337.174
  -530.601
  -100.677
    43.491
  -454.415
  -680.308
    25.760
    33.063
  -626.724
    45.450
    90.142
  -560.632
  -226.619
  -338.684
   -27.866
   391.368
   -65.611
   327.903
   392.213
   -40.592
    49.216
  -339.891
  -493.280
   293.681
   480.486
   183.710
     0.627
    63.687
     1.285
  -383.074
   160.164
   296.884
   320.302
  -193.301
   122.981
   -50.438
  -262.517
   424.758
   139.051
    28.074
  -209.959
   168.584
   -60.721
   -82.237
   145.232
    -3.961
   -93.435
  -227.611
    61.312
  -189.542
   165.588
   108.211
   436.482
   154.093
    29.546
   514.419
   202.819
   -94.548
   845.350
  -147.229
   107.691
  -301.102
   626.422
   479.734
  -296.690
   640.902
  -259.493
  -596.616
  -321.283
  -320.752
  -891.077
   888.425
   886.032
    77.845
   221.111
   443.920
   318.600
    35.556
   133.880
   400.396
  -495.915
  -143.295
  -380.524
   279.732
  -349.243
   244.170
  1413.506
   -95.620
   138.690
    59.747
   378.270
   302.953
  -272.519
   646.993
  -144.752
  -224.726
   -91.761
  -224.727
   -91.761
    37.046
  -224.727
    37.045
  -481.852
  -312.354
  -244.082
     7.540
  -463.999
   315.560
   291.407
   161.534
  -194.377
     8.139
  -473.693
   208.187
   369.352
  -169.611
  -202.742
  -351.023
   -63.475
  -421.469
  -157.365
   470.891
    45.347
   -53.000
   -24.232
   -21.119
   -21.063
   -21.063
   -21.063
   -21.063
   -21.063
   -21.063
   -21.063
   -21.063
   -21.063
   -21.063
   -21.063
   -21.063
   -21.063
   -21.063
   -21.063
   -21.063
   -21.063
    -7.210
   -11.754
   237.802
     1.778
   -10.204
   656.514
     6.771
  -316.788
     4.110
  -265.821
    15.151
     7.004
  -231.204
    20.214
  -293.149
   -25.131
   691.877
  -159.035
     5.040
   431.353
   -12.212
   337.251
   -45.064
   369.168
   -45.149
   -50.268
   449.128
   -50.985
   451.138
   -60.064
  -142.312
  -631.512
   -35.086
   721.433
  -274.882
  -309.966
   -36.021
   253.623
   -39.892
   -33.790
   602.582
    93.815
   430.013
    15.243
    -0.350
   -54.979
    21.349
  -131.914
   129.728
    59.316
     7.384
  -564.588
  -121.352
    21.177
 -1038.463
   158.829
   134.933
    20.041
   425.359
   108.427
    21.530
  1093.883
   173.752
   -55.316
   -16.189
  -146.206
   -13.291
    -9.886
  -884.776
     6.684
   -48.945
   -19.936
   -36.284
   -40.150
    -2.624
   -32.415
   -28.338
   552.765
    -5.180
   495.525
     3.577
   -10.113
   390.602
     6.742
  -199.431
    12.509
   -27.844
    15.697
    17.062
     8.368
    21.278
    69.542
    13.637
    91.865
    18.217
    16.960
   150.414
    21.184
    72.085
    -2.941
  -108.196
     1.032
    -1.874
  -443.465
    15.573
   399.950
   728.895
  -407.545
  -360.981
   -32.034
  -240.281
    46.517
   265.440
   -34.557
    61.953
  -168.569
   -23.963
   634.794
   -50.760
  -203.007
   -53.424
  -198.435
   -53.212
   -51.149
  -201.894
   -51.050
   -15.261
   -10.420
   -97.657
    -0.652
    -6.282
  -257.773
    12.210
   -30.990
   -28.827
    -1.659
   -32.893
   -25.916
    36.826
   -34.182
   -61.970
    14.862
  -537.644
   -10.754
    21.156
   480.536
    19.422
   423.916
   -54.996
  1087.570
    48.048
   -51.458
     0.809
  -141.853
  -119.069
    15.743
  -199.010
    12.127
    21.188
  -129.000
    21.074
  -352.424
   -24.857
  -861.272
   -41.504
   -15.317
   -78.584
     3.130
    88.313
   -18.456
   223.187
   -12.818
   -17.397
   367.272
   -10.016
   -53.000
   -24.232
   -53.000
   -24.232
   -21.119
   -53.000
   -21.119
    22.775
   -21.255
   122.604
   -18.346
   -19.140
   241.527
   -15.164
   -79.424
   -39.505
   -63.183
   -51.306
   -36.205
   161.308
   -48.188
   -53.108
   -33.651
     9.207
   -40.437
   -30.744
   135.640
   -42.973
   -21.676
   -69.417
  -131.111
  -175.881
  -184.830
  -156.430
  -100.851
   -32.522
    35.009
    91.502
   130.556
   149.153
   146.828
   124.831
    85.427
    31.369
   -34.457
  -109.265
  -190.497
  -275.890
  -295.617
  -281.735
    31.331
    28.071
    -8.383
    26.958
    17.585
   124.010
   231.458
  -202.232
  -108.217
   380.142
  -169.291
   296.111
    57.891
   -16.501
   -55.584
   -53.268
  -169.883
   -89.861
   -65.263
  -139.742
  -121.617
   -39.138
    55.063
  -136.665
   -24.165
   961.767
  -249.140
  -179.629
   -41.571
    -8.763
    17.362
    18.663
   270.881
    36.603
    62.325
   179.261
   425.588
   278.321
  -215.067
    19.925
   260.738
   152.515
    69.569
   -24.091
   -99.045
   201.354
   -96.291
   -15.773
   -28.680
   182.187
    28.496
   219.530
  -121.220
  -574.620
  -170.979
   -76.088
   -27.868
    52.328
   259.494
    92.366
   696.470
     2.824
   122.403
  -161.165
  -319.685
   491.006
    50.172
  -545.520
  -286.245
  -384.169
   234.380
    60.656
  -490.816
   481.191
   355.539
    25.104
    28.357
   -22.188
   -21.735
    26.307
   -30.636
   -36.460
     4.660
   100.965
  -143.201
  -107.666
   168.964
  -118.163
    48.409
  -147.187
  -124.881
    24.467
    38.823
  -107.378
    35.249
    58.464
   170.185
   -92.824
   127.792
    81.154
  -264.178
    90.151
   212.142
   -21.929
   116.744
   -46.410
  -241.975
   182.560
  -184.267
  -561.190
   211.921
    92.908
   147.681
    61.169
  -252.314
    99.033
  -277.880
    73.293
   138.433
   -79.629
  -159.935
   163.907
    70.492
  -246.935
    23.866
    29.732
   -43.638
     7.674
   147.765
   -71.515
   163.039
   -99.637
  -261.264
   -68.377
  -109.736
  -379.307
   -50.763
   104.924
   103.998
   107.186
    72.438
   131.004
    47.534
   -68.976
   -13.331
   -77.361
   -60.742
    17.634
   152.249
   -78.695
    69.312
   112.176
   111.637
   191.473
   -75.134
  -293.579
   343.719
   189.648
   -27.442
  -111.086
    47.141
  -170.559
  -277.061
   199.668
    -6.871
  -252.710
   106.998
    36.815
  -110.614
  -349.886
    81.892
    26.892
  -843.000
   366.864
   200.007
   204.030
   -30.673
   -39.621
   -12.731
  -949.652
   -21.676
   -69.417
   -21.676
   -69.417
  -131.111
   -21.676
  -131.111
   -97.776
    56.918
  -152.819
    50.537
    86.898
   -69.634
   116.653
   -29.541
    10.065
  -203.166
  -252.646
   137.375
  -151.245
  -145.833
    80.552
   216.039
  -192.097
   -55.432
   345.504
   -57.778
    85.996
    20.985
   -75.247
   -61.883
    77.388
   201.288
   215.324
   133.501
    17.250
   -82.784
  -144.108
  -165.402
  -155.193
  -124.203
   -81.771
   -34.800
    12.146
    56.343
    96.373
   131.683
   162.246
   449.790
   -63.007
  -147.909
   -30.386
  -905.183
  -428.602
   221.882
    46.779
   320.595
    51.038
    63.018
   412.187
    48.299
    68.380
  -171.520
    -4.515
    18.393
   340.393
  -144.655
   -43.832
  -153.099
    69.478
  -257.031
   -96.854
  -156.996
  -141.049
  -209.864
   381.217
  -143.523
  -110.423
   -97.975
   131.586
    61.907
  -741.955
  -140.648
  -268.686
  -150.891
    65.980
   245.361
  -392.433
    49.974
   -21.517
   222.988
   530.544
  -349.562
  -142.112
    69.527
   154.342
  -345.701
   341.992
   -42.138
    21.410
  -565.128
   609.514
  -354.558
  -250.911
   171.156
   325.854
   222.105
  -328.446
  -689.616
   226.685
  -661.973
  -128.460
   278.818
   107.457
   685.308
  -466.724
  -168.232
  1024.034
    37.148
   451.693
   110.068
  -204.089
  -114.540
   600.169
  -193.709
   -46.970
  -249.681
   375.719
    83.199
  -356.639
   126.547
  -500.977
   -13.048
   -50.898
   -34.122
   -50.783
   -96.502
   -25.846
   -52.345
  -244.157
  -180.062
    15.356
   279.420
    -2.471
   253.465
  -104.940
  -228.179
  -283.128
   -22.387
   -34.935
  -273.765
     2.929
    -7.406
   306.396
  -148.481
    -1.481
  -145.237
  -649.717
   -17.905
    26.125
  -208.267
    32.662
   517.166
   428.945
   525.082
   -46.753
  -550.730
   119.264
  -440.536
   101.967
  -266.567
   -43.632
   341.443
   312.631
   -91.257
   -15.017
   101.958
   -91.190
   356.107
   454.089
  -483.855
   124.800
   267.754
   -13.806
   230.788
  -205.842
   -57.039
  -130.919
   448.637
   338.807
    86.500
    68.727
   314.373
  -620.946
  -152.107
   -61.723
   -67.856
   -75.097
    20.015
   123.546
    12.973
   714.631
   -79.409
   -16.364
  -584.423
  -881.990
   385.711
   228.874
   767.589
  -147.964
  -150.264
   572.694
   570.447
  -506.019
  -526.747
  -276.342
  -348.194
    27.961
   112.097
   -23.256
   556.726
   218.528
  -398.321
   273.373
   244.353
   163.113
  -309.196
  -248.032
   130.039
   -25.849
    19.210
  -297.039
     0.744
  -577.028
  -125.513
    56.785
  -421.821
    20.985
   -75.247
    20.985
   -75.247
   -61.883
    20.985
   -61.883
  -275.631
   -75.119
  -310.271
    47.779
   292.316
  -179.111
   918.051
    70.016
   315.777
    39.576
   198.188
   263.795
  -337.161
  -354.121
  -266.957
  -126.341
  -130.974
   174.311
  -159.652
   320.865
   386.242
    37.527
    21.106
    16.583
    13.007
    10.359
     8.439
     7.059
     6.071
     5.364
     4.859
     4.499
     4.241
     4.057
     3.925
     3.831
     3.764
     3.716
     3.682
     3.657
     3.640
   -77.779
    36.067
    -3.090
    19.398
    37.861
    -0.185
    23.198
     2.967
    23.597
     0.191
    28.069
    18.863
   208.815
    24.796
   -36.944
    -1.132
    63.344
    54.777
     0.159
    58.075
    52.857
     9.722
    24.689
   -39.002
    27.958
    20.070
  -128.057
    27.756
    -2.593
    36.723
   -73.460
    36.011
    36.788
  -104.985
    36.562
   -27.229
     4.270
   -20.266
     3.407
     4.205
   -38.945
     3.596
   481.663
    22.910
   316.450
    14.377
    20.540
    33.888
     9.951
  -277.079
    14.951
  -402.127
     2.675
    21.826
  -584.607
     9.831
   306.912
    27.325
  -166.007
   -25.397
    22.651
  -189.460
    23.271
  -724.963
     1.535
  -778.613
    -5.868
     3.935
  -167.895
     3.738
  -280.407
     3.631
   115.057
    12.499
     3.894
   132.894
     4.431
  -720.866
     1.344
  -548.856
    -6.028
     3.906
    85.621
     3.813
   -89.883
    20.525
  -145.066
    20.302
    16.699
  -244.766
    17.107
    34.065
    17.842
    12.930
    37.360
    13.636
     7.507
    37.633
   -97.443
    31.283
    -0.423
    36.492
    27.738
    81.907
    37.043
  -148.280
     9.436
    -0.741
     5.577
     8.049
    38.156
     4.184
    -2.086
    17.380
   -51.557
    14.222
    13.618
   -89.032
     9.486
  -125.526
    36.332
  -261.288
    33.391
    37.409
  -190.525
    36.685
  -361.638
    84.035
   -43.072
   468.533
    28.369
  -135.592
   318.085
   -62.117
    19.317
  -434.760
    15.557
    15.440
   -65.594
    13.620
   -35.541
    25.985
  -196.870
  -283.700
    27.588
  -211.716
  -201.232
    77.464
    16.474
    82.015
    13.211
    12.516
    62.668
     8.237
    24.491
    21.147
    10.136
    21.183
    16.667
    -4.511
    16.836
  -489.833
     4.569
  -463.676
   -30.025
     9.814
  -371.739
     4.113
 -1053.968
    23.589
  -191.314
    18.286
    37.754
   206.851
    84.499
   -33.834
    16.901
    57.722
    14.718
    13.275
    54.670
    10.398
    97.727
    19.337
   341.524
    19.339
    15.116
   876.158
    14.308
    -8.583
    20.797
   -47.754
    20.580
    16.556
   -78.119
    16.536
    37.527
    21.106
    37.527
    21.106
    16.583
    37.527
    16.583
   -20.451
    19.884
   -48.862
    18.871
    15.852
   -59.282
    14.553
   274.165
    20.875
   325.390
    22.704
    15.234
  -205.121
    13.818
    47.512
    21.608
    61.122
    22.089
    16.890
   124.254
    17.816
  -144.062
   -23.440
   -96.176
    59.859
   173.146
   202.413
   188.382
   160.648
   132.278
   107.722
    87.884
    72.394
    60.519
    51.507
    44.706
    39.584
    35.728
    32.821
    30.626
    28.962
  -571.552
    58.713
  -262.536
   504.252
  -236.069
   510.413
     3.855
   380.424
   424.509
     9.626
    21.628
   283.185
     8.507
    20.562
  -592.156
  -223.885
   311.062
   137.287
   235.523
   439.134
  -393.362
    92.024
    93.061
    75.098
    73.108
    89.870
    72.996
    71.841
   -47.414
   306.403
  -244.278
   344.778
   189.787
  -358.047
   294.764
   170.055
  -386.862
   368.351
  -203.597
   411.493
  -130.207
   250.176
   101.712
   227.945
  -221.541
   353.791
  -348.503
   -97.623
    46.129
  -561.604
  -442.509
   -62.660
   315.280
   -77.967
   316.252
   329.841
  -377.286
   503.424
     1.499
     3.119
   179.911
    29.103
  -263.500
   264.006
    30.591
    16.850
   179.319
  -119.219
  -455.384
    57.016
   413.201
    76.912
   669.067
    49.143
  -265.243
   571.491
  -104.237
   204.594
    61.652
    81.556
  -238.315
  -174.736
   -57.939
  -548.179
  -273.602
   -61.226
  -401.044
  -258.123
     6.843
  -133.870
   632.821
  -759.372
  -235.342
   -22.353
  -222.881
  -131.203
   708.957
  -435.886
    85.032
    24.451
    62.167
    30.851
   -74.568
    56.878
   -39.047
   -82.375
   116.644
  -262.368
   497.063
  -341.450
  -535.581
   233.314
    13.063
  -158.332
    28.722
    21.038
  -215.847
    28.854
    27.667
    73.160
   251.284
   -23.508
   373.845
   209.870
   -48.910
   424.879
  1037.115
  -142.868
   344.575
    71.268
  -421.335
  -769.021
    77.127
  -420.814
   -37.438
   138.303
   367.774
   -82.614
   320.272
  -317.092
   -17.129
    97.812
   226.397
   387.080
   -74.177
   225.285
  -290.985
   181.712
   259.520
  -155.995
   -50.270
   -72.664
  -172.072
  -204.747
   114.734
   148.368
    89.378
    31.145
   -48.211
  -134.338
  -180.714
   158.180
    40.617
   284.358
    11.139
  -176.580
   262.000
  -388.628
    85.562
  -337.113
   278.230
  -354.558
   -66.727
   991.889
   202.409
   151.908
   142.524
    75.384
   130.587
  -603.438
   732.505
  -362.474
  -628.403
   270.381
   -62.245
   748.929
   -45.858
  -172.498
  -383.028
   173.728
   257.709
  -547.128
   147.852
  -227.116
  -616.387
   483.224
   -36.145
    21.561
   -30.085
    27.649
    37.208
  -140.975
   205.553
  -144.062
   -23.440
  -144.062
   -23.440
   -96.176
  -144.062
   -96.176
    -6.013
   104.532
    72.839
    88.594
   -41.898
   -23.002
  -317.623
   554.369
    64.464
   626.524
   -40.322
    46.041
    32.888
  -666.795
  -250.643
  -220.956
   -64.411
  -313.862
  -141.271
   582.312
  -130.568
   -50.572
    14.366
   106.439
   200.006
   286.199
   352.444
   390.526
   398.049
   376.824
   330.957
   265.434
   185.250
    94.956
    -1.541
  -101.028
  -200.953
  -299.349
  -394.756
  -486.130
  -572.767
   240.110
   158.195
   417.575
   657.954
   -81.381
  -434.657
  -260.776
  -194.101
   -57.858
  -206.753
    30.491
   176.510
    27.549
   858.342
    83.247
    41.893
   -11.519
    -0.253
  -114.093
   -12.355
     2.676
  -174.241
  -388.651
  -150.829
  -288.157
  -460.338
   331.446
   907.913
  -275.737
  -153.591
    51.283
    60.601
   172.377
    47.402
    67.108
  -375.272
  -138.672
  -364.526
   -66.423
   113.241
  -398.302
   258.431
  -202.475
  -309.460
   -50.597
  -296.965
  -272.571
   657.988
   323.985
   -37.284
   278.523
   200.859
   198.624
   884.609
  -654.355
 -1109.599
     1.610
    43.002
   228.572
    27.412
   196.443
   207.413
  -364.179
   211.421
    -7.562
   322.154
    31.127
  -595.705
   703.241
    51.176
    27.791
    16.209
     7.593
    34.336
  -188.666
   209.057
    20.273
 -1059.259
  -591.550
  -544.314
  -588.971
  -316.411
    22.521
   234.216
  -622.958
   229.935
  -219.645
   164.570
   707.700
    50.284
   642.556
  -121.608
   418.006
  -171.080
  -233.106
   844.771
   299.705
   133.349
   267.516
    85.163
   598.824
   189.679
  -292.120
   328.962
  -984.222
    44.680
    70.369
    16.370
    56.588
    86.817
     5.792
    65.414
  -569.445
  -211.700
  -101.283
    41.162
    17.099
   489.581
   426.452
  -236.537
    90.240
    14.794
    29.272
   374.642
    33.688
    38.801
   207.436
   228.666
  -517.789
  -400.286
   248.018
  -850.105
  -235.417
   462.365
   334.094
   445.619
   418.229
    70.084
   -66.319
  -444.025
  -607.034
   -98.296
  -140.192
    -7.602
   502.036
   -67.210
   -20.612
   183.254
   200.976
  -241.289
  -397.741
   -12.642
   135.321
   -43.562
   211.587
   220.235
    24.648
   -17.244
    83.837
    -7.150
  -195.344
   364.998
    62.123
   231.070
    15.519
   -25.625
  -105.883
  -112.095
  -173.255
     6.593
  -269.113
    53.289
   233.875
  -305.522
   681.643
  -124.423
   166.982
   -93.179
    22.316
   543.965
    71.533
   115.483
   230.322
  -272.713
   929.863
   994.758
  -861.471
   234.408
   -64.408
   399.651
    80.749
   297.142
   290.009
  -394.309
    -8.178
   -53.076
  -494.660
  -400.183
  -626.375
  -347.205
   183.361
  -232.295
   728.287
   261.046
   218.433
   260.064
   309.835
   141.154
   202.423
   160.722
   -50.572
    14.365
   -50.572
    14.365
   106.439
   -50.572
   106.439
   -79.290
  -225.034
   149.579
  -274.824
  -368.414
   580.760
  -919.827
  -458.831
  -471.001
  -154.560
     2.845
  -271.762
     6.919
   428.171
   -90.786
  -427.784
   276.740
  -224.328
  -606.282
  1000.434
  -107.186
   -69.201
   -13.451
  -100.471
   166.441
  -157.017
    98.309
   -19.771
   -57.870
   122.591
  -168.575
   193.905
  -198.958
   185.385
  -155.491
   111.859
   -57.123
    -6.180
    75.696
  -149.308
   225.171
  -163.263
  -187.919
   -77.286
   175.467
   227.431
   -37.688
  -195.075
  -304.016
   -17.610
  -192.262
   -36.898
   101.539
   -21.375
    88.469
    27.746
   -10.534
   138.263
   -13.818
  -188.847
   241.468
  -356.797
  -155.117
   -58.301
    24.036
  -181.451
    16.602
     1.218
   183.266
  -139.125
    59.912
  -145.793
    75.368
  -152.658
   -73.115
    48.828
  -247.631
  -125.607
  -159.189
    54.690
   236.390
   -40.809
     7.758
  -141.659
   110.735
   208.595
   -97.665
  -290.892
   674.490
   -20.852
    -1.314
  -224.362
   -63.101
     5.036
   -65.932
   171.652
  -361.326
   -98.825
    15.488
    99.711
  -176.049
   -88.569
   -97.911
   -84.698
    65.421
   145.274
  -311.449
   350.004
   -78.273
    15.080
   453.068
   149.792
  -109.085
    32.733
  -240.918
  -189.843
  -353.257
    32.358
  -270.178
    87.500
   220.179
  -228.409
    39.854
   -65.174
  -401.986
    80.241
  -197.555
    24.661
   156.160
   279.879
   316.842
   107.388
  -285.193
    57.492
  -113.078
   114.671
    82.328
    23.831
   -51.347
    95.397
    46.158
     3.728
   269.425
  -172.103
   347.099
   150.877
    58.666
  -247.396
   -93.971
    15.400
   147.472
     9.511
  -377.532
   -58.827
    60.020
   -66.755
    66.960
   -62.032
   -66.731
   -66.974
  -191.449
  -155.117
  -230.441
   -53.988
   -76.367
   230.577
    30.592
   271.722
  -424.845
   149.049
  -325.935
   203.566
   -12.132
  -584.478
    45.094
  -168.520
  -283.664
    73.609
   140.398
  -515.875
  -127.166
  -114.384
   -33.609
    84.229
   -95.033
  -185.532
   -11.114
   -45.178
    47.550
   100.351
   100.027
    39.422
  -236.103
   175.255
  -113.425
   454.253
   -71.052
    15.705
   214.048
  -250.383
  -205.340
  -417.542
   178.593
  -413.360
  -103.753
   -95.109
     1.355
  -107.428
  -337.379
    60.759
  -108.878
   152.130
   -79.326
     0.523
   172.375
  -290.757
   -22.187
  -100.427
    62.148
  -219.062
    26.139
   187.521
   358.042
  -243.158
  -144.191
  -570.288
   -35.390
   216.009
  -432.942
   401.085
  -133.107
    45.229
   106.816
    96.434
   207.150
   -78.245
  -103.305
  -361.193
  -105.809
   236.462
    38.870
   218.257
   373.969
  -485.296
   231.679
   -92.846
     3.456
   -77.446
   -49.888
  -221.835
   202.803
   -96.897
    -9.017
  -118.904
    12.792
  -101.635
  -144.150
  -181.901
   -69.201
   -13.451
   -69.201
   -13.451
  -100.471
   -69.201
  -100.471
   -37.877
  -102.773
   -17.879
  -167.016
   -13.017
    -4.782
    85.379
  -235.017
    -4.440
  -181.837
  -201.112
   141.234
  -461.423
   497.183
   315.060
  -199.638
   272.364
    51.784
     9.404
   -47.315
  -812.764
    63.270
   -51.785
    38.778
    -9.409
   -11.759
    24.208
   -30.966
    34.494
   -36.300
    37.218
   -37.684
    37.921
   -38.043
    38.107
   -38.140
    38.158
   -38.168
    38.173
   -38.176
    38.178
   -33.196
   -28.072
   111.031
   -72.268
    23.087
   255.451
    38.496
  -127.890
    22.231
   -81.833
   526.085
    29.393
   -38.008
  -343.081
    -6.206
     0.118
    78.930
    -2.001
    -3.493
   147.004
   -24.616
    84.690
   -75.368
   131.267
   -95.996
    61.366
   175.673
    67.147
   542.270
  -181.514
    92.578
   -87.953
    49.585
     4.420
   -51.496
   -95.782
    36.148
    25.715
     6.500
    24.519
   -41.130
   -40.033
   282.452
  -191.358
   -28.018
   -43.481
   156.354
   -36.869
    -7.341
  -109.034
    52.012
   -96.908
    62.844
    -8.238
    98.136
     8.213
    -1.096
   -54.431
  -184.832
    45.676
    18.006
    24.470
     1.072
  -101.098
    13.991
  -174.543
    39.071
     9.095
    95.309
   221.523
   269.555
  -100.223
   180.161
   -76.877
    39.597
  -288.486
   -13.614
   -45.861
    11.801
   -49.132
    31.344
    15.869
    32.340
    88.815
   -98.814
   167.380
   111.709
   157.963
    44.513
   273.339
    15.705
   162.978
   -38.724
   -86.507
    66.054
   -12.956
   -86.979
   -42.690
   265.470
   -88.014
  -105.867
    98.894
     6.860
  -150.826
  -113.369
   -52.624
    60.001
   -83.946
    66.340
   -49.105
   -63.821
   -32.296
  -345.626
   179.552
  -138.113
   114.201
   -75.046
   504.053
    52.979
   211.121
  -154.608
   -85.492
  -165.689
    23.300
   -73.903
   -16.579
   274.421
  -258.335
  -154.625
   -33.283
    63.753
   -66.433
    17.590
  -241.044
   101.661
   -52.165
   118.316
     7.323
    11.977
    81.759
    66.531
   -63.727
   -96.245
     9.013
    48.931
  -179.147
    19.331
  -575.027
   261.497
  -140.356
    64.617
  -136.950
   512.080
    94.018
    90.422
   -21.156
    -0.700
    10.590
    20.465
   -99.701
   -58.199
   -40.284
    96.341
   180.927
  -160.295
   -54.387
   -64.411
   -56.204
    47.540
   -67.353
   -54.585
    24.053
    54.622
   -54.342
   -24.335
   -59.449
    30.389
   -27.009
    24.400
    -1.064
   -45.206
    -9.775
   -60.996
    12.530
  -161.843
    67.158
    17.552
  -230.565
   -13.678
    61.296
    41.461
   133.050
    34.084
   -71.339
   367.059
   172.997
   214.944
  -145.809
   175.604
  -172.855
    76.729
  -277.038
  -237.237
  -158.521
    23.979
   166.639
  -203.753
    -2.344
   -79.419
    91.959
  -108.797
    58.939
   -85.297
  -123.890
   -20.315
  -258.785
   250.169
    14.160
   -29.318
    89.050
   -67.219
    16.810
   218.278
    28.454
    63.270
   -51.785
    63.270
   -51.785
    38.778
    63.270
    38.778
   -28.137
    -5.527
   -19.879
    -8.045
     6.107
    37.768
   -11.512
   -13.766
    39.726
   167.077
    18.261
    37.789
   -20.591
    14.475
   -47.913
     5.770
   -24.759
     8.839
    22.302
   127.955
    33.596
   -75.302
  -144.592
   -25.532
   177.661
  -267.699
   304.213
  -298.242
   259.387
  -199.594
   133.196
   -71.978
    21.716
    16.831
   -45.314
    65.961
   -80.789
    91.392
   -98.962
   104.363
  -108.216
   432.034
  -320.534
   552.481
  -191.464
   -61.640
    40.388
 -1082.718
   -35.777
  -112.730
    64.668
  -173.549
    24.791
  -107.353
   -29.305
    38.044
  -158.582
   -23.463
  -282.521
   -21.343
   -37.254
    -2.326
   -79.067
  -152.428
    61.307
  -178.303
  -108.370
   274.496
  -305.667
   -68.358
  -131.154
   -27.254
  -127.740
    13.057
    14.214
    66.023
   221.237
  -106.735
   -30.761
   624.131
  -287.007
     5.115
   640.220
   403.645
  -449.089
    15.712
    56.836
   317.500
    51.045
  -104.934
  -301.620
    11.326
  -357.275
   990.521
   176.560
   -36.227
   827.339
  -129.419
    23.745
    22.823
    44.946
  -288.651
   263.025
  -572.191
  -123.645
    40.936
   114.284
  -421.788
   -53.364
  -321.631
   163.636
  -305.121
  -360.781
    91.594
  -395.738
   157.867
  -287.665
  -682.958
  -128.264
   -13.623
   158.944
  -456.207
   -79.301
  -378.387
    19.221
   249.456
    60.338
   170.698
    25.665
  -169.513
   -12.473
  -102.008
   161.060
  -145.256
   374.010
    89.909
    45.835
   -68.939
  -645.033
  -234.976
  -589.403
  -103.182
  -330.314
   280.090
  -559.191
  -197.867
  -581.550
  -323.376
  -376.144
  -124.639
   185.533
   -89.921
   179.391
  -164.054
  -177.224
   188.602
  -270.488
  -303.040
  -258.191
   -31.635
  -272.343
   -48.606
  -325.838
     5.001
  -146.138
   412.263
   373.383
  -107.362
    67.601
    86.611
  -129.010
   -64.615
    71.025
   136.857
  -155.569
  -105.677
   188.463
  -286.927
     4.094
     2.048
  -277.911
  -282.564
  -389.380
  -413.956
  -462.315
   354.319
  -131.559
  -155.258
   189.806
  -517.214
   -39.261
  -281.934
   387.661
  -556.828
  -435.660
    54.399
   -61.784
  -221.782
   432.192
  -127.739
   284.975
   -12.026
   -82.571
  -344.439
  -877.075
   576.780
   437.017
   236.162
   496.850
    -4.487
   138.476
   124.697
  -180.195
  -322.115
   156.240
   292.394
   -42.042
   172.609
   216.902
   -91.765
  -250.401
   216.101
    25.587
   256.872
  -813.834
  -384.900
  -327.611
   846.669
  -889.482
   133.151
  -116.895
  -100.369
  -171.978
   -44.260
   -70.715
  -241.941
  -189.760
   341.306
    55.861
   179.285
   251.913
  -267.547
   332.713
  -102.655
   306.121
    81.739
   -47.812
   241.049
  -426.535
   402.489
    -6.720
  -107.685
  -119.749
   -13.907
    94.767
     6.415
   288.730
    12.570
   814.414
  -468.284
  -709.699
   818.969
    22.999
   410.373
   383.090
  -247.650
   -24.015
  -232.335
   -83.454
  -106.245
   -76.673
   242.731
   -75.302
  -144.592
   -75.302
  -144.592
   -25.532
   -75.302
   -25.532
  -459.500
   197.641
  -337.059
    62.316
  -325.997
   250.984
   471.981
   190.955
  -115.135
    56.215
    60.142
  -137.581
  -231.713
    79.293
  -104.462
   129.736
    55.040
   145.278
  -416.402
   469.292
  -223.861
   -90.218
  -254.316
  -111.992
   109.584
   265.636
   332.882
   332.958
   292.961
   233.746
   168.816
   106.012
    49.397
     0.701
   -39.706
   -72.192
   -97.481
  -116.436
  -129.931
  -138.787
  -143.747
  -131.922
   -50.223
  -115.791
  -129.913
   218.054
  -102.004
  -108.039
  -235.806
  -324.399
   -41.951
  -112.136
  -553.539
   532.535
   210.944
    61.065
   314.626
  -155.137
  -273.018
   327.088
  -106.244
  -240.176
   118.159
   234.935
    15.218
    10.987
   241.695
    11.502
     6.340
    23.127
   -88.288
   181.641
   239.797
    12.587
   133.801
  -312.035
    29.094
    65.417
    80.422
   222.247
  -166.747
   190.838
   -73.349
  -138.719
   -62.115
    -0.516
    14.819
   -60.278
     0.087
    17.581
  -151.499
   -73.570
   183.750
   308.039
  -478.875
   302.536
  -172.199
    22.937
   377.867
    -8.719
  -746.191
  -322.639
    71.412
     6.650
   183.091
    75.409
    76.964
    96.482
  -268.033
   -33.383
  -365.393
   -85.801
  -449.367
   601.504
   627.923
   157.823
  -821.944
  -353.517
  -135.563
  -610.555
   439.282
   341.486
   252.369
  -500.119
   152.729
    10.625
    50.558
   -87.079
   -78.521
  -147.595
    71.070
    11.963
  -175.523
   139.898
  -436.992
   -70.509
   -93.035
   635.386
    48.076
   181.931
   478.921
  -375.591
  -125.020
  -710.000
   293.678
   170.512
    79.828
    30.647
   485.435
    95.715
 -1084.038
   576.886
   195.861
    29.481
   344.610
  -138.247
   -16.519
  -373.525
   228.938
   -80.295
   287.785
   541.931
   -73.465
  -497.273
    47.165
   -85.470
   -86.760
  -160.677
   -70.664
   -80.689
   -95.248
   391.073
  -536.437
   361.206
   -55.716
   -40.401
   -65.523
   -46.050
   -11.261
   -54.862
   -12.021
   136.696
   215.770
    37.415
    62.382
  -531.157
   235.950
   -36.619
   -95.100
  -402.022
    40.716
    90.650
  -131.627
    23.150
    85.096
   -46.114
  -277.933
   -62.144
    76.907
  -187.030
    63.941
   437.266
  -129.181
  -113.275
   -62.842
   -75.810
    56.278
   196.527
   -86.679
   -25.104
    79.551
   355.065
   221.914
  -342.544
  -202.619
    26.501
  -347.704
   138.887
   204.337
    23.260
    31.190
    57.621
  -179.379
   186.854
     8.945
    61.695
     1.876
  -201.757
    56.500
  -189.185
  -227.470
  -396.654
   -81.766
   -96.614
  -278.925
   243.755
   304.111
     8.721
     3.709
    46.475
    19.096
   -66.404
   161.121
    85.034
   301.295
   474.065
   -25.794
   110.189
  -634.898
   476.903
  -491.801
   226.809
   535.255
    58.075
   -22.632
  -832.680
   686.593
  -544.437
   468.396
   722.372
  -263.645
  -331.342
  -239.445
   324.030
  -231.381
   110.984
    29.322
   142.542
    50.405
    58.787
  -162.497
  -407.885
   114.125
    28.218
   171.624
   112.122
  -221.410
   278.445
    18.191
    29.182
    14.283
    29.182
    14.283
  -111.906
    29.183
  -111.906
    35.719
   114.883
  -110.963
    27.470
   -84.618
  -242.475
  -306.933
   -58.646
   -55.327
   -18.166
   -39.365
   233.834
   -99.334
    63.978
    28.249
   128.376
   -64.663
    27.631
   459.749
  -221.982
    10.559
    85.139
   -38.674
    -0.065
    -9.595
   -65.275
    -4.867
   -67.724
     0.376
   -58.113
     4.554
   -48.843
     7.337
   -42.099
     9.035
   -37.611
    10.016
   -34.726
    10.557
   -32.895
    10.840
  -524.992
     3.483
   228.226
  -150.181
    -1.910
   -25.108
     6.956
    45.156
    -3.954
   -44.237
     3.772
    -4.307
    41.578
    -4.039
    34.242
   -55.183
    43.545
   -72.640
    16.119
    37.275
    17.442
     5.991
   -82.924
    80.563
   -96.246
   -10.199
   158.976
    58.503
   -16.029
     6.087
    13.059
    10.003
    36.262
    10.974
    70.997
   -16.226
    28.486
    21.541
    50.386
   -19.071
    33.971
   -41.757
    33.826
    -3.817
    63.611
   -10.782
    47.379
   108.820
    88.994
  -109.544
   -17.636
   -73.987
   -33.448
   -58.540
   -51.273
  -129.899
   -90.256
    14.670
   -86.771
    67.533
    30.316
   -32.765
   117.844
  -151.723
   -46.659
    74.454
    36.125
    66.518
    12.451
   134.921
   -48.165
   -28.344
  -114.277
   -49.745
    35.405
  -202.443
    72.379
    65.742
    36.738
  -164.614
    83.204
     4.913
  -272.154
   -10.765
    -4.335
  -187.705
    34.648
  -142.487
    17.919
    66.668
   192.958
  -117.141
   -24.592
    27.908
     3.071
    29.317
    84.662
    38.458
  -143.787
   -13.759
    -2.170
     9.583
   -79.522
    37.409
   -46.716
   475.344
    37.672
    47.815
    41.182
    72.236
  -162.034
    -4.061
  -245.659
   -19.549
   -36.524
  -137.215
   113.739
   175.299
   -51.745
  -212.351
   -43.812
   -39.665
  -212.240
   115.306
   221.177
   223.220
  -213.360
     6.166
   -64.184
   -95.550
    96.788
    56.185
  -122.270
   160.593
   -31.355
    16.220
   -30.533
    69.072
  -285.256
   155.467
   -54.577
    25.321
    28.857
   -33.829
    37.698
    22.878
   -21.291
     8.053
    11.330
    57.750
    28.106
   111.093
   127.831
   134.528
   -26.891
    -8.750
  -119.556
    74.286
    55.087
   -56.772
   191.854
   109.493
     7.554
   108.947
    44.649
    24.822
   102.478
    56.026
  -104.983
   -11.322
  -110.515
    -5.182
    14.874
   -91.518
    -7.127
    83.630
   -37.054
    47.494
   -11.700
    23.650
    40.587
     6.014
   116.226
    33.402
  -162.683
   196.784
   -74.661
    28.092
  -235.262
    16.685
   -74.552
    75.140
    -8.784
  -118.640
    75.407
   -54.559
    77.444
   -13.252
    59.004
     7.323
    -5.551
    32.229
   -24.796
    -2.277
    11.214
   -28.235
    15.547
    22.397
   -59.838
     7.380
     7.458
   -18.793
    62.010
    39.909
    65.332
     3.055
  -144.978
   -21.848
  -152.870
   120.995
   -48.770
    89.167
   295.630
   107.910
   -69.616
    75.689
    46.773
    -3.329
    70.897
    92.198
   -35.461
     5.606
   -16.151
  -173.884
     3.005
    18.092
  -259.429
   -61.959
   -45.287
   -10.609
  -109.185
   -29.062
    41.053
  -165.767
    75.666
    17.855
     6.627
    17.855
     6.627
    27.445
    17.855
    27.445
    -9.934
    18.466
   -61.800
    42.561
    55.912
  -126.978
    86.699
   -88.577
    -2.983
   -15.293
    32.871
   -22.411
   -55.166
    71.954
   -39.203
   -31.386
  -152.183
    -1.688
     4.120
  -248.691
    23.339
   -40.420
  -397.464
  -301.289
  -157.818
   -38.512
    37.992
    76.190
    87.664
    83.394
    71.450
    56.998
    43.004
    30.945
    21.385
    14.362
     9.640
     6.864
     5.653
     5.645
     6.520
  -502.346
   121.327
    16.992
  -604.374
  -224.750
  -123.553
   116.215
  -180.485
   103.970
   263.673
   107.070
    99.070
  -153.255
  -102.964
   -16.493
   103.525
   154.166
    16.745
   228.196
  -279.950
    57.754
   333.078
  -167.500
   540.406
  -138.815
  -325.071
   554.488
  -605.076
   511.443
   386.003
  -205.956
  -190.599
    -2.699
  -119.385
  -119.867
    50.816
   -37.024
    29.563
    33.977
  -122.496
    25.345
    36.638
   148.717
  -253.602
   210.771
   -33.161
  -108.753
     1.275
   -76.832
   -45.841
    61.918
   -74.416
   222.540
   167.050
   -23.782
   517.793
   377.033
   446.072
   -50.006
   -52.775
   315.356
   -51.070
   -51.306
   214.473
    74.853
   326.050
    80.807
  -500.712
   804.524
  -795.837
  -175.755
   -33.311
    35.393
    31.142
    36.892
    32.519
    25.887
  -449.593
  -350.119
  -155.135
   -95.501
  -212.727
   509.969
  -209.035
    56.451
  -243.274
  -285.818
  -272.062
     2.253
  -110.261
   521.844
   242.851
  -418.274
   211.891
  -341.058
  -426.554
   176.043
   -89.537
    99.777
    24.085
   -14.793
   -88.065
   -62.317
   139.052
   -28.469
   186.467
  -109.286
   323.253
   633.726
  -331.894
  -274.501
  -373.843
  -661.982
     0.404
  -172.338
   512.801
   155.686
   -72.799
   229.326
  -381.657
   -71.799
  -441.740
  -652.913
    86.039
   178.099
  -241.284
   -59.711
   361.057
     6.061
   283.599
   704.968
  -107.671
   587.002
   232.666
   318.630
  -220.794
  -764.302
   155.907
  1182.442
    -5.769
   225.951
   240.958
   302.195
   124.666
   199.545
   312.108
  -699.252
    68.648
    91.008
    18.695
    34.729
    93.854
    12.558
    29.834
     2.035
  -364.365
   969.174
   257.201
  -578.584
   745.131
 -1066.499
  -315.289
  -209.629
    39.629
    42.747
   -83.885
    36.146
    35.309
  -531.094
  -727.441
   249.340
   102.436
  -639.020
   637.976
   511.932
  -415.087
   127.033
   -86.432
   169.184
   600.045
  -175.585
  -247.578
   278.885
   192.546
  -118.986
  -430.194
   109.936
   349.878
   -87.054
    21.266
    24.191
    60.687
   133.342
  -101.152
    15.628
   248.233
  -180.599
  -236.959
  -111.022
   -92.071
   331.278
  -142.674
   483.954
  -138.339
  -448.287
   133.980
  -171.594
  -403.680
   344.958
   -64.344
   161.492
     9.559
   165.905
   -78.062
   107.677
    67.980
  -296.331
  -214.799
   124.841
   -34.529
   103.629
   470.831
    35.735
   -95.700
  -649.839
   171.643
  -362.414
  -185.305
   929.266
   144.383
   528.486
   392.672
    66.673
   357.476
  -112.625
     4.222
   -58.809
  -408.388
  -662.623
   -42.733
  -280.951
  -298.260
   901.962
   617.078
    70.553
  -164.017
   -69.294
  -282.234
   -91.223
   137.360
  -106.769
   268.290
    26.396
   -51.092
    26.396
   -51.092
    83.028
    26.396
    83.028
  -166.359
    31.179
  -254.422
   154.920
   202.851
  -214.815
   425.773
    56.890
    35.246
   -99.004
  -201.412
   398.152
    97.016
  -166.027
   353.022
   330.629
  -274.815
   148.105
   551.910
  -866.465
   446.935
   -43.282
   -38.674
   -13.986
    -9.595
    -7.366
    -4.867
    -2.187
     0.376
     2.645
     4.554
     6.106
     7.337
     8.297
     9.035
     9.595
    10.016
    10.328
    10.557
    10.722
    10.840
    -6.290
  -135.232
    80.712
  -250.919
   -67.641
   155.271
  -235.169
    21.188
    31.391
    16.586
    25.263
    31.569
   -31.322
   -37.017
   129.530
     3.483
  -173.466
  -150.181
   -47.446
   118.159
   -31.752
    65.999
    -3.954
   -60.945
     3.772
    -4.261
    55.442
    -4.039
  -119.994
   -55.183
  -129.319
   -72.640
     8.803
   -91.073
    19.306
   -51.197
   -82.924
   -59.068
   -96.246
   -45.718
   -22.249
   -47.444
    32.727
     6.087
    14.905
    10.003
    29.173
    10.980
    43.802
     4.890
    28.486
    -1.806
    50.386
    41.580
    -5.939
    66.134
   -19.963
    -3.817
   -31.307
   -10.782
    12.293
   -46.114
    -0.467
  -109.511
   -17.636
   -95.418
   -33.448
    21.637
   -51.437
    47.386
    11.161
    14.670
   125.764
    67.533
    25.104
   226.021
    68.717
   -72.395
   -46.659
  -120.560
    36.125
   -13.888
  -176.036
    49.273
   -64.336
   -28.344
   -87.046
   -49.745
     2.999
   -86.048
   -21.611
  -213.920
    36.738
   -91.798
    83.204
    57.476
   -58.016
    73.192
   403.767
  -187.705
   384.142
  -142.487
  -158.494
   242.706
   -80.557
    27.632
   -24.592
     0.642
     3.071
   -13.486
    -0.945
    15.366
    15.164
   -13.759
     6.564
     9.583
   -29.782
    62.537
    35.889
  -283.862
    37.672
   -77.509
    41.182
    74.739
   -32.813
    20.196
   204.248
   -19.549
   159.962
  -137.215
    21.776
   243.788
  -106.189
   208.171
   -43.812
   167.523
  -212.240
     5.717
   161.864
  -245.444
   161.737
     6.166
   127.606
   -95.550
    33.316
   220.908
   -73.671
  -112.355
   -31.355
  -127.552
   -30.533
     1.949
   -95.397
    18.876
   122.735
    25.321
   -67.476
   -33.829
    16.615
   -75.864
   -63.133
   -98.718
    11.330
  -124.061
    28.106
    22.035
  -153.293
    57.100
    92.761
    -8.750
    81.190
    74.286
    -9.563
   -49.310
    75.340
   -10.795
     7.554
    16.856
    44.649
    19.467
    41.425
    68.247
   -55.666
   -11.322
   -42.834
    -5.182
     0.523
   -31.262
     1.810
  -160.576
   -37.054
   -77.299
   -11.700
    -8.117
   -46.896
     2.203
  -245.567
    33.402
    -4.293
   196.784
    19.437
   164.810
   128.696
   107.712
   -74.552
   131.023
    -8.784
   -91.926
   130.870
   -10.452
    -1.755
   -13.252
    42.458
     7.323
     4.676
    80.533
    29.277
    10.139
    11.214
    35.767
    15.547
    21.023
    64.613
    17.531
   -43.945
   -18.793
    -5.716
    39.909
   -14.759
    79.050
    74.478
  -241.791
  -152.870
   -67.578
   -48.770
   -66.086
    80.294
    23.578
    47.518
    75.689
   -87.001
    -3.329
    70.678
   -42.817
    69.392
  -183.965
   -16.151
  -206.965
     3.005
    48.754
  -163.539
    82.730
   -10.466
   -10.609
    -9.709
   -29.062
     0.708
    -8.528
   -48.938
   -12.133
     6.627
   -12.133
     6.627
    21.759
   -12.133
    21.759
     7.456
    18.466
    61.033
    42.561
    12.470
   148.619
     9.554
   129.573
    -2.983
   188.863
    32.871
    42.718
   109.325
    75.656
    19.958
   -31.386
   130.233
    -1.688
   -11.009
   250.790
    21.728
# -----------------------------------------------
# 
