# -----------------------------------------------
# 
  2746.188
   436.197
  -452.945
  -618.987
  -218.327
   302.417
   610.076
   595.949
   328.985
   -40.449
  -364.082
  -543.750
  -545.362
  -390.390
  -137.252
   138.470
   360.187
   461.210
   390.652
   115.410
  -380.531
  -607.787
  -820.017
   924.649
   283.671
  -179.273
  -166.040
   -46.393
    -5.732
   -40.465
   -90.397
  -110.707
   -87.868
   -31.575
    37.724
    98.255
   132.071
   126.918
    76.109
   -22.520
  -167.921
 -1562.379
 -1627.784
  -202.195
  1079.265
  1580.384
  1297.831
   532.298
  -337.962
  -999.887
 -1276.630
 -1139.807
  -680.220
   -57.513
   551.705
   993.422
  1157.885
   984.941
   458.437
  -404.556
 -1565.369
   113.734
   113.738
   113.742
   113.746
   113.751
   113.755
   113.759
   113.763
   113.768
   113.772
   113.776
   113.780
   113.785
   113.789
   113.793
   113.797
   113.802
   113.806
   113.810
   113.814
  -767.119
  -289.142
  -198.673
    32.101
    15.757
  -150.640
  -293.265
  -313.163
  -201.144
    -7.023
   197.395
   347.054
   400.572
   346.551
   202.106
     6.743
  -185.797
  -315.776
  -324.585
  -160.167
   219.425
   702.808
   645.771
   614.265
 -2030.887
  3474.563
  -152.133
 -2388.731
 -1648.318
    83.221
  1342.422
  1720.242
  1389.725
   687.028
   -91.259
  -746.188
 -1169.309
 -1316.217
 -1180.727
  -775.771
  -121.304
   762.383
  1857.762
   -61.263
  -115.222
  -223.426
  -392.740
   844.031
   340.269
  -721.794
  -509.365
    62.687
   394.457
   424.783
   279.107
    80.957
   -95.473
  -218.799
  -283.054
  -293.550
  -258.384
  -184.403
   -75.919
    65.165
   238.673
   445.383
  -392.740
   -68.425
    34.442
  -319.563
  -319.354
  2012.198
 -2259.912
   425.021
   704.092
    52.983
  -316.547
  -275.212
   -51.127
   154.411
   250.447
   229.718
   126.579
   -12.320
  -142.892
  -228.990
  -243.003
  -164.628
    20.687
   323.057
   129.174
  -436.950
   685.702
   212.241
   -20.788
   636.074
 -3213.880
  2013.507
  2268.317
   462.749
  -925.247
 -1422.219
 -1277.289
  -813.611
  -261.580
   243.924
   633.340
   875.882
   962.186
   894.208
   679.666
   329.117
  -145.569
  -731.987
 -1417.618
   -53.026
  -360.316
     1.027
   254.802
    81.727
  -330.699
  -591.412
  -657.378
  -254.218
   259.971
   584.203
   551.231
   172.716
  -347.002
  -717.036
  -752.053
  -459.148
    27.394
   542.130
   943.402
  1131.642
  1049.791
   676.799
    19.101
  -897.810
 -2036.715
  1516.607
  -309.083
   902.423
  -591.409
  -209.302
   -53.962
   955.676
  -627.456
  1045.292
  1051.339
   356.197
  -309.108
  -672.725
  -730.517
  -578.289
  -323.382
   -50.561
   184.860
   352.998
   442.499
   454.039
   395.253
   277.172
   111.890
   -88.838
  -314.364
  -555.503
  -111.113
   340.985
  -336.976
   -13.049
  -154.299
  -118.180
   353.873
    56.332
   402.697
 -1821.605
   -94.064
   170.504
   145.463
   119.906
   135.469
   178.598
   227.467
   262.142
   267.700
   237.803
   177.152
    98.502
    15.590
   -61.977
  -129.528
  -185.850
  -231.549
  -267.979
  -130.118
     9.386
  -265.865
  -186.553
   658.997
  -666.759
   823.453
   502.585
  -252.320
   291.552
   235.126
  -908.214
   173.087
   580.220
   389.503
    27.257
  -255.249
  -381.093
  -362.010
  -240.802
   -65.664
   118.919
   274.900
   371.364
   384.595
   297.828
   100.767
  -211.120
  -637.444
   767.141
    55.370
   -53.643
   -71.585
     9.183
   314.923
  -366.185
  -410.018
    53.806
  -478.214
  -307.614
   840.455
  -667.077
  -658.212
    67.379
   612.503
   685.783
   399.400
   -14.156
  -362.446
  -542.721
  -534.446
  -373.057
  -123.612
   139.220
   344.073
   430.019
   349.612
    69.343
  -431.421
   284.374
    11.098
   -23.943
    81.578
    -7.102
    -6.567
   176.671
   255.807
  -496.846
  -124.358
   -41.858
  -297.478
   219.949
  -600.698
  -126.351
  -141.973
   -65.858
    98.436
   228.400
   270.157
   231.490
   146.220
    50.385
   -28.853
   -76.639
   -89.954
   -75.381
   -46.215
   -19.481
   -13.217
   -44.245
    27.815
   115.088
  -755.049
   -60.919
    30.720
   -40.895
    66.925
   650.752
    98.188
  -422.851
   -54.074
  -226.527
   997.290
  -539.112
  -912.837
  -413.670
   -30.673
   149.970
   205.791
   200.551
   170.056
   132.124
    94.966
    61.976
    34.213
    11.641
    -6.249
   -20.127
   -30.681
   -38.546
   -44.274
   -48.334
   -45.511
   -52.047
    60.312
   -90.933
  -310.192
   465.041
  -462.685
  -424.658
   325.757
  -428.263
   863.841
   696.346
  -487.253
   488.402
  2198.088
  -777.748
 -1039.955
  -599.062
  -158.382
   132.963
   292.141
   358.672
   361.626
   319.475
   244.728
   146.960
    34.097
   -87.201
  -211.473
  -334.430
  -452.879
  -564.597
  -668.178
   452.551
   186.873
  -391.700
 -1326.640
   367.027
   825.470
  -254.724
  -325.534
   178.977
  1309.520
  -360.911
  -983.301
   782.397
   775.228
  -187.399
  1192.901
   564.619
   392.207
   266.961
   177.396
   114.284
    70.134
    39.356
    17.937
     3.041
    -7.313
   -14.509
   -19.511
   -22.986
   -25.402
   -27.080
   -28.247
   -29.058
   -29.621
   798.527
   -51.547
   -39.436
  -533.971
   620.948
   -43.924
   -97.679
  -146.686
   161.680
  -267.665
  -953.559
 -1024.843
  1976.572
   929.796
 -1304.334
  -518.706
  1146.822
   918.936
   591.885
   353.816
   187.043
    72.594
    -4.455
   -55.095
   -87.206
  -106.388
  -116.609
  -120.689
  -120.637
  -117.893
  -113.494
  -108.191
  -102.527
   -96.900
   -91.599
  1262.827
  -207.878
 -1344.629
   881.862
    28.591
   409.561
  -621.392
  -279.431
  -793.269
  -289.039
    99.403
 -1423.703
  -194.047
  -611.424
  -499.662
 -1097.949
  -728.154
  1972.890
   539.672
  -398.692
  -810.037
  -747.549
  -366.903
   103.071
   470.876
   636.431
   587.413
   371.687
    67.542
  -239.927
  -474.579
  -577.992
  -512.889
  -262.916
   169.771
   767.997
  -850.994
   112.752
   508.090
   171.504
   -23.979
   -97.583
  -269.958
 -1398.428
    74.042
   674.502
   119.940
   -66.754
  -604.070
   151.373
   894.437
  -147.794
   812.529
   654.436
 -2230.146
  3533.057
 -1217.958
 -1486.718
     8.958
   889.565
   861.606
   374.178
  -143.891
  -473.395
  -569.115
  -480.808
  -290.827
   -77.627
   100.795
   211.255
   243.429
   205.287
   117.958
  -274.191
  -586.807
  -206.081
   188.645
    18.830
   199.990
   -95.993
   -60.362
 -1675.993
   -86.538
  -207.398
    52.983
   238.721
  1732.511
   654.437
 -1083.669
   117.558
  -667.797
  -844.694
  1521.360
 -2094.022
   526.580
  1710.822
   750.222
  -650.910
 -1467.410
 -1504.049
  -973.754
  -188.688
   584.966
  1170.194
  1474.346
  1468.019
  1162.660
   592.517
  -198.060
 -1162.669
 -2257.498
  -203.502
  -399.329
  -359.452
  -149.158
   544.873
    30.109
   191.298
    82.725
  -428.521
   917.726
  -172.474
  -407.609
    -3.627
    78.576
 -1010.864
  -844.693
  1518.153
   531.672
  -147.102
   170.606
 -2023.019
   961.269
  -439.078
   -56.989
   627.342
   630.594
   140.091
  -386.312
  -663.524
  -630.357
  -366.456
    -3.302
   333.876
   553.591
   604.926
   473.254
   171.425
  -269.739
  -809.753
   255.734
    -3.528
   656.305
   801.341
   400.003
  -731.129
  -101.320
  -299.982
   -35.973
   -26.807
   754.387
   204.050
   519.944
   -92.522
  -222.997
   297.574
   170.607
 -1220.047
  -524.087
   836.161
    27.232
   340.022
  -737.445
  -493.716
   -13.578
   347.581
   542.957
   582.761
   487.566
   289.005
    29.658
  -242.252
  -479.428
  -640.597
  -693.354
  -615.047
  -392.309
   -19.852
   501.056
  1164.137
   112.706
   591.693
  -891.247
  -238.057
   -74.657
    50.471
   -64.612
  -208.315
    91.446
   158.702
   -85.828
  -421.409
   197.476
  -128.569
  -102.803
   261.941
  -142.864
   313.400
  -563.817
  -262.329
     2.869
   214.850
 -1585.939
  1087.680
   755.815
   -46.295
  -414.735
  -418.692
  -267.131
   -91.904
    50.658
   144.593
   190.395
   194.113
   163.753
   108.618
    39.377
   -31.977
   -92.431
  -128.463
  -126.614
    73.100
   129.132
   -90.114
 -1725.875
    50.169
   510.779
   -64.411
  -107.668
   -78.860
   142.576
   191.980
   -23.380
  -219.670
   188.141
  -142.275
  -104.594
   207.777
  -520.862
    29.602
   475.030
  -243.147
    72.951
   -52.062
   738.477
  -327.901
  -984.959
  -751.437
  -137.657
   424.789
   748.502
   809.318
   659.450
   375.841
    35.612
  -293.563
  -556.053
  -707.965
  -715.835
  -555.130
  -208.835
   333.772
  1078.184
  -161.665
   240.430
   104.582
   -62.727
  -446.280
  -122.134
    -2.764
   432.844
    41.628
  -143.212
   161.170
   195.351
  -231.912
 -1886.730
   136.603
   -88.575
  -125.247
   203.926
  -509.238
   658.663
   349.188
  -200.397
   152.452
  -448.115
  2237.212
  -568.527
 -2209.052
 -1639.158
  -191.678
  1057.324
  1675.422
  1656.622
  1185.100
   488.452
  -233.281
  -832.678
 -1216.580
 -1337.825
 -1184.190
  -767.864
  -116.727
   732.333
  1738.246
   -42.042
  -943.670
   690.029
   698.522
  -595.785
   385.422
   171.687
   358.058
   238.458
  -403.224
  -193.238
   207.821
   252.245
  -192.391
  2086.910
   703.232
  -304.564
  -235.903
   267.108
   143.044
  -534.289
 -1063.580
  -289.354
    49.491
   303.891
  -571.081
   320.475
   516.903
   230.563
  -104.527
  -317.615
  -383.614
  -328.863
  -193.771
   -19.645
   156.385
   303.451
   397.552
   421.299
   363.201
   216.742
   -20.562
  -348.036
  -762.611
   -28.780
     9.227
  -775.283
   514.685
   570.955
  -441.311
   331.490
   152.245
   443.055
   254.592
  -139.099
  -236.189
   139.290
   314.882
   -29.047
   115.470
   278.722
  -117.662
  -250.323
   381.630
   666.663
  -381.254
  -441.805
  -233.965
    35.339
  -364.961
  1202.164
   864.958
  -172.915
  -973.183
 -1002.942
  -341.205
   493.588
  1008.207
  1024.176
   641.692
    75.896
  -468.248
  -849.747
  -997.982
  -898.226
  -572.251
   -61.301
   586.345
  1323.325
   -82.291
   111.516
  -298.035
    94.336
   635.124
  -471.306
   291.477
  2229.046
  1118.891
  -248.838
   -38.374
   -78.857
  -337.712
  -293.387
   218.950
   -87.697
  -503.068
  -319.461
  -198.576
  -288.565
   139.355
  -466.584
  -364.958
   534.432
  -412.920
   254.938
  1226.791
  1697.357
  -687.438
 -1966.537
  -863.637
  -343.509
   369.091
   626.586
   800.540
   806.398
   715.296
   617.414
   436.458
   315.568
   125.398
    14.332
  -154.333
  -245.628
  -384.642
  -455.667
  -770.618
  -881.166
    68.971
 -1114.987
   220.288
  -457.221
   -11.853
  1329.375
 -1086.746
  -279.959
   534.457
   565.267
   364.852
   -62.301
   696.336
   -13.463
  2011.943
  -730.514
     6.203
   294.059
 -1493.216
  -266.380
  -701.717
  1226.791
 -1549.645
   724.275
  -807.744
    -2.091
 -1413.176
   223.776
   786.492
   392.349
  -114.295
  -435.651
  -531.318
  -415.824
  -153.927
   155.159
   418.390
   576.078
   606.228
   515.352
   325.993
    66.399
  -236.105
  -558.500
  -883.204
   -28.025
  -143.572
    55.375
  -112.677
   206.997
  -621.761
   454.226
     9.273
   -27.961
  1009.496
   -73.931
  -966.936
   289.825
   -69.916
    77.737
    51.879
   221.626
     8.904
   673.983
    88.089
    80.987
    -4.272
   179.384
  1379.278
    -2.089
 -1090.241
   -85.262
  -422.526
 -1088.135
   419.904
   449.741
   380.717
   322.581
   274.851
   236.000
   204.561
   179.217
   158.838
   142.479
   129.361
   118.850
   110.431
   103.692
    98.297
    93.980
    90.525
    87.760
    85.548
  -990.256
  -794.396
  -841.301
  -704.518
   122.493
  -587.063
   727.387
  -581.210
   168.931
 -1451.335
  2796.053
  -292.415
   211.710
  -745.825
  -139.570
   169.177
     8.039
  -773.734
   761.293
  -716.889
  -167.586
    90.054
   388.324
  -415.160
  1231.476
 -1088.134
  1116.168
  1218.220
   274.953
   173.477
    -8.913
    42.750
   190.683
   321.701
   366.148
   308.288
   173.026
     3.551
  -157.386
  -278.144
  -341.648
  -344.252
  -292.455
  -199.147
   -80.267
    47.748
   169.707
   272.698
   346.567
   908.246
  -196.942
  -480.902
  -387.657
   616.235
    91.859
   415.556
  1371.003
 -1216.647
   467.547
   169.664
   346.261
 -1053.005
  -107.483
  -202.071
   181.756
   346.713
  -270.397
  -812.089
   -35.061
   520.326
    11.909
  -424.774
  -201.832
   548.787
   200.239
   173.480
  -846.442
  -588.617
  -301.452
   577.465
   518.764
    90.573
  -360.482
  -405.811
  -109.226
   213.381
   367.002
   339.114
   204.046
    41.546
   -95.415
  -182.626
  -216.108
  -202.903
  -154.399
   -82.368
     2.980
    93.678
   184.012
   356.579
  1479.342
   207.308
    -2.479
  -178.437
   642.652
   -52.652
   455.428
 -1624.020
   949.746
   987.001
   702.475
 -1730.329
  -282.538
  -733.324
   144.155
   201.609
     7.816
  -272.291
  -177.150
   246.365
  -756.490
   105.784
  -357.236
  -400.644
   690.762
    50.457
   577.466
  -355.963
  -420.813
  -454.704
  -560.942
   891.034
   335.953
   -81.668
  -346.025
  -481.676
  -521.020
  -494.099
  -425.423
  -333.510
  -231.496
  -128.128
   -28.815
    63.416
   147.153
   222.011
   288.223
   346.358
   397.146
   441.367
   486.518
   209.027
   249.843
  -253.469
  -113.670
  -593.391
  -233.949
  -338.674
  -429.841
  -450.483
  3254.817
 -3300.925
  1575.949
   614.125
  -327.722
  1131.826
  -739.356
   140.501
  -173.562
  -825.138
   103.762
  -289.947
   274.768
  -439.604
  -266.606
   633.318
  -825.375
  -988.120
  -560.942
  -261.471
   471.025
   349.739
    29.136
  -162.461
   536.333
  -538.134
  -442.401
   183.701
   534.390
   493.675
   234.496
   -62.985
  -292.658
  -416.298
  -437.020
  -376.564
  -261.192
  -114.636
    44.538
   203.210
   352.958
   488.995
   282.521
  -131.777
   -36.176
  -345.343
   -35.461
     3.867
   129.309
   -24.722
   -55.607
   -52.207
   336.386
  -321.339
  -125.615
     7.947
 -1111.861
  -175.297
    39.358
   610.307
   -53.590
   107.280
    73.782
   247.765
  -245.014
   112.178
   -37.261
    30.835
    52.293
  -212.842
 -1213.020
    29.136
   661.783
    57.450
  -167.107
   119.710
    57.810
  -281.068
  -348.138
  -235.826
   -76.105
    65.798
   169.742
   235.078
   266.979
   270.979
   251.464
   211.676
   154.110
    80.893
    -5.974
  -104.498
  -212.668
  -328.471
  -449.937
    96.487
    84.693
  -982.070
  -288.177
 -1819.574
   424.435
   -25.843
   108.870
    32.019
   212.355
  -155.437
   934.054
  -915.685
  -512.356
   384.374
 -1773.132
  -912.666
  -124.492
  -219.550
   131.919
   175.742
    13.842
  -167.064
   -69.946
   451.874
   205.574
  -235.018
   188.936
  -278.549
  -770.086
   119.708
   588.083
   -77.399
   -36.152
  -275.999
   -35.575
  -591.535
    60.413
   403.984
  -470.231
   277.496
   -15.210
  -196.693
   309.553
  -321.403
   254.480
  -140.227
    10.751
   105.379
  -184.731
   209.218
  -165.618
    44.845
   158.806
   -11.804
   -89.718
  -322.976
   -10.829
   -78.718
   272.832
   204.811
  -248.208
  -110.272
  -179.149
   -70.801
  -159.621
   162.521
   -36.493
   -86.482
  -226.968
   534.480
    33.384
    41.940
   343.802
     7.136
   -10.524
    78.536
    55.426
    22.624
   922.093
    -3.655
     1.072
    26.567
  -145.965
  -748.448
  -276.000
   982.260
   135.237
    -7.207
  -465.720
 -2244.819
  1405.176
   193.695
  -799.984
   622.116
  -214.262
   -97.516
   250.498
  -285.940
   255.506
  -195.846
   128.277
   -63.623
     6.527
    41.678
   -81.278
   113.244
  -138.752
   158.947
   -28.644
   251.469
  -153.825
  -520.230
    72.567
   114.382
   -44.820
  -164.646
  -332.825
  -204.672
  -290.373
  -197.348
  -326.415
   101.949
   -78.220
   -10.069
    29.366
 -1490.306
   -68.521
    46.504
    97.467
    10.489
    -0.178
    -2.882
    25.520
  -122.626
  -181.515
    -7.639
    34.632
    34.707
   102.568
   706.095
  -465.721
  -846.098
  -147.505
     9.947
  -335.618
 -2107.890
  1355.404
  -339.311
  -332.604
   670.349
  -757.930
   678.597
  -512.859
   326.906
  -159.667
    25.078
    77.075
  -152.275
   206.769
  -245.946
   274.002
  -294.056
   308.380
  -318.607
   -19.812
    29.434
    -9.321
  -190.297
  -375.778
    -1.391
    -1.864
   278.345
  -193.484
  -188.794
  -214.568
  -174.113
  -122.699
  -236.705
  -191.886
   107.287
    79.857
   152.706
  -331.667
    13.552
   121.547
   -39.886
    -1.782
     0.696
   -58.702
    12.562
    19.967
  -150.182
    21.941
    63.917
     9.719
    21.531
   197.242
  -335.618
   126.109
    31.344
    -6.055
    81.529
   239.058
   282.484
   189.787
    28.343
  -111.039
  -174.412
  -155.167
   -76.792
    27.252
   126.634
   199.867
   235.202
   229.170
   184.327
   107.049
     5.708
  -110.679
  -233.372
  -354.476
   -19.316
  -169.816
    91.120
  1429.787
  -265.768
  -251.173
   147.735
     9.530
   -81.971
    86.458
    95.158
   -30.331
    69.338
    19.341
    58.738
    37.714
   -51.436
    32.820
   -57.223
  -919.571
   -30.548
   461.359
  -563.488
   -35.297
    40.755
    -3.355
  -140.909
   -15.190
   -61.038
    24.429
   131.334
    55.293
     2.476
  -554.247
  -276.249
   734.665
   221.092
   -61.127
    22.681
  -240.978
   357.136
  -121.577
  -240.087
  -143.037
   -51.413
    35.670
   129.029
   106.984
   156.837
    91.240
    91.067
    40.564
   -10.755
   -11.537
  -113.871
   -48.739
  -200.582
   -66.019
   140.837
    24.022
   264.254
   -41.240
   -46.167
   688.534
   654.640
  -378.421
   194.320
   418.403
  -389.892
    96.518
     0.127
    70.721
   -37.415
   -63.958
  -290.191
   291.340
    97.984
   581.411
   -99.710
  -153.612
  -172.057
  -280.477
   -38.126
   -36.470
   -86.352
   -59.330
  -140.310
  -175.941
    -7.943
   -94.073
   -16.338
    18.198
 -2126.428
   693.669
  1126.839
  -107.200
   -93.212
   459.841
   380.924
 -1073.751
  -472.447
   305.006
   646.422
   600.910
   356.966
    64.020
  -192.608
  -374.977
  -472.995
  -490.814
  -438.832
  -329.411
  -174.744
    14.105
   227.559
   457.576
   697.561
    -3.375
    84.949
   -36.959
  -213.627
    67.927
   400.534
  -267.600
    41.970
   501.845
   129.675
  -652.009
    22.167
   203.510
     8.643
   237.292
   102.929
   194.661
  -190.503
   215.956
    71.093
   -78.276
  2633.186
  -260.760
    49.049
  -439.010
   -69.222
    35.770
    -0.612
  -204.388
  -142.532
    44.649
   152.791
   107.045
    57.543
   -45.713
  -169.021
  -339.779
   289.135
   -24.565
    -1.940
    12.729
  -240.978
   166.116
  -121.577
  -205.586
  -143.037
   -45.228
    35.670
    85.715
   106.984
   106.397
    91.240
    67.699
    40.564
    13.342
   -11.537
   -32.518
   -48.739
   -59.879
   -66.019
   156.746
    -5.476
  -111.536
    -4.935
  -177.253
   -25.913
   178.715
   355.745
  -106.110
  -320.676
   145.049
  -391.826
   203.766
   -27.013
    87.522
  -115.985
    57.978
    59.665
   314.742
  -279.039
     2.045
  -477.608
   -35.765
   140.377
   166.311
  -142.265
    32.130
   -20.382
    62.856
    22.061
   309.375
    28.871
    77.835
   120.633
   -86.727
    22.096
   409.066
    52.842
  -739.530
  -197.670
   431.783
# -----------------------------------------------
# 
