# -----------------------------------------------
# 
  2897.238
 -3072.306
  -855.682
   733.376
  1380.079
  1329.620
   919.332
   403.611
   -68.878
  -425.453
  -636.828
  -697.288
  -616.826
  -419.765
  -145.081
   154.191
   413.273
   559.456
   516.730
   210.565
  -427.733
 -1104.035
     6.349
   998.229
  1432.324
  1053.443
   635.921
   410.319
   262.321
    88.431
  -120.809
  -324.128
  -477.478
  -555.139
  -550.802
  -470.615
  -325.635
  -126.548
   118.986
   407.049
   737.032
 -2649.447
 -3673.258
 -1719.981
   879.308
  2535.219
  2667.423
  1516.401
  -206.102
 -1717.616
 -2479.946
 -2333.871
 -1454.034
  -203.389
  1019.541
  1884.939
  2177.053
  1795.829
   735.436
  -944.520
 -3146.058
  -418.974
  -418.978
  -418.983
  -418.988
  -418.993
  -418.998
  -419.002
  -419.007
  -419.012
  -419.017
  -419.021
  -419.026
  -419.031
  -419.036
  -419.041
  -419.045
  -419.050
  -419.055
  -419.060
  -419.065
  -155.501
  -155.503
  -770.254
  -770.254
  -155.504
   120.650
   120.651
  1775.788
  1805.975
  1837.587
  1873.370
  1761.827
  1491.615
  1126.894
   737.868
   369.733
    40.288
  -248.918
  -498.948
  -703.213
  -842.579
  -885.396
  -790.982
  -514.832
   -14.133
   747.462
  1796.330
  1477.119
   292.570
   995.443
   -38.130
 -2164.796
  1565.963
   380.872
  3413.731
  1955.469
  -718.542
  -758.077
 -4311.950
 -1909.147
  1692.256
   537.126
  -628.758
  1768.575
  -199.538
 -2770.326
 -3088.539
 -1683.965
    80.243
  1327.585
  1801.592
  1625.803
  1066.461
   387.376
  -214.575
  -624.162
  -797.945
  -745.598
  -510.729
  -154.767
   255.028
 -2717.215
 -2091.411
 -4126.675
  2573.924
 -9317.504
  3866.506
  2012.103
  3302.544
 -5384.935
 -1975.991
  4885.404
  -177.180
 -1161.163
 -1397.360
 -3424.993
 -1206.963
 -1704.411
  3452.218
  4246.850
  2170.709
 -2749.433
  -727.018
  -937.230
  -568.535
  -882.942
    42.076
   556.344
   522.615
   260.752
   -39.340
  -321.988
  -573.849
  -777.370
  -904.044
  -922.430
  -806.704
  -541.298
  -121.777
   446.624
  1151.453
  1975.618
  -727.017
  -937.229
  -727.016
  -937.229
  -568.535
  -727.015
  -568.535
  4644.426
   -34.317
  3260.438
 -6431.762
  3835.226
 -2016.832
  1086.371
     4.999
 -4457.194
  1153.141
 -2911.730
  3338.949
  1539.713
  1278.937
  1123.996
  4311.573
 -4318.628
 -1218.909
  6598.121
  2493.761
 -3746.396
 -1145.916
   600.537
   685.329
 -2204.976
 -3271.280
 -1793.072
   368.501
  1914.468
  2467.114
  2170.848
  1350.855
   334.354
  -619.094
 -1331.976
 -1699.866
 -1675.160
 -1250.631
  -445.563
   704.920
  2157.558
 -2501.121
  2151.917
 -4712.955
  3181.258
  7349.116
  5197.087
 -6080.192
  3609.612
 -2468.128
  3609.612
 -2468.128
   660.296
  3609.613
   660.297
 -5198.212
  -665.374
 -7452.889
  5118.108
  2017.137
  2316.189
 -1131.763
 -2572.565
  3019.680
  -831.403
  -519.905
 -3215.903
  2048.779
  1116.486
 -1252.777
 -1283.555
  -808.867
 -2201.589
  5252.343
  2080.111
   -37.564
 -4968.407
  1074.719
  -633.540
  1685.596
  2531.837
  1600.618
   162.842
  -928.650
 -1418.830
 -1386.672
 -1023.530
  -518.753
   -17.581
   385.099
   636.932
   716.819
   624.516
   372.463
   -20.104
  -531.113
  -354.832
  1108.935
 -1712.456
  1067.820
 -1889.464
   827.692
   272.790
 -1203.152
  2177.707
   318.935
  1836.645
  -844.574
   131.722
 -1178.261
  1034.435
  1136.657
  1034.435
  1136.657
  -700.921
  1034.436
  -700.920
  -765.034
  2056.502
  1746.658
   249.124
  2556.250
 -2292.513
 -1721.300
 -1777.433
  1814.709
  1601.181
  1282.962
 -3552.528
  -908.123
  -707.651
   544.636
 -4303.632
  1611.396
 -8988.235
  3220.759
    96.689
  5963.088
  1352.240
   828.119
  -290.466
 -1030.630
 -1127.648
  -686.003
    51.397
   820.443
  1396.781
  1630.815
  1466.370
   943.864
   187.262
  -623.311
 -1287.362
 -1619.565
 -1477.058
  -774.002
   516.583
  2370.478
   333.277
   410.206
  -927.979
  -329.601
   101.504
  -822.020
   747.760
   145.954
 -1313.674
  1296.725
  3484.162
 -2626.346
 -1150.579
  -385.693
    21.187
 -1576.153
 -1117.663
 -2374.544
 -2037.045
  -724.637
  1847.988
  1352.235
   828.115
  1352.230
   828.110
  -290.470
  1352.225
  -290.478
  -538.578
  -408.367
  -828.213
   130.695
 -1433.878
  1872.693
  2921.077
  -886.688
   -60.376
    64.966
   278.744
  2496.161
   136.877
 -2361.574
  1144.820
   742.216
   296.922
  -391.340
   252.590
  1507.100
 -1259.682
  1702.785
 -2530.120
 -1453.868
   369.048
  1757.261
  2390.328
  2277.527
  1597.201
   596.930
  -478.182
 -1427.723
 -2112.630
 -2454.554
 -2426.020
 -2037.290
 -1323.518
  -333.911
   876.538
  2252.841
  3743.716
 -1323.866
  3515.279
 -2318.430
   249.468
 -1139.293
  -273.700
   237.779
   -52.398
 -1356.509
  1622.163
 -3768.084
  1778.404
  1267.191
  1211.580
  2565.019
 -2265.736
  -396.076
 -1676.943
  1239.114
  2990.062
  -910.448
  2951.346
  5190.668
 -2374.196
   165.935
  4836.254
 -5566.150
 -1391.739
   376.065
   326.234
   376.063
   326.233
 -2191.430
   376.061
 -2191.431
   710.726
   930.406
   793.574
  1881.105
 -4291.404
  3779.507
  -809.543
   386.120
   979.587
   526.325
  -985.399
   888.793
 -2173.273
   588.520
 -2810.226
  -428.282
  -302.397
  2189.378
  2082.087
  1809.890
 -1621.749
  2703.946
 -2008.557
 -1589.199
  -746.378
  -132.121
   241.860
   439.366
   509.353
   483.963
   389.848
   255.892
   111.267
   -22.181
  -133.778
  -221.710
  -288.680
  -338.761
  -375.867
  -403.240
  -423.397
 -1537.364
  1936.761
 -2265.386
  -170.295
  1986.898
 -2722.107
  1953.392
  3872.407
 -2816.315
  2217.220
   254.101
 -2148.609
 -3269.273
  1204.022
 -6135.464
  1367.349
 -3004.582
  7500.271
   558.117
 -4008.601
  2890.410
 -1342.103
  1734.512
 -2502.518
 -4016.644
  3124.041
  3631.317
  1392.545
  1388.875
  -335.101
   467.502
  -803.423
  -438.010
  -669.488
 -1097.949
   198.292
  -382.573
   198.291
  -382.573
    90.767
   198.291
    90.766
  2034.294
 -1352.630
  4129.490
  -627.851
 -1355.538
  3220.799
 -2159.035
   155.669
   813.068
  1246.320
  -743.950
  1300.866
 -1724.838
   406.985
  1705.737
   337.947
 -1245.020
   382.790
   456.759
 -2549.402
  2039.071
 -2521.819
  2712.892
   -46.369
  3191.824
  2984.481
  1568.682
   440.236
  -163.421
  -390.561
  -412.298
  -344.619
  -253.117
  -170.567
  -110.859
   -77.798
   -70.196
   -84.689
  -117.224
  -163.806
  -220.839
  -139.110
  -507.928
  -118.279
   372.877
 -1495.839
   686.725
 -4429.728
   -89.862
 -1591.181
 -1508.304
  4701.520
    19.632
  1428.303
 -4263.846
  2142.086
 -2915.355
 -5444.866
  4570.148
  1314.619
  3221.056
 -2646.647
 -1309.499
  -442.501
  1595.890
  2907.769
 -2799.477
 -2440.423
  -837.767
   -44.454
 -2033.760
 -1462.635
  2742.581
  2606.346
  2022.749
 -2316.276
 -1733.717
 -3639.500
 -1076.288
 -4663.208
  -720.014
  3857.806
 -2261.809
   307.047
 -1927.526
   307.047
 -1927.526
  -546.640
   307.046
  -546.640
  2262.476
  2072.695
   912.136
  3808.356
  2780.990
 -3391.976
  4187.752
   140.469
  4657.498
 -1853.915
 -2253.600
 -3832.320
  1770.886
  1168.783
  -362.439
   861.510
  1340.384
 -1272.918
   -23.023
  -612.616
  1980.849
  -871.073
  1904.472
  -626.860
 -1933.001
 -1246.266
    23.510
   875.497
  1056.414
   727.161
   158.744
  -418.369
  -857.618
 -1089.554
 -1099.492
  -905.341
  -540.774
   -44.222
   547.470
  1202.161
  1893.522
 -3788.188
  1571.078
 -1381.343
   220.038
   519.686
  2010.776
   329.188
 -1897.386
 -2790.302
  -790.751
 -3946.645
  -559.158
  2722.359
  1563.547
 -1673.111
   350.835
  5440.630
 -3545.486
   722.168
 -2003.385
   697.377
 -1443.360
  3125.176
 -2390.206
  3871.122
 -2818.970
  1735.063
 -3109.988
   201.352
    64.922
  2485.827
 -3150.487
  -716.876
 -1087.629
  2497.561
   687.149
   147.057
 -5471.638
  1620.204
  2460.756
  4882.350
 -2983.570
   231.255
 -4862.680
  1404.720
 -8862.332
 -1966.665
  3487.464
  1789.626
  -560.281
  1193.104
  -560.281
  1193.104
  1960.969
  -560.282
  1960.969
  4894.952
  1636.659
  1902.632
 -2764.320
  3346.398
 -2667.049
   660.166
  2362.397
 -5166.331
  3609.017
  -659.282
 -1602.864
 -3424.309
  3368.858
 -1852.176
  1398.736
 -2624.487
  4313.679
 -3778.724
   596.064
  -123.489
  2288.771
   511.260
  3120.444
  1191.661
  -779.287
 -1412.445
 -1063.416
  -326.448
   394.019
   905.047
  1154.829
  1166.517
   994.595
   700.392
   340.003
   -40.716
  -407.394
  -736.525
 -1013.984
 -1233.197
  3519.468
 -2368.323
 -3088.581
  2864.116
 -1065.772
  -520.454
   440.487
  2502.943
 -6585.260
 -1352.639
  -458.686
 -2290.324
   930.899
  2005.792
  2064.354
  1175.321
  1534.105
   549.925
  1137.457
 -2665.689
  4314.869
 -1300.325
  4226.685
 -1551.408
 -3101.532
 -3788.695
  2786.636
  3257.356
  -813.060
  2366.880
 -1542.028
  7160.945
 -5125.506
 -1312.179
 -2424.662
  2101.827
 -6696.539
 -2803.523
  4337.674
  4187.020
  1130.029
  -624.554
  1113.012
 -2630.396
  1092.263
 -1451.989
 -1755.724
 -1036.469
  2169.757
  5579.903
  3295.337
  4229.461
  3115.340
  -944.006
 -5474.815
 -3723.686
 -1055.920
  -311.037
 -1055.921
  -311.037
 -1745.231
 -1055.922
 -1745.231
  1731.090
 -1252.222
 -1489.028
   257.612
 -2241.018
  -360.323
  2821.173
  5361.510
  6024.591
 -7925.413
 -2131.280
 -2035.031
  3386.903
  1443.039
 -2728.347
 -1992.547
 -4952.793
  1914.115
 -1438.435
  4414.223
   585.668
 -3844.581
  -435.396
 -1975.308
 -1344.823
  -561.089
   -83.061
   152.446
   248.985
   273.183
   261.628
   233.744
   199.829
   165.319
   132.988
   104.118
    79.146
    58.040
    40.518
    26.183
    14.603
 -4253.667
 -1046.686
  7203.139
  1848.159
  3416.062
  -767.797
 -7022.863
  -335.750
  3217.783
   145.033
  5005.144
 -6372.568
  1441.654
 -3417.192
  4663.594
  1336.455
 -2490.714
 -5710.813
 -2171.885
  3828.206
  2749.970
 -1371.633
   957.297
 -1783.729
   711.238
   700.769
  -311.948
   562.716
  6061.362
   442.004
  -625.921
 -2150.391
  -548.524
 -3886.000
 -2194.415
 -4701.972
  4450.596
 -2628.093
 -1213.493
  1571.229
  1586.180
 -1900.645
 -7201.198
   250.259
  6894.748
  6817.926
  -111.230
 -1768.236
 -5617.276
  3407.933
  4118.067
 -6698.899
 -2026.660
 -3762.099
  1940.905
  4615.730
  2144.324
 -1255.838
  1929.686
     5.528
 -6389.902
 -1131.532
  1421.257
  -203.735
   464.596
  -203.737
   464.595
 -1501.799
  -203.738
 -1501.801
  5663.225
  4933.361
  2060.275
  1700.260
  1003.753
 -3343.135
 -2840.306
  6657.740
  1386.376
  1082.619
 -5449.865
  1459.961
  -871.290
 -1206.757
  -221.770
   383.159
   823.655
 -5612.559
  6035.529
  3455.721
 -3021.304
    50.689
  -252.541
   495.258
   456.805
   399.244
   356.836
   327.152
   306.705
   292.700
   283.104
   276.503
   271.934
   268.745
   266.500
   264.903
   263.758
   262.927
   262.320
   261.872
   261.539
  2224.478
  -289.497
 -1531.788
 -2265.594
  -376.364
   890.290
  1081.709
 -1663.767
 -1799.514
  2017.467
 -5783.868
   442.125
  -312.778
  -522.518
  1813.683
   580.783
  2703.019
   622.305
   531.223
  2758.432
   532.500
  4281.831
   -99.397
  -521.526
  -213.974
   500.901
 -5027.206
   496.809
 -1635.284
  -433.474
 -1871.779
  -462.404
   483.054
  -726.023
   474.050
   832.804
  -596.702
 -4586.367
 -4017.676
   160.836
  7184.603
  1016.955
  1145.716
 -2549.511
  2274.749
 -4804.531
  -214.824
 -3219.355
  -956.799
 -2008.161
 -1822.428
  -195.339
 -2044.583
  1003.756
   542.739
  1217.611
  -279.280
 -1207.082
  1211.696
  -213.036
   634.769
   674.834
  1111.750
 -2717.926
  -464.057
 -2001.096
  -478.671
   525.940
  2200.024
   609.703
  -238.393
  -391.915
  -238.393
  -391.915
   486.438
  -238.394
   486.438
 -1108.343
  -717.711
   622.540
 -1052.928
   567.679
  6418.683
   736.812
  2910.732
   409.219
  2728.882
   631.883
   320.932
 -1654.190
   270.130
  4473.315
  -862.911
  4060.576
 -1840.660
   410.801
 -2633.699
   185.019
 -3193.670
   165.080
   -30.714
   975.684
  1421.154
   886.658
   -77.036
  -899.142
 -1293.045
 -1225.095
  -805.299
  -196.613
   439.252
   966.957
  1284.859
  1323.187
  1038.526
   407.510
  -578.879
 -1919.928
 -2870.814
 -2963.720
   949.881
  2149.533
  1314.384
    45.260
 -3319.500
 -3969.654
  3023.055
  7856.544
 -3930.637
  -693.370
 -3176.476
  1119.567
  2568.601
 -6183.222
  -287.739
  1897.479
  3316.501
  -828.275
 -1508.495
 -2630.473
  1155.745
   421.611
 -1261.045
  1153.935
  1946.606
  -928.210
  1814.999
   199.625
 -1160.709
  -477.230
   860.272
   113.814
 -1266.112
 -3212.007
 -2794.871
 -1485.511
 -2979.303
 -1104.897
  4781.479
   641.079
  -732.356
  2976.949
   621.582
  5502.431
 -3850.747
 -4154.526
   158.203
    -3.571
 -1635.011
  2439.390
 -3281.241
  2937.306
   981.977
  -198.466
   419.596
  2285.571
 -4983.678
  4026.743
 -2372.249
  2692.692
 -2098.352
 -1320.745
 -3819.520
   833.608
  6961.254
  1028.338
 -1659.928
 -3714.987
  2199.906
   -75.481
  2185.349
  -122.910
 -4482.764
 -1024.741
  1331.945
   555.338
   114.678
   555.337
   114.677
  -329.657
   555.336
  -329.659
  3796.300
  1731.957
    33.756
 -1747.826
 -4206.977
 -1551.627
  1969.768
 -2646.131
    93.676
  5897.109
  1096.307
 -1662.720
 -3964.987
  -214.897
  3393.630
  4348.139
 -1221.919
  -644.220
 -4144.800
  -711.582
   857.580
   140.125
    13.150
  -119.880
  -190.667
  -214.727
  -208.296
  -184.016
  -150.730
  -114.148
   -77.691
   -43.220
   -11.590
    16.953
    42.518
    65.394
    85.947
   104.555
   121.577
   137.331
   152.092
   568.606
  -430.984
   415.054
  -523.579
  -412.052
   222.221
  -511.509
  3380.697
  -863.830
  1711.224
  -374.005
 -1001.835
 -1129.221
  -216.141
  -384.732
   272.764
  -519.383
    84.100
   375.137
  -567.336
    93.121
  -784.602
 -1209.548
  1599.668
 -1453.931
 -1136.688
  5066.761
 -1303.924
  -183.469
   497.547
  -273.208
   460.610
   203.656
  -250.349
   172.109
   507.167
  -331.554
  1218.651
  -529.959
  -488.407
  2070.290
  -878.399
   380.018
   150.271
   462.438
   285.141
    13.584
   486.165
   271.247
  1063.508
  -535.544
  7110.382
 -1141.412
  -505.379
   630.414
 -1604.464
  -695.601
  2863.123
 -3141.462
  3120.762
  2233.457
 -6869.411
  2498.830
   -27.486
  1176.276
 -1175.956
  1169.541
  1029.570
 -2116.055
   862.818
  1514.759
  -337.492
  1104.277
  -376.847
  -482.879
  1140.829
  -287.197
   168.962
  -248.059
   142.708
  -459.627
  -256.593
   197.105
  -459.632
   248.662
     9.948
   248.662
     9.948
  -119.909
   248.662
  -119.909
   269.067
  -289.354
   206.121
  -504.395
  -265.063
   101.637
  -442.023
 -1317.478
   689.253
 -1089.309
   956.199
    99.137
  -386.821
   232.528
  -267.419
  -269.896
  -728.445
  -579.428
  -395.121
 -1307.861
  -996.892
  -689.141
  1698.373
  -125.558
 -2547.547
 -2708.728
 -1126.676
   684.408
  1823.090
  2125.248
  1805.797
  1165.914
   454.475
  -167.752
  -617.457
  -865.237
  -913.827
  -782.422
  -496.868
   -84.165
   430.260
  1006.037
  2699.771
  -955.022
 -2407.095
 -1684.234
   446.608
   210.780
 -1058.666
  1873.092
  -238.505
  2280.154
  1172.189
 -1901.955
  -356.585
   -42.357
  2159.069
  -369.801
 -5713.173
  1988.642
  3013.169
   836.338
  2606.912
 -3254.369
  2085.565
  2665.575
   466.700
 -5311.831
  -186.153
  5605.909
   862.511
 -4758.049
 -2007.343
 -1585.823
 -2183.819
  3144.387
 -1618.394
  3123.379
 -1900.170
  2164.326
   893.081
  -161.755
 -3222.669
 -2189.587
   886.438
 -1693.899
  2421.373
 -2238.087
  2838.848
  -481.269
  -710.219
  -713.677
  -523.024
 -2591.468
  5407.486
  -353.661
   954.715
  3489.251
   702.134
 -2974.194
 -3963.826
   -43.882
 -1921.877
  -107.486
 -1971.284
   387.807
 -1700.053
  4221.498
   -89.486
 -2301.628
  -492.792
   395.799
 -2334.183
  3046.539
 -2767.571
  3020.191
  2392.820
  -361.871
  4245.564
 12103.811
-10449.700
 -3805.840
 -8780.056
  1175.465
  4433.810
  1501.302
 -3543.927
  -238.013
 -3997.542
 -5549.379
 -1481.034
  6234.885
  -582.543
 -1036.102
  -582.544
 -1036.102
   419.735
  -582.545
   419.736
  6646.822
  2201.728
  2329.008
 -4273.302
  3969.898
 -2765.719
 -1879.739
 -6669.592
  -122.057
  -665.360
  4636.592
  -370.716
  3228.526
 -1989.228
  1762.630
  4188.331
 -1203.071
   512.415
 -1245.719
 -3093.492
  -257.826
 -1091.382
  -478.643
  1004.761
   498.855
 -1085.218
 -2353.758
 -2956.693
 -2988.962
 -2640.788
 -2083.661
 -1444.989
  -810.374
  -232.761
   258.283
   649.040
   936.077
  1122.346
  1214.527
  1221.272
  1152.069
   462.998
 -9388.919
   432.859
  8110.707
   184.789
 -2439.102
 -1887.558
  -927.908
  6888.682
 -2539.760
   -93.752
   722.869
   766.129
 -3350.730
 -3747.653
 -1696.975
  1896.389
  -418.953
  1192.844
  3812.543
  1475.474
  1636.533
   691.878
 -3103.814
 -5649.926
  4106.304
  2944.466
  -164.525
  -736.696
 -6742.091
  -987.019
  7269.715
  2838.964
  2010.785
  3548.499
 -1997.249
 -1275.078
  3753.870
  2128.767
  3489.340
  -255.574
 -3546.347
  6294.908
  5799.485
 -4870.603
  -247.989
  -466.651
  -617.307
 -2887.138
   335.274
  1570.994
  2386.378
 -1487.304
 -1599.150
  -545.049
 -1216.999
   593.100
 -1018.129
  1014.178
 -2440.635
    59.526
    71.958
 -3404.560
  2916.849
 -5969.177
  -764.469
 -2249.742
  5656.763
  1144.850
 -2518.700
  -335.738
  2705.125
  2153.059
 -4388.625
 -2285.763
 -1221.384
  1341.793
 -3063.081
  2059.434
  4170.469
   304.903
 -3842.625
 -2199.224
    33.847
 -2977.311
  4498.521
  -663.127
   295.701
  2528.948
  1048.283
 -1630.788
 -1189.743
   256.053
 -1804.449
 -3231.392
  1846.322
 -1841.860
 -1816.618
 -1091.382
  -478.643
 -1091.382
  -478.643
  1004.761
 -1091.382
  1004.761
  5357.759
  -559.418
  3101.044
 -3907.311
  2268.578
 -1610.552
  1051.864
  4986.270
 -1864.617
 -8143.977
  2797.963
 -8394.788
  4466.469
 -1679.542
  5898.194
 -1288.308
  1137.861
 -3065.328
   186.018
 -1053.560
  -546.960
  -553.072
  -644.851
 -1160.820
  2334.936
  3067.910
  2146.124
   901.528
  -108.180
  -765.673
 -1119.382
 -1255.489
 -1251.419
 -1164.510
 -1033.306
  -882.102
  -725.392
  -571.300
  -423.983
  -285.220
  -155.428
 -2524.054
 -4065.395
   155.794
   -80.358
  1238.792
   110.499
  -142.648
  2443.366
    43.905
 -4256.216
-10267.983
  4489.020
  1102.992
 -1358.527
  4822.709
   -77.300
   371.596
 -1728.196
 -5175.254
  1074.626
   632.272
 -5736.512
  1700.556
 -1661.462
  7326.545
  1675.405
   528.278
  8048.719
  3490.405
  5946.450
 -2741.506
  1231.081
  1712.226
 -4558.568
 -2584.566
   412.358
  3577.282
 -5367.814
  -975.105
 -3772.936
  5080.015
  1194.311
  4315.022
 -5782.573
 -1085.052
 -1197.198
  4010.775
  1822.363
  1913.129
  -691.448
 -8559.911
  1016.871
  2966.465
  -668.739
  1979.930
  6377.144
  2811.234
  -706.863
  2126.885
  3445.021
 -8339.651
 -3020.826
   544.965
  2330.318
  1525.198
  2528.110
  2984.391
   722.951
   -87.954
  4272.037
  -293.973
  3988.319
 -1889.970
 -3618.512
 -5437.774
  6183.407
 -1900.510
   583.583
  -514.565
  5880.575
  8610.748
 -9494.607
 -8232.959
 -4476.661
  4340.804
  1558.901
 -3250.542
  -936.112
  3907.921
    59.712
  -348.271
  -290.315
 -1897.202
  2278.616
 -2347.270
 -3233.775
  -356.936
  1640.604
 -6653.088
 -2051.889
 -7811.640
  -344.023
 -2078.607
  1412.019
  1423.345
  -553.072
  -644.851
  -553.072
  -644.852
 -1160.820
  -553.072
 -1160.820
  3930.456
  1466.763
  2527.335
  1031.432
  -987.187
  -869.521
 -4547.058
 -6167.980
 -5882.270
  5490.257
 -1384.298
  1785.482
  -837.153
  5937.652
 -3013.652
   605.337
 -1052.946
  3390.009
 -2915.239
  4627.439
 -3921.953
   689.406
  1877.130
  -808.484
  2030.013
  2490.758
  1275.787
   -78.670
  -930.844
 -1217.824
 -1081.446
  -689.466
  -176.766
   363.548
   873.262
  1319.458
  1686.290
  1968.868
  2168.997
  2292.326
  2346.477
 -2097.801
  7333.192
  3506.970
  6229.330
 -6249.563
 -4760.807
 -1166.527
 -1863.021
 -3390.437
   549.265
   574.920
   368.075
   382.858
   360.566
   567.688
  2962.577
 -1540.252
  6206.413
  -460.276
  2248.106
 -3367.598
  -362.461
 -1525.315
 -1485.860
 -2608.982
 -7820.160
   946.522
  9777.053
  1239.949
  1272.275
  1261.732
  1032.525
 -1252.259
 -1638.706
 -1567.977
 -3382.832
 -2140.493
  3258.243
 -2734.796
 -2472.457
  8145.070
  2135.626
  5172.963
  2286.430
 -5987.165
 -4088.776
   784.686
   847.141
 -5692.406
   879.166
 -3988.705
 -1263.848
   500.323
  3681.746
 -1017.551
  -899.629
  -704.416
   777.809
 -2591.331
   305.226
  -874.409
   999.560
 -1433.422
  1354.783
  -255.743
  1471.349
   979.540
 -5419.465
 -3161.485
  2474.322
  2240.007
  1394.801
   916.567
  -393.607
  -940.770
 -3393.757
 -3047.581
 -1285.181
 -1768.492
 -2960.873
  2349.791
  4669.417
  2461.188
   515.274
 -3227.262
  -313.387
   471.359
 -3033.424
  2774.643
  3302.628
  3358.029
  2979.758
  1554.323
 -5722.036
 -4667.106
 -1459.228
  3665.105
  4636.950
    86.329
  1755.293
 -2089.730
   636.355
 -2032.628
  1268.484
  -541.252
 -4120.209
  4321.031
 -3054.104
  6815.957
   569.893
  7446.047
  2196.210
   689.405
  1877.130
   689.405
  1877.130
  -808.484
   689.405
  -808.484
  4360.123
  2258.910
  1755.987
  -672.048
  -140.707
 -1838.929
 -4591.254
  3323.045
  5243.564
  2690.618
  5104.102
  1463.468
 -4330.679
 -5905.631
 -3220.627
 -2922.155
 -4676.693
 -4647.403
  -585.878
  2673.930
  4464.484
 -2288.702
  1240.431
  2707.367
   -92.290
 -2518.409
 -3204.247
 -2561.663
 -1349.690
  -147.083
   735.446
  1198.637
  1274.522
  1061.048
   678.080
   241.399
  -150.635
  -422.336
  -521.204
  -415.939
   -93.320
  -737.548
  4672.806
 -3836.002
  -922.127
 -3031.205
  1680.420
  2976.653
  2862.637
  1149.440
 -1135.592
  1362.164
 -2493.543
 -1298.234
  1347.219
   246.891
   566.085
   714.319
   751.518
   236.444
   586.365
   720.872
  -999.483
   854.091
 -4530.446
  5951.672
 -1689.630
  1290.678
 -2707.557
 -3441.283
 -1341.015
  -330.682
  -285.424
  3258.011
   300.073
   244.628
  6383.372
 -2254.121
  1769.070
 -6805.935
 -3811.138
  -511.593
  4143.839
  2293.722
 -2068.707
 -4071.562
  5351.473
   199.262
  1542.005
 -1370.559
  1182.009
 -1476.210
 -2660.607
  7299.605
  -499.846
  1847.776
 -4468.766
   640.400
  -963.172
  1713.643
 -3590.128
  1098.565
 -2029.307
  2199.390
  6714.492
 -2664.841
 -3649.216
 -2934.272
 -1801.307
 -1343.469
  4001.050
 -3866.758
 -1201.139
   776.520
  3624.343
  -722.487
 -2859.800
  -532.018
 -2675.001
 -1530.652
 -2850.682
   503.893
  -910.811
  1005.695
  2182.215
  1793.717
 -1853.122
 -6306.016
  1580.946
  -152.220
  1757.396
   401.918
 -1554.603
  3044.057
  1467.404
 -1879.163
 -1231.569
  -139.076
   963.299
  1204.677
   323.608
 -2547.084
  1101.237
  -839.636
  -464.847
   143.282
  1880.091
 -2817.815
 -5147.175
  8254.963
   -98.622
  1820.790
 -3780.667
 -4910.603
 -3728.725
 -2914.154
 -2473.485
 -1142.803
  6071.936
  2301.416
   961.235
  -449.320
   961.235
  -449.319
  2936.458
   961.235
  2936.460
  2312.833
   -60.500
  1784.731
  -740.771
  2419.584
 -4670.807
   -78.892
  1339.464
  -956.950
 -3078.513
  4940.529
 -2131.657
   331.276
 -1147.993
 -4751.280
  3746.194
 -7596.039
  5591.430
  2224.506
  6202.612
 -4553.294
 -3980.792
 -1316.522
   926.962
  -528.207
 -1587.761
 -1607.611
 -1088.990
  -473.718
    26.980
   351.602
   508.583
   532.403
   463.645
   340.660
   196.195
    56.130
   -60.804
  -142.753
  -184.123
  -184.749
  1271.621
   394.467
 -2697.128
   823.483
  -397.054
 -3190.717
  2401.007
   540.026
 -2783.322
  2027.936
  -938.501
  1027.755
 -2649.757
  4592.228
  1871.620
 -1976.322
  1349.315
   808.258
 -3664.172
 -1653.520
  2630.545
 -4171.115
 -2591.428
   993.991
  1365.714
 -1652.592
   891.215
  1537.241
  1404.541
 -3220.680
 -1893.640
  3478.434
   253.719
 -1237.553
  -566.336
   206.366
 -1207.642
 -1436.513
 -5640.329
  2028.837
   758.028
   255.257
  -829.488
  5683.573
 -7465.378
 -8879.385
  2384.040
  9839.607
 -1409.963
  1122.204
  4797.786
 -6089.638
   168.027
 -3185.522
  2675.733
  5038.367
 -1299.448
   125.381
  1823.344
  1689.407
   327.895
  -835.994
 -1180.022
   374.250
  2325.257
  1222.253
 -4614.645
 -1872.310
 -5775.468
  5462.826
  4374.329
 -1717.928
  -921.775
 -2548.959
  1228.628
 -2794.295
  1569.875
  1172.080
 -1638.879
  1113.313
 -5241.368
  5205.096
  -584.805
   148.987
   839.904
  2173.256
  -363.706
  2135.627
  1394.383
 -1542.677
 -1863.360
 -3376.318
   662.432
 -1700.008
  2528.272
   490.638
   936.860
 -2310.808
  2468.321
  -912.701
 -5348.822
  3619.541
  -797.775
  3191.098
 -1512.322
 -1823.549
  2190.462
  1451.411
 -1795.437
  -730.681
  -928.860
   817.433
  -283.757
 -2649.317
  -418.716
  3547.432
  1477.774
   701.503
 -2006.447
  2694.926
  2939.399
  -664.420
   638.505
   619.274
 -2118.025
  -716.762
  1369.797
   158.820
  1369.796
   158.818
 -1841.557
  1369.794
 -1841.560
    28.231
 -3058.254
   344.064
 -1291.187
 -5729.219
  1702.718
  2130.218
  4259.427
 -1105.481
 -4126.786
  2641.103
 -3106.881
   229.538
   735.918
 -3445.116
  4281.765
 -4039.028
 -2639.847
  8365.469
  5663.586
 -3566.020
 -2840.130
 -2032.856
  1260.543
  1989.375
  1422.699
   720.925
   262.274
    45.421
   -30.868
   -59.770
   -99.388
  -173.088
  -276.578
  -385.586
  -462.688
  -463.084
  -339.322
   -44.994
   462.523
  1220.203
  -923.804
  1086.208
  -465.739
   275.756
 -1011.226
 -1930.055
  -572.873
 -3826.351
  6858.101
   916.428
   130.538
 -3108.720
  4270.080
 -3401.985
  2758.198
 -4058.957
 -2828.189
   -50.159
  2343.603
  6301.935
   822.618
 -1651.149
 -1145.800
  3493.337
 -2834.995
  3638.013
 -1232.790
   714.632
   865.096
   135.662
  -475.764
  -149.245
    11.674
  -705.990
    28.235
  1273.094
  1291.885
 -6502.598
  3182.215
 -2559.725
  3618.382
 -1087.865
  -336.767
  1812.916
  -522.900
  -355.279
 -1060.364
   149.171
   125.655
  -144.908
 -1131.913
 -2947.043
  7247.200
 -4874.177
  -866.602
   335.917
   -69.525
  -729.969
   460.702
 -2055.705
  1804.375
   933.358
   893.296
 -2707.461
  3234.800
  5261.826
  1793.427
 -2255.205
 -3363.466
 -1164.516
   395.016
  -349.344
 -4308.632
   313.061
   138.346
   631.870
  1323.305
 -1357.592
   725.224
  -410.348
  1462.007
  1967.709
  -556.182
 -3686.388
  2886.532
   635.351
 -3607.015
 -4114.125
 -1097.874
  -691.661
  2318.158
 -1850.866
 -1231.447
    17.669
 -3519.263
  -466.523
  2734.013
   802.204
 -1856.228
  2049.085
 -3663.297
  3017.518
 -1966.385
   704.241
 -1000.012
 -4086.620
  3884.766
  7396.819
 -3160.309
 -1339.503
 -3344.316
  1313.463
  2994.568
 -4732.740
    39.698
  1166.820
  1362.851
 -1868.154
   254.136
  -141.953
   528.880
 -1824.010
  4041.169
  -909.940
   901.128
 -1949.725
  1787.496
  3200.265
   770.874
  3340.179
   320.692
 -2950.435
  -871.776
 -2227.052
  2330.747
 -2227.053
  2330.747
    65.025
 -2227.055
    65.024
  -250.122
  2053.757
 -4207.136
 -1419.622
  -246.704
  3567.766
 -1874.494
 -3926.002
  1817.634
  1591.648
 -2325.648
   321.307
  2321.700
  -158.202
  4214.728
 -3792.541
  5596.926
  -192.785
 -3983.247
 -4018.445
  2002.312
  6037.048
  2114.398
  -726.262
 -4472.588
 -5553.966
 -4282.135
 -2070.148
    12.002
  1462.304
  2185.256
  2296.707
  1987.087
  1445.245
   824.314
   231.982
  -266.955
  -642.994
  -893.141
 -1032.796
 -1089.011
  -119.167
 -5030.070
   648.938
  3185.573
  3545.616
  -734.690
 -1558.472
 -7187.740
  5702.685
 -2400.437
 -8983.983
  8958.418
  1925.974
 -5200.373
  1666.505
 -2506.077
 12772.178
  2964.949
 -5869.598
  2262.073
   548.394
  -397.583
  4034.790
  3441.108
   754.980
 -6355.352
 -1725.281
  3999.580
 -1345.187
 -1298.024
   570.799
 -5780.673
  6159.205
  1665.863
  2398.395
 -1265.367
 -1098.635
  -161.743
  -107.572
  -156.022
  -145.082
   -11.650
 -3512.283
  -850.619
  2559.589
   740.894
  2194.092
   518.825
 -3397.170
  7896.335
 -9051.727
 -1463.919
 -7353.708
  4274.794
    61.046
 11568.948
 -6624.100
 -1769.156
  3283.484
  4065.670
 -1203.184
 -2678.785
   407.138
  2469.816
 -5096.736
  7199.704
 -2611.870
  3281.765
  1605.324
   293.938
  -601.204
  -719.850
  1176.988
  1764.782
   871.408
   -69.048
  -817.628
 -2420.415
  -679.832
  2704.114
 -2018.407
  2527.502
   861.925
 -5390.744
 -1095.129
 -2491.794
  -283.744
 -4395.418
  2331.599
  1113.789
  2026.978
 -3567.854
 -4085.984
  2093.395
 -7306.377
 11421.268
   201.307
  -114.752
   276.631
   255.851
   673.822
 -1947.208
  2013.287
   948.504
    45.302
 -5274.538
 -1103.476
  4079.715
 -4605.093
  3193.221
  -927.596
 -3220.724
  -921.989
  3716.798
  -289.136
 -2024.278
  -924.133
  1266.652
   960.117
 -2013.700
  -554.307
  1370.104
     3.346
  1537.831
  -600.015
  -698.315
  -589.250
 -4128.035
  2273.042
  1186.497
  2775.217
  2329.360
 -2967.297
   904.549
  1115.999
  1207.417
  2271.329
 -2093.141
  -619.506
 -2263.681
   208.061
  1624.650
   208.059
  1624.649
 -1037.553
   208.057
 -1037.553
   -73.819
  -823.721
 -1524.976
 -1634.894
 -2667.482
 -1645.643
  5144.938
 -3276.409
 -4231.989
  7545.009
 -5307.654
  7291.017
 -2364.160
  1105.686
  -211.030
   583.793
  2349.365
  6426.218
 -5533.638
 -2770.322
  -971.071
  1913.671
 -1288.519
   627.470
    -1.277
 -1573.436
 -2574.060
 -2689.323
 -2135.109
 -1217.276
  -186.955
   777.768
  1556.823
  2071.521
  2272.783
  2133.521
  1643.463
   805.274
  -368.593
 -1858.568
 -3640.218
  -974.884
 -2665.245
  4415.699
   649.670
  1975.556
 -2388.056
 -1277.310
 -1037.831
 -1593.701
 -1144.222
  3573.971
   569.927
   139.086
 -1400.694
  2761.672
 -1228.890
  3362.026
 -2508.948
 -4230.104
  2889.293
 -1499.498
   386.247
  2100.638
 -4816.859
 -2510.821
  1643.309
 -4505.042
  7547.729
 -4730.526
  4743.397
 -1880.694
   103.016
   453.796
   695.493
  1629.850
 -1767.745
 -1273.787
   510.113
  5011.375
  1667.211
  -704.531
 -3023.452
  2040.869
   655.434
  -492.137
  -779.927
  -300.651
  -582.338
 -1023.470
 -3827.938
  -636.757
  6881.534
 -3259.623
  1663.224
 -3314.565
  1456.583
  1986.908
   276.307
  1339.079
  1027.579
 -1623.806
   855.561
   470.218
 -1935.692
 -2636.179
  3219.299
  6484.856
    34.821
 -5470.124
  -416.913
  -481.031
  3324.471
 -2158.948
  1694.410
 -2579.830
  4335.001
 -1817.597
    37.832
 -1756.992
  1153.320
  6292.872
   416.811
  -331.892
 -4634.246
 -4053.526
   -99.099
  6205.223
 -7263.359
  3731.491
  2172.733
 -2620.758
  -400.056
 -2543.032
  -378.815
  1606.529
  -891.633
 -1303.163
  2284.879
  4257.653
 -2071.350
 -3065.730
 -4728.610
 -2346.810
   507.984
  2831.758
  4545.678
  3880.053
  2967.167
  1104.773
  3847.514
 -4286.367
 -2482.388
 -3210.924
   663.827
  3064.104
 -2447.154
   990.090
 -4214.785
  2187.800
   305.075
 -1306.121
    -0.641
  1881.006
   438.968
   226.146
  -876.501
 -1839.208
   534.334
 -1423.774
  1182.936
   780.337
   835.484
 -1590.562
   531.138
  -988.285
  2067.301
  2875.171
 -1339.731
 -1616.688
 -1169.350
  1276.130
 -2725.586
  3190.303
 -7262.633
  3806.271
  2033.778
  1295.842
  -120.177
   588.203
  -120.176
   588.204
 -1039.377
  -120.176
 -1039.375
 -4165.457
 -4042.996
  -985.545
  -922.161
 -1491.551
 -1456.932
  4360.215
   336.717
 -1432.582
  -899.574
 -1568.921
  2480.749
  1460.861
  -112.667
   667.958
   393.155
   416.160
  3486.315
 -2878.063
 -1354.725
  -160.336
  2664.649
 -2245.983
  -907.258
  -951.801
 -2561.669
 -3574.100
 -2827.653
  -787.245
  1348.001
  2638.508
  2782.064
  1987.502
   697.502
  -631.433
 -1644.910
 -2125.919
 -1984.471
 -1228.098
    71.176
  1805.794
  -397.807
    80.488
  1912.522
  2495.373
 -1717.539
 -1981.443
  -548.783
 -7344.005
 -6543.194
   548.158
 -2702.216
  7499.522
  5442.994
  -599.320
    61.601
  2279.078
 -4310.915
 -6666.499
   548.018
  5499.553
  2231.330
  -588.780
 -5810.834
  1632.175
 -2345.666
 -2049.716
  2927.916
  4243.694
  4118.557
   261.499
  2470.617
  2974.620
   555.786
 -1695.322
    93.367
   213.491
  -629.756
  -957.384
 -9400.370
  5805.527
  6831.175
 -1962.940
  2299.355
 -3819.038
  8685.681
  3600.118
  -855.002
  -363.163
 -4142.404
   629.251
  1017.922
   173.884
   238.439
  1696.260
    -4.891
    12.144
   345.868
  1622.926
 -1390.152
 -5115.286
   597.299
  9461.609
 -1550.454
   147.133
 -1473.056
   -58.618
   158.324
  -454.803
   585.898
   809.557
 -3752.110
 -3008.536
  -438.343
  -104.415
  7655.026
 -4489.297
  2176.301
 -4602.202
   369.181
   356.499
  4072.334
 -1249.357
  3352.935
   751.216
  -233.911
 -1178.674
   237.916
   623.070
   127.060
  -413.792
  1209.760
  -648.170
  1985.993
  2283.643
 -3070.437
 -1178.618
  6095.339
 -1876.138
 -3768.141
 -3994.010
  -804.116
    59.147
     2.799
   401.426
  5501.185
   136.997
 -3479.340
  1991.392
  1453.063
   970.353
 -3058.802
   -55.741
  4479.786
   427.106
   914.814
 -1552.956
  2934.332
 -5425.593
  1722.422
   968.262
  -576.041
  1926.803
  1609.319
   424.430
   723.899
 -3262.495
 -1818.991
 -8087.139
  1367.883
  2282.523
  6856.949
 -3275.986
  -164.171
  1826.197
  2898.779
 -1384.977
 -3345.030
 -2411.246
  5984.916
   350.589
  3991.909
  -152.368
  4345.758
  3513.212
 -3812.473
 -2029.076
 -2119.693
  1182.440
   199.783
 -1819.567
 -1105.577
  4056.557
 -3397.936
  1314.288
  2664.646
 -2245.984
  2664.643
 -2245.985
  -907.258
  2664.641
  -907.258
   356.032
  -592.214
  -622.496
 -2697.448
  6136.841
  2740.457
  -315.347
  -779.261
  2788.269
 -2660.370
 -3714.910
  1341.299
   891.686
  1097.743
  4290.069
  1349.666
  -238.906
   978.122
 -1561.256
 -3901.091
  -825.562
  2091.650
   205.504
   243.091
   250.008
   253.228
   254.770
   255.459
   255.733
   255.815
   255.815
   255.786
   255.749
   255.715
   255.687
   255.665
   255.648
   255.636
   255.626
   255.620
   255.615
 -6243.587
  -130.890
   754.405
  -191.541
    60.073
  6960.836
     4.711
   997.639
  1447.472
 -2366.547
  8056.994
   247.564
   905.536
 -3641.524
   187.609
  1502.374
  1395.855
  -350.223
   256.189
 -1071.748
 -2281.865
 -1329.953
   101.021
   248.217
    97.954
   255.149
   660.527
   254.294
  1579.561
  -450.374
 -3534.385
  5078.887
   234.992
-13762.547
 -1186.989
  3742.895
  -390.522
 -2185.572
  -441.368
   242.156
  2406.782
   -57.275
 -4359.089
 -1397.407
 13373.614
  9583.584
   158.107
 -4369.830
 -7140.617
 -3874.929
   -29.242
 -9635.981
  -309.262
   234.957
 -2251.346
   209.700
   116.164
  -137.275
   135.525
   434.426
   224.570
   -85.786
    -0.369
  -576.566
  -384.686
 -4585.135
 -1137.041
   249.465
  4513.938
   219.444
 -4346.103
   178.653
  -604.137
   235.674
   249.249
   824.635
   315.670
    35.576
   125.322
  1475.059
   116.948
   242.343
  1936.343
   241.738
  2888.606
  -317.392
 -1602.764
 -2758.378
   232.549
 -3835.711
 -4330.967
 -1914.249
  -143.811
  1430.952
  2099.376
  -135.720
   356.614
 -1881.974
  1922.782
  -481.957
   480.587
 -8434.118
   258.701
  2544.683
  1749.333
 -5007.528
 -1205.107
   739.911
   131.934
  -254.494
  3951.809
  -101.803
  1746.072
   372.657
  1169.707
  1105.747
   238.780
 -1124.989
   259.810
  1765.353
   223.593
  1212.489
   237.075
   242.026
   553.109
   239.306
 -1895.549
 -1713.669
  8821.663
 -1118.109
  2229.403
 -6193.343
 -1301.341
   471.244
 -1080.509
 -1210.309
 -1699.187
    83.425
   437.023
   124.918
 -5207.512
   472.503
  5557.309
  1287.283
   259.590
 -2709.048
   309.867
 -4805.846
  -438.408
  7633.484
 -1509.940
   173.455
 -4754.047
   -71.624
 -1611.799
   249.933
 -3923.285
   303.497
   246.413
 -4620.624
   251.804
  2091.650
   205.504
  2091.649
   205.504
   243.091
  2091.649
   243.091
   994.881
   248.487
 -1336.712
   291.635
   240.522
 -3679.364
   234.462
 -5132.801
  -201.450
   254.110
 -1506.962
   249.571
  1232.423
   157.021
 -4928.503
   221.046
 -5484.960
   304.885
   231.505
  7831.985
   187.553
  -729.526
  1956.244
    84.251
 -2506.986
 -2269.488
  -643.747
   304.675
   190.247
  -398.094
  -875.817
  -994.619
  -776.070
  -359.716
   105.105
   508.086
   787.620
   922.372
   917.927
   794.687
   579.033
   282.855
  -161.616
 -2028.589
   -62.274
  1078.342
  3269.387
  -558.127
  1100.718
  2713.723
 -1536.014
  6113.303
 -4402.621
 -8806.244
   841.346
  3499.679
  1337.731
 -6970.411
   818.426
 -1192.059
  1297.653
   525.373
 -3286.345
  4549.898
 -6175.569
  6694.727
 -3437.489
  1426.942
 -2889.724
 -2636.428
 -2997.152
   663.994
 -3502.125
  7002.171
  7790.224
 -2456.466
  -358.240
  -428.547
  3330.435
  6418.539
  5408.524
 -1196.429
 -1944.529
  1935.352
 -3351.253
 -1201.907
  3761.779
 -3910.639
 -5002.940
  -619.011
 -3539.393
 -2072.826
   870.403
 -3426.135
   377.228
  5286.421
  -794.341
  2452.160
  -943.014
  2528.635
 -3806.348
  2272.928
   782.284
  1573.217
   191.615
   302.525
   169.481
   246.584
   808.580
    -4.308
   116.012
 -2270.652
   628.106
 -2104.846
  6796.935
 -2274.597
 -3973.426
  -567.897
  5279.667
  -547.560
   -96.050
  -285.908
 -3650.210
   651.209
  1053.313
 -7856.195
 -2507.851
  1286.295
  2115.644
  5743.559
  5230.218
 -3203.376
  3898.574
   878.397
 -4660.051
 -2114.169
 -1893.788
  1451.277
  3331.806
   243.465
   649.636
  2147.922
 -4134.007
   189.383
  7182.543
    66.313
  1609.877
 -3017.674
 -1603.876
 -2337.770
  1696.235
  3719.269
  2963.679
 -2226.102
  4564.295
  -854.226
  1999.860
   396.709
   -54.008
 -4081.093
 -2948.492
 -4374.301
  3191.678
 -6754.602
  7747.622
  5405.213
    46.727
 -1784.077
 -2032.945
    89.809
  -410.088
 -5911.759
  5280.689
   711.337
  8282.175
 -8664.803
  3680.568
  -740.960
  2939.763
  3028.540
  -301.750
 -3254.283
 -1348.471
 -6190.213
 -1263.961
  3013.904
  6592.961
   151.559
 -4834.498
  3751.980
  1770.141
   108.961
  -243.628
  6165.817
 -2365.441
  2400.689
 -1109.141
 -1521.954
 -4826.316
  2244.782
  7952.178
   351.278
  3695.226
  8012.932
  -461.175
  7799.093
 -3529.122
 -5521.558
 -5086.678
  -729.530
  1956.240
  -729.533
  1956.237
    84.247
  -729.537
    84.238
 -2495.445
 -1889.264
 -2744.886
  1664.373
-12101.343
   533.390
  8746.451
  2904.876
 -4135.651
  1587.384
 -2318.861
  2621.304
  3675.360
  -812.149
   259.069
 -1972.206
  1999.161
 -4826.088
  3002.237
 -1405.270
  2287.711
    43.853
  -135.387
   -55.347
   -53.412
   -53.386
   -53.386
   -53.386
   -53.386
   -53.386
   -53.386
   -53.386
   -53.386
   -53.386
   -53.386
   -53.386
   -53.386
   -53.386
   -53.386
   -53.386
   -53.386
 -4832.295
   -32.193
 -4483.207
   125.304
    76.686
  1996.809
   268.048
 -2743.117
   317.626
   395.426
   450.288
   271.954
   609.373
   406.156
 -2459.268
  -947.511
   822.042
 -8775.977
   227.931
  2956.431
 -1165.523
  3402.342
  -417.207
  1028.179
  -431.744
  -476.011
  3574.332
  -488.574
  4906.108
  -789.460
 -5353.947
 -4046.888
  -239.016
  3815.616
  2105.331
   921.002
  -247.510
  -625.702
 -1667.424
  -219.433
  -109.034
  2448.342
  6858.543
  -475.908
  1572.814
 -2438.915
   401.696
   123.330
  3847.332
  1450.636
  -940.862
 -4811.735
 -8989.632
   391.979
 -3519.874
  2608.739
 -4238.114
  -330.533
   781.220
   270.781
   408.687
  4697.816
  4630.411
 -2383.134
  -153.779
 -2228.737
  -191.302
    78.506
 -7168.966
   260.385
  -184.806
  -161.917
  -342.644
  -379.601
   161.869
  -363.397
  -117.003
  8359.519
    23.481
  3376.980
    94.144
    76.080
  1296.716
   264.473
 -5746.474
   151.644
  -742.864
   189.280
   370.491
   266.566
   414.062
 -6143.023
   155.022
 -3764.538
   220.617
   369.438
   212.006
   411.120
  5396.660
   184.056
 -3623.461
   301.230
   173.178
    -5.108
   365.184
  -928.637
  7922.403
 -4312.055
 -2077.237
  -244.581
   699.045
   -62.934
  4177.809
  -408.570
 -1747.255
 -1204.800
   -93.693
  5918.738
   292.495
 -5657.163
  -601.142
 -5477.272
  -598.358
  -492.844
 -5561.327
  -490.910
  1429.963
    54.502
  1022.539
   173.995
   122.514
 -2197.268
   323.723
 -1814.718
  -226.590
 -3659.984
  -313.143
  -116.802
 -5395.683
  -228.007
  -120.143
   180.184
 -6045.131
  -339.835
   410.211
  2437.650
   364.375
  2480.058
  -993.895
  5986.164
 -1271.445
  -505.481
 -4360.295
 -1650.755
  2709.218
   355.195
 -2756.396
   391.570
   412.794
 -1810.587
   418.195
 -2393.511
   -50.832
 -2108.505
  1829.970
    17.631
   322.163
   572.822
  2838.669
   -53.057
  4846.761
    15.634
    -9.302
  6013.881
    78.592
    43.853
  -135.387
    43.853
  -135.387
   -55.347
    43.853
   -55.347
  1339.002
  -123.602
  2820.721
  -125.135
   -31.350
  2980.008
    14.920
 -2201.917
  -288.262
 -1606.887
  -387.019
  -253.921
   822.837
  -428.680
   462.108
  -298.670
  2258.374
  -423.499
  -180.883
  4071.329
  -356.998
  -434.922
  -683.820
 -1002.933
 -1187.371
 -1161.362
  -963.299
  -673.629
  -362.677
   -74.231
   169.822
   359.297
   487.909
   549.702
   538.670
   449.910
   281.038
    33.181
  -288.669
  -675.876
 -1116.795
  1253.164
  1229.112
   251.782
   288.418
   468.165
   251.899
   255.483
  2173.890
  1885.495
 -2594.169
 -2915.428
  2227.811
  -144.417
  -734.479
  -335.032
  -109.139
  -344.616
 -2212.387
  1133.478
  -341.907
  -588.111
   702.493
   411.944
   397.972
 -2519.304
 -2025.502
 -1542.397
  3713.216
 -2499.550
 -2234.539
  2171.198
  1592.162
  -699.726
  2476.342
 -1681.311
  1334.107
   399.787
   495.895
  2800.867
 -1765.029
 -1943.586
   136.184
   665.009
   499.004
  -480.106
  -563.593
   775.244
  4345.942
 -3943.410
   239.046
  -238.089
  1053.918
 -1021.042
   -26.773
  -817.163
  -202.265
   112.291
   424.295
 -1635.688
 -3227.191
  -699.342
  -979.619
  1232.619
  -834.780
  -205.702
 -1626.545
 -2043.719
  1049.223
  1724.670
  4577.855
   377.447
   503.015
 -2046.352
 -3754.923
 -1739.478
  2202.733
  -571.552
   185.885
    61.462
   193.148
   371.876
  -136.342
    16.044
   306.121
   467.649
   120.281
   875.339
  2064.988
  -211.530
 -3718.803
  3874.038
    85.776
   308.400
  -307.853
  -230.762
   149.433
   574.479
   802.585
 -1970.101
 -1739.937
  1287.067
  3181.602
  2931.167
 -3148.483
   689.339
  -752.652
  -560.697
   377.933
  1508.848
 -1464.871
 -1538.451
 -4598.957
  -424.114
  -411.473
   928.404
   117.844
  -740.347
   -56.815
   -11.934
   773.199
   726.515
 -1295.528
   672.582
  -505.316
  -143.092
   931.974
  -397.236
 -1101.324
  -461.999
    99.771
 -1076.050
   471.239
  3388.273
   396.699
   -17.490
  -829.504
 -1639.283
   -46.344
  -102.086
  -488.575
  1558.946
  1349.673
  1153.021
   975.177
   823.348
  -598.965
 -2981.081
  1024.263
   469.606
  1266.307
  1696.260
 -1047.066
  -505.526
   509.962
  3934.581
  3142.283
 -2407.462
 -1244.992
  1064.571
  3688.771
 -5334.674
  -571.563
   307.195
 -2162.126
 -4267.743
  2359.360
  -522.274
  -646.389
  -194.304
  -216.667
 -1218.994
 -2246.557
  1841.910
  4054.253
 -2594.036
  1658.161
  1109.890
  1688.229
    81.087
 -1013.784
  3835.790
 -4563.238
  -434.927
  -683.824
  -434.932
  -683.829
 -1002.937
  -434.937
 -1002.946
    10.468
  2691.799
 -3349.900
 -1395.608
  3998.017
 -1273.244
   -74.250
  -516.412
   432.683
 -1015.137
 -2580.772
  1279.175
  2852.661
 -2751.928
   526.535
   324.019
  -745.948
  -467.963
  -139.974
   220.715
  -361.922
    27.055
  -580.976
  -679.160
    66.253
  1013.051
  1433.258
  1099.424
   265.209
  -654.029
 -1346.757
 -1684.229
 -1678.340
 -1410.938
  -980.151
  -471.725
    51.155
   547.835
   995.895
  1385.922
  1716.878
  2808.775
  3044.087
 -3139.376
  -204.379
 -5150.218
   -66.737
   762.254
  2828.279
  3973.108
   140.330
    78.452
  6458.250
   223.337
   140.131
  1178.233
  1203.866
  -346.124
  -769.843
  -392.346
 -1921.900
   438.550
   445.861
  2502.620
  2948.989
 -2031.735
 -2033.344
 -2761.178
  1116.107
  -816.077
 -3087.408
  3752.779
 -1903.437
  3036.072
   167.824
  -848.206
 -1383.141
    11.969
  2247.369
  1126.578
 -2063.452
 -3940.493
  1005.874
  1212.234
 -1878.519
  -541.037
  5882.250
  -539.861
 -1378.629
 -2381.968
  1539.139
  2076.670
  -287.239
  -561.373
  -761.380
 -1435.152
   154.237
  1513.485
  1274.908
  3490.697
 -1722.808
 -2216.416
  -676.084
 -7039.510
 -1952.165
 -3363.620
  1729.346
  -367.746
  2831.741
 -1473.906
  5803.950
 -1399.703
    -1.935
  2241.076
  4674.533
 -1103.597
  -944.079
  -879.556
 -1768.191
 -2698.339
  1064.595
 -1160.850
  4060.999
 -2817.865
  -917.984
   340.110
   191.322
  -323.909
  -457.799
   172.122
  -357.578
  -373.393
   600.406
  -321.337
 -1478.572
    63.418
 -1436.437
  6703.434
   266.500
 -1076.566
 -1965.887
  -594.741
  -821.855
   935.293
   252.188
   193.401
  2650.839
  5187.207
 -1120.397
  2459.049
 -7418.175
  2007.043
   508.328
 -1482.779
 -1524.984
 -1689.697
  -184.146
  2025.806
 -1891.154
 -1012.248
  -785.915
 -1248.379
  1619.266
  -381.745
     5.429
  5907.359
   534.091
  -814.982
 -2899.380
 -3192.257
  4203.844
  1840.775
 -1614.245
 -2879.083
  1606.570
   900.528
  -113.399
  2591.581
 -3923.771
  -856.266
  1621.228
    77.761
  -977.150
  2394.216
  2380.933
 -3118.519
 -5785.049
  1390.458
  -241.101
  -526.591
  -350.037
  -765.660
   580.376
   368.603
  1796.925
   908.841
 -1753.980
   663.212
  2213.557
  1254.497
 -1111.770
   136.415
  2262.350
 -1927.859
 -2236.848
  1947.801
 -1337.731
 -5827.414
  1518.414
  -916.455
  2387.310
  2490.425
 -1800.950
  -907.888
  -658.485
   314.168
  1799.842
  3636.837
   650.679
  -662.701
 -2631.814
 -2970.404
  1061.866
   296.560
  -558.934
   623.228
 -2979.548
  4825.729
 -2746.431
  -369.397
    27.055
  -580.975
    27.055
  -580.975
  -679.159
    27.056
  -679.158
 -4100.186
   -89.075
 -1669.604
  2709.732
  4348.561
 -1612.463
  -719.806
 -2029.429
  -705.957
  2302.322
   762.238
  1882.989
 -3410.504
  -813.447
  -990.678
 -2033.271
  -426.352
   197.240
 -2252.953
   -98.119
  1663.643
  1749.524
    18.448
    33.013
    43.694
    48.503
    50.604
    51.498
    51.863
    52.003
    52.048
    52.056
    52.051
    52.043
    52.034
    52.027
    52.022
    52.017
    52.014
    52.012
    52.011
 -3417.926
  -123.374
    48.375
    72.838
   -54.021
   190.670
   357.513
   766.826
    55.236
 -3028.888
   117.856
    42.549
  3148.992
    45.732
  2078.244
    74.367
   121.305
    56.303
    56.738
   194.507
    74.196
  2263.336
    12.977
  2760.041
     3.517
    28.556
  2758.700
    17.219
   401.637
    18.854
 -3238.900
    -9.794
     6.641
 -4925.391
     3.358
   317.994
    47.988
  -403.113
    43.737
    51.624
 -1219.957
    51.942
  9545.467
   -54.246
  3416.182
   -99.595
  -158.764
 -7012.781
  -227.989
 -3432.961
  -237.640
  -915.679
  -277.441
  -140.954
   618.497
  -230.921
  3839.701
  -144.544
 -2359.845
 -4281.713
    32.631
   -16.907
  -671.050
 -5437.741
    18.010
 -7452.633
    32.143
    43.776
 -3390.983
    52.996
  2679.951
    57.709
  4242.780
   268.017
    45.011
 -2771.338
    50.186
 -5458.605
     5.668
  4290.969
   187.510
    44.407
  2019.714
    57.407
  -488.581
    15.300
 -2425.917
    11.710
    38.135
 -4889.364
    43.897
   901.443
    46.308
   274.150
   368.047
    41.617
   110.092
   143.840
 -2798.909
   -28.313
  3637.242
    -1.625
    20.651
  7329.626
     1.704
   366.536
    30.236
  -438.504
    30.339
    43.562
   523.666
    51.243
  -653.980
     3.981
 -1915.735
    -4.026
    33.560
 -3025.678
    33.895
 -1055.166
   -60.160
 -5037.993
  -119.892
    -9.229
  3225.396
     0.187
 -1742.744
  1299.081
  -521.764
  4798.469
    41.607
 -3751.773
  -989.930
  -410.048
    40.082
 -1246.567
    80.312
    41.521
  1396.602
    51.204
  -912.456
    70.943
 -1464.361
  3479.744
   -16.727
    14.801
 -1222.175
  2218.145
    13.600
  2320.525
     5.183
    29.376
  2031.132
    16.867
   711.277
    13.198
  -396.187
     7.641
    33.032
 -1536.202
    33.063
 -4602.588
  -267.663
   731.556
  -244.423
  -230.054
  -422.650
  -250.649
 -5053.915
  -176.903
  -603.767
  2364.228
   -45.593
  3584.924
  1568.686
  1651.219
    -1.799
  -828.820
   -38.834
    21.965
  -499.668
   -29.177
 -6052.340
   -59.926
  1004.269
   -54.050
    12.452
  2778.401
  -104.213
   496.545
    17.940
   -73.150
    20.622
    35.407
  -300.513
    39.235
  1749.523
    18.448
  1749.523
    18.448
    33.013
  1749.523
    33.013
   181.198
    19.417
  -813.539
    22.146
    37.561
 -1488.688
    43.611
  1182.530
   -12.958
  5126.118
   171.690
     5.034
 -4076.833
  -148.228
  1045.792
    -0.874
  -111.679
   -30.487
    24.471
  -835.951
    -6.988
 -1997.503
  -266.248
 -2103.353
  3775.187
  5653.740
  4488.982
  2764.230
  1405.026
   505.151
   -57.618
  -407.127
  -627.745
  -770.535
  -865.366
  -929.791
  -974.372
 -1005.670
 -1027.892
 -1043.811
 -1055.301
 -1720.716
  3209.322
 -3923.943
  2719.513
 -1667.727
  2775.625
  -433.817
  4624.399
  3022.142
   132.199
    30.540
    41.920
   282.842
   391.347
 -2167.218
 -3006.575
  4286.280
  -538.948
  2073.670
 -1782.349
   629.270
  3017.440
 -1277.922
    60.061
    -7.799
  -436.792
    52.375
    10.484
  2725.655
   992.128
   651.663
  -419.152
   594.049
 -3040.054
  1543.451
   -95.791
 -4933.423
  5940.708
  2390.379
  1056.441
 -4783.179
 -1132.440
   425.792
  1792.133
  -481.074
  -898.382
 -3310.840
 -1380.828
   367.766
  -315.172
 -3637.668
 -2879.897
  4567.494
   602.254
  1667.942
 -2078.786
 -4729.682
  7734.595
  3871.218
 -5736.312
 -4309.535
  -347.777
  1716.209
  -548.013
  -104.022
   954.347
   101.031
  -168.621
  -703.924
  -526.582
  7026.106
  2942.105
  -415.617
 -3662.738
 -1596.376
 -2182.509
  2417.791
 -4536.562
  1449.073
  1108.331
 -1346.674
 -2193.949
  2932.261
 -1612.237
 -2572.624
 -5234.493
  1895.113
  2870.665
  3867.539
 -1009.527
   118.715
   110.681
  2822.188
 -6499.194
 -1753.009
  1974.962
  7575.100
 -3095.189
  1063.166
  1430.666
  -150.587
  -539.836
  1278.695
   -21.323
  -825.728
  -736.723
   740.598
  4458.239
  4299.111
 -6010.943
 -6587.082
   901.818
 -3771.702
  2007.804
  -503.274
  -769.438
 -1570.392
   529.226
   472.337
   915.172
   708.191
    26.430
 -1894.818
   819.095
   727.008
   227.278
  1112.899
 -4192.907
  8394.659
  -525.374
  4264.419
 -5503.342
  -596.804
 -1740.490
   902.253
  5155.182
    52.446
  -489.872
 -5013.699
  -199.244
   487.634
 -2119.870
 -1076.153
  3110.759
  1707.201
   -34.479
 -1078.426
  6087.444
  6460.473
 -2742.885
 -5808.020
  2610.154
 -2952.686
 -3583.463
   352.749
   671.036
  1370.086
  -749.746
 -1246.447
 -1175.331
  -476.730
  6589.679
  4409.140
  5014.583
  3019.305
  -528.803
 -5584.799
 -3911.845
   441.935
   -93.281
 -1484.874
 -2078.833
  -526.100
  4349.344
  1248.614
  1447.665
  5195.987
 -6182.846
  -834.994
 -3464.031
  4611.605
 -1018.195
   603.050
 -3712.528
 -3479.631
  4720.931
  2733.466
  1199.074
 -1759.276
  1005.419
 -2143.908
   942.152
  -306.087
   534.530
 -2026.139
  1278.991
  -202.340
  -925.219
  2138.323
  -937.823
     4.364
  -186.383
  2484.887
 -1997.505
  -266.249
 -1997.508
  -266.250
 -2103.354
 -1997.510
 -2103.354
 -2125.139
  2234.382
   246.605
  2485.028
   329.404
 -1703.664
 -3965.942
 -2198.062
   239.164
  4560.856
   613.926
   278.320
 -1646.015
 -1359.292
  1768.769
    31.285
 -1487.548
 -1545.471
 -1997.301
  1357.699
  1989.647
    43.166
   195.412
   153.310
  -970.370
 -1530.777
 -1244.926
  -420.576
   566.507
  1443.152
  2057.629
  2352.324
  2330.659
  2030.363
  1504.882
   811.595
     4.958
  -867.043
 -1764.331
 -2654.906
 -3514.312
  1601.363
  -696.689
  2640.653
  1184.016
 -2135.934
 -3243.757
   585.062
  -848.249
   584.327
  -953.634
  1411.999
  1172.893
   602.654
  -124.161
  2091.739
  2116.880
    92.439
   299.115
   675.938
    52.812
   226.952
  2020.044
  1030.523
  -164.707
 -1570.752
 -4450.556
   229.730
  2104.125
 -4446.310
 -2858.340
   164.890
   112.433
  3079.559
   225.925
   151.501
 -9015.559
   257.364
 -3222.160
  4398.229
  1543.118
  3871.857
 -1583.721
 -2832.208
  2321.490
 -4366.956
 -4072.582
   941.330
 11204.962
 -1252.640
 -3466.038
 -3395.255
  6908.293
  6023.587
  2894.978
 -3827.518
 -5261.999
  6649.562
 -1931.158
  5409.547
 -3263.136
 -1153.642
  -920.549
   409.018
 -3026.235
  5850.842
 -2879.505
  -894.115
 -3032.603
  6875.412
  -968.508
  2433.454
 -1297.011
   -18.092
  -259.852
  -387.976
  2745.887
  -703.349
 -5805.372
  -276.771
 -6265.954
 -6191.505
 -2762.169
  2516.196
  5800.746
 -3711.495
  6121.624
 -4793.029
 -1142.776
  1657.972
   127.372
  5125.506
  1343.410
  1361.009
 -1080.500
 -4822.923
  3876.561
  3361.337
  1954.332
  4379.740
  2586.109
   965.283
  2373.273
 -6295.238
  1386.300
 -1585.719
   -65.268
  -195.962
   648.986
  1203.588
  -246.307
   353.788
  1128.013
 -7639.071
  3108.704
 -2371.883
  2271.807
  1286.159
  4134.309
 -2556.034
 -3398.281
   220.030
  -389.285
  -120.404
  3552.136
   422.966
   326.352
  7639.055
  2122.568
 -2962.385
 -6101.115
 -4894.561
 -3916.010
  5972.066
 -2305.909
  3757.474
 -1332.681
  5910.280
 -3164.188
 -1060.224
  -216.340
   225.923
   503.673
   -52.235
 -3623.933
  1212.615
  2295.862
  -429.338
   323.316
   -14.691
   560.891
  2754.421
  -685.691
 -2244.150
 -3376.400
   742.108
  7015.149
 -3489.731
   352.853
  1476.288
 -2699.001
 -4980.557
  3651.396
 -1873.081
  2441.999
  1265.347
 -2301.903
 -5626.429
  1744.511
   974.184
   626.730
  -470.555
  -891.444
  2626.581
 -3137.048
  2129.172
 -5472.290
 -1944.971
 -1991.484
  -151.496
  5418.946
 -2511.733
  1753.426
  3375.269
 -1362.374
   249.111
  6858.287
 -2678.433
 -5902.030
  -498.827
  4250.335
  -663.458
   910.743
  3093.575
 -2941.938
 -5260.666
   623.423
   820.401
 -2071.676
 -1797.615
 -1909.883
  2372.527
 -1700.585
  1544.630
 -1897.453
   819.943
 -1161.488
  4130.095
 -1378.212
  1528.578
  -682.267
    43.164
   195.412
    43.162
   195.411
   153.310
    43.161
   153.309
  -945.478
   818.192
  -446.452
  1477.138
   654.178
   748.435
 -3107.368
 -3877.687
 -2889.562
   -23.339
  4176.852
  1352.644
 -1092.970
  -726.017
 -1577.019
 -2075.991
  1104.641
 -1395.062
  1618.818
  3171.552
  -754.486
  -887.419
     0.002
 -1006.094
  1147.106
  -788.417
   257.286
   252.591
  -649.681
   904.711
 -1021.634
  1019.593
  -922.716
   754.830
  -537.019
   286.772
   -17.920
  -259.032
   536.421
  -808.917
  1073.033
    70.627
 -2776.479
  -287.419
  1175.032
  2288.398
    18.420
 -1633.233
 -1648.097
  -422.568
   420.220
 -1064.550
  -383.532
   870.505
 -1001.429
  -523.509
   187.386
   244.729
   179.855
 -1220.050
  1333.042
 -1646.073
 -2137.714
  -602.080
   -26.480
 -1186.488
   470.422
  -183.322
  -188.481
  -518.586
  -197.602
  1041.977
   -13.601
   696.463
  -915.880
  -116.669
   384.784
   352.912
  -895.900
  3304.087
  1723.103
  -241.789
  2471.254
   197.156
   381.917
   883.524
   765.423
 -1209.488
  2634.359
  -813.332
   246.301
   -58.360
  -217.324
  -266.431
 -1246.896
  -258.289
  -150.980
   630.877
   204.898
  -796.511
  -883.307
 -1430.307
 -1855.088
  1928.712
  -206.936
   108.453
 -2144.394
  2144.607
  -869.940
  1682.732
  1575.400
  -783.782
  -133.580
  -208.421
 -1581.147
  -427.660
 -1060.467
   -21.257
 -2234.039
   -91.016
   930.545
  -955.075
   530.354
  -449.678
 -1789.491
  -729.406
    34.157
  -285.379
  -206.274
   334.785
   855.137
  1624.746
 -1036.588
  -684.219
 -1340.532
   442.341
  1448.203
  -422.903
    13.435
   477.038
  -872.949
  -497.606
   213.690
  -271.291
   679.252
  1066.201
  2798.985
 -1605.929
   939.482
   774.462
  -651.547
  -108.885
 -2591.614
  -714.092
   591.294
  -300.468
   294.840
  -498.130
  -298.462
  -293.697
  -852.842
 -1647.584
 -2300.511
 -1937.842
 -1610.360
   139.576
  1651.885
   431.795
 -1856.277
  -834.920
 -1535.759
  -392.719
  -531.896
 -1341.116
   -66.929
 -1138.537
 -1269.817
   411.034
  1476.414
 -1181.223
  -776.959
  -305.246
 -1749.824
  -646.565
 -1702.931
 -2040.422
 -1342.777
   486.374
 -1229.002
   111.694
    57.444
  -208.735
   226.972
   951.872
  -177.352
  1894.627
   596.187
   427.765
  1419.588
  -660.903
 -1040.145
 -2496.815
 -1482.549
 -3441.989
  -786.623
 -3232.603
 -1365.665
  -771.835
 -2232.501
  -770.720
   157.108
  -496.504
   492.637
   584.884
  -325.740
  1747.767
   371.902
 -1107.257
  1030.316
 -1763.885
    73.115
  1173.979
  1344.003
  -752.135
 -1358.912
 -1718.491
   747.818
  1433.202
 -1858.396
   582.412
  1907.437
  2670.224
  2988.030
  3503.073
  1491.478
  1487.724
  -976.812
 -1659.953
  -238.834
   105.158
   -87.020
   316.048
  2256.754
 -1140.172
   821.703
   560.536
   686.520
 -1956.096
 -1767.950
 -3796.487
  1710.027
  -345.066
  -638.751
  -427.061
  -790.994
  -806.123
 -1147.875
  -968.589
  -887.419
     0.002
  -887.420
     0.002
 -1006.094
  -887.420
 -1006.094
   416.660
  -925.054
   996.375
 -1312.478
  -900.199
   489.120
 -1649.034
  -924.947
   770.087
  2343.803
 -1444.906
  -291.680
 -4002.947
  1762.512
   303.481
 -1153.478
   347.620
  -533.002
   494.181
  -176.707
 -1572.167
   -14.975
   -84.317
   383.457
  -225.751
    24.730
   128.512
  -230.342
   294.307
  -333.447
   357.093
  -371.293
   379.797
  -384.885
   387.928
  -389.749
   390.840
  -391.492
   391.883
  -392.118
   392.258
  -581.077
  -475.360
  -190.178
 -1355.420
   677.632
  -301.863
  1427.788
  -110.023
    95.715
  -118.768
  2549.092
   689.846
    32.508
   -81.123
  -469.800
    44.866
  -732.202
   190.499
    55.969
  -540.698
   -56.757
   184.653
  -151.688
   217.926
  -116.605
   541.326
   123.424
   560.888
  3772.911
  -186.617
  1428.219
   284.535
  -404.603
  -130.055
 -1554.836
 -2741.354
  1690.637
  1078.696
 -1011.203
  -384.261
  -610.493
    22.322
  5431.142
   724.160
   583.571
  3107.194
   308.539
  -232.228
   313.865
 -1087.739
  1197.018
 -1200.230
  1828.227
  -193.138
  1928.450
   128.409
 -2338.682
  1151.107
  2752.579
 -3126.598
  -651.366
 -1944.707
   114.506
  1412.331
   431.745
 -2857.120
  -721.084
  -404.214
 -1973.578
  3741.005
   396.137
 -1635.524
   650.463
 -2581.230
  1199.056
 -1875.287
  1283.953
  -431.109
  -435.635
  -937.687
 -1625.716
   378.499
 -2558.859
  1775.526
  2241.116
  2309.210
  3226.313
  3103.509
  -727.060
  2464.464
 -2376.225
  1587.540
  -999.275
  1407.399
 -1162.659
   312.976
  -529.625
   185.078
   213.275
 -1044.501
  -959.726
 -1399.558
   366.943
 -2311.510
   638.386
 -2581.787
  1095.281
   419.080
  -258.526
  -450.941
  -685.958
    11.395
 -1275.844
   577.710
 -1625.660
   954.037
  -357.541
  2805.084
  -264.549
  1200.194
  1087.193
  -752.304
 -1387.695
  -791.656
  -516.792
   872.760
 -2862.585
 -4395.219
 -1346.175
 -5913.119
   324.373
 -1555.213
  1083.775
 -2879.198
  1493.380
  -353.215
   936.335
    54.497
  -302.894
  4043.364
  1859.854
 -1611.934
 -1128.840
  -444.087
  1067.333
 -1333.641
   882.796
  -555.242
 -1457.984
 -2603.667
  1256.685
 -1038.711
  3370.361
 -2135.939
  2755.846
   590.088
  -682.634
  2185.480
  -635.077
   933.697
   882.121
  1176.376
  2700.033
  2752.090
 -1071.185
 -1425.800
   375.153
  -221.853
 -1148.149
  -434.896
  -963.924
 -1005.972
   182.260
  -961.254
  1052.994
  2082.498
  -656.902
  1694.464
  -149.435
   770.788
 -2007.830
  -106.198
   179.380
    12.300
  -271.347
   440.667
   403.289
 -1297.040
    69.923
  -920.358
  -533.564
  2197.396
   717.566
  -597.287
  2658.263
 -1333.654
  -293.007
  1249.369
  2812.467
  1953.343
   189.275
  3081.364
 -2832.296
  -763.600
 -1163.270
   434.252
 -2665.677
   456.527
 -1971.596
  2299.070
  -184.067
  2179.659
  1998.362
 -1709.097
  -350.089
 -5200.164
  3479.759
  1626.281
 -1215.838
  1496.658
 -1348.915
   599.485
  -362.462
   -48.877
   -14.975
   -84.317
   -14.975
   -84.317
   383.457
   -14.976
   383.457
  -168.624
   179.441
  -238.981
   399.802
    11.352
  -885.619
  -798.480
  -593.913
  1216.016
  2693.242
  1470.251
   590.882
  -569.104
 -1196.633
   139.017
   169.599
   104.493
   956.843
   144.565
   -55.954
  -965.044
  -683.724
   -45.446
   -15.278
  -123.896
   231.609
  -282.233
   283.470
  -246.608
   185.747
  -117.028
    53.386
    -1.099
   -38.978
    68.564
   -89.991
   105.367
  -116.355
   124.195
  -129.786
   133.774
 -3041.453
  3288.054
  7156.749
 -6150.710
 -3492.799
 -1663.289
 -4556.102
   360.431
   -48.432
 -2342.976
 -2367.070
  -368.321
 -2939.715
  2579.345
 -6520.079
 -1703.687
  -696.465
  -150.022
  4248.883
    12.669
   863.044
 -1641.066
 -1200.977
   -94.903
 -1113.662
   669.424
  1832.651
 -2402.497
  -210.580
   468.740
   646.282
  1010.283
  -318.662
  1598.669
  -887.252
   181.453
  -397.332
  -218.120
   745.404
  -925.176
  -204.555
   497.931
  2482.737
   231.364
   347.456
   531.951
    13.519
 -3497.708
  3359.566
  1388.223
   102.362
  6537.049
  5280.083
 -1342.340
  -230.213
   697.972
  -192.644
 -2084.898
 -2560.970
   799.503
   995.944
  3973.496
 -2804.424
    82.542
   364.382
   789.930
 -2168.986
  -404.692
  -315.311
 -1440.758
 -4306.123
 -2299.573
   887.951
 -4054.183
   896.344
   512.995
 -4674.371
   912.359
  1000.109
  1116.392
   -10.803
   -59.476
 -1577.393
  1029.443
  3088.967
  3638.290
  1043.696
  -883.106
   170.697
 -4709.578
  3536.037
 -1270.251
 -2151.708
  3223.942
  1893.702
  -498.481
  -317.369
 -1058.759
 -2371.760
 -3397.445
  3114.389
 -1232.163
  -817.467
 -3369.977
 -3098.564
  -149.574
 -2654.554
 -1314.516
  1485.391
 -2076.813
   685.457
  1315.033
 -3800.674
 -2939.606
  3196.730
   823.805
  -309.445
   410.558
   -97.843
 -1522.404
  1020.749
   588.429
 -1801.712
  -233.286
 -1875.275
  1340.957
 -2135.779
  1691.552
  1437.052
 -1870.784
 -1543.674
  1365.106
  1959.151
 -2391.696
  1499.844
  3091.099
  2456.509
  3597.088
  1100.382
 -1283.212
 -3217.476
  -292.668
 -1874.466
 -3737.770
  1844.836
 -1421.165
  -684.901
  -714.442
   712.937
  6134.945
 -3770.665
   384.786
 -1617.587
 -6543.685
  1098.906
  2226.423
  1309.516
  2544.305
  1272.584
  3003.877
 -2003.927
   426.403
   228.375
 -1717.864
  1023.627
   922.198
  -741.078
  2228.483
  1115.980
  1086.419
   903.640
  2258.817
    11.844
  1392.074
   961.130
 -4590.777
   900.670
  2116.439
 -3103.374
 -2802.673
  2214.874
   943.505
 -2950.737
 -3794.696
 -5994.234
  3039.744
  7318.828
  3214.029
   447.050
  1662.173
 -1314.128
  1277.533
  -154.588
  1808.272
 -1520.418
 -1269.045
  3465.472
  2299.547
   413.284
  1184.756
  -733.330
    88.777
   668.970
  2347.402
  1272.516
   643.497
   190.451
 -1343.122
  2245.936
 -2447.399
 -1347.713
 -3701.354
   439.413
   996.562
 -2309.278
  3216.781
 -2217.472
  3535.289
   259.833
 -3370.413
   891.325
  -172.271
 -2922.681
  5347.917
   417.342
 -1582.613
  -866.343
 -1186.602
  1337.213
 -1753.087
  1035.814
  -683.724
   -45.446
  -683.725
   -45.445
   -15.278
  -683.725
   -15.279
 -1258.643
  1643.397
  -879.185
  2931.907
 -2547.965
  5332.586
 -1747.338
  -253.253
  1187.748
  2970.603
  2793.004
   499.385
 -2258.969
  2210.830
   846.183
  -314.335
   598.409
  -662.729
 -2870.639
  1599.683
 -2094.852
  -480.851
 -1194.450
  -679.996
   363.724
  1236.206
  1709.752
  1780.513
  1523.229
  1045.957
   465.049
  -113.913
  -607.313
  -956.929
 -1128.097
 -1105.332
  -887.328
  -482.413
    95.131
   827.811
  1696.846
  -333.898
  -372.728
   160.578
   368.575
   992.068
   752.092
  -372.682
 -2021.951
 -2663.737
   913.049
  2310.164
 -3328.553
  1088.510
    37.498
  -378.349
  1695.962
  -714.914
 -1204.730
    30.398
 -3842.364
  3839.170
  2526.077
  2502.635
    52.140
    77.925
   -42.949
    39.072
    45.929
  -710.480
  -988.607
   585.443
  3098.061
  -974.651
  3689.886
 -4428.473
   661.820
  -820.979
  1499.653
   582.947
   771.305
  2013.010
 -1765.742
   794.147
  3966.825
   279.486
   567.468
 -1364.523
   196.383
   384.051
  -999.632
  1548.695
 -1392.719
   322.741
 -1734.324
  3631.621
 -1547.425
  1262.412
  1603.955
   -97.177
 -6278.619
 -1949.462
    36.569
  1893.660
 -1382.478
 -1968.118
   277.284
  3767.930
 -3641.385
   567.770
  -923.293
 -1773.191
 -4192.666
  2695.751
  5388.805
  2390.477
 -1163.322
 -3621.666
  -424.023
 -4469.508
  3229.302
  1678.285
  2808.303
  1499.608
 -3567.317
   390.769
  3631.379
  -301.538
  1132.986
 -4072.540
 -1570.518
   658.693
   103.273
   925.166
  -838.976
  1174.041
 -1287.696
  1443.613
 -1126.690
   765.097
  2866.757
   -57.106
  1067.954
 -3490.057
 -1741.234
   580.698
  -442.474
 -1188.788
  2633.861
  1080.876
 -1912.444
  2758.464
   274.702
 -1103.991
 -1823.970
  -802.814
 -1623.008
  4640.019
  5160.819
 -4068.685
   800.010
  3522.336
 -4136.742
 -3320.683
 -1567.828
   -72.273
  2452.890
 -1210.085
  -625.112
  -595.983
 -1238.795
  2423.940
 -6195.141
  6717.104
  -348.761
  -888.149
  -926.172
  -603.051
  -998.694
  -905.190
  -269.925
   223.462
  3377.174
  -605.065
   657.881
 -3653.407
  2459.631
 -2118.441
 -2278.021
 -5040.601
   346.356
  2396.475
  3860.415
   983.659
  1580.335
  -547.255
 -3393.213
  2784.363
  5642.130
  -684.296
  4946.610
 -7701.962
  -588.963
 -2224.752
 -1689.978
   512.577
  3185.918
   747.655
  -582.317
  1511.494
  3607.661
  1192.230
 -1978.304
 -4139.542
 -4321.367
  3551.554
 -2279.590
  1382.047
  1737.861
  -766.104
   321.464
 -1083.478
 -1057.643
  2070.749
  -464.374
   368.705
   779.620
 -1978.473
  2247.492
 -2073.880
  -847.254
 -2568.795
  -815.092
  1053.514
  -338.724
  2750.545
  -996.377
  -318.425
   -43.510
  -666.536
 -1015.618
  2252.128
   386.740
   610.418
  2172.390
  5718.122
  -457.882
 -1402.128
 -6968.148
  5073.847
 -2129.812
  2168.996
  2680.386
    37.710
 -2819.258
 -3242.059
  6869.278
 -3935.398
  1159.532
  4649.401
   260.369
 -1132.608
 -4782.192
  -528.841
   580.568
  -891.062
 -3179.715
  -329.160
   360.916
  4146.596
  3322.996
 -3364.099
   501.528
  -124.810
 -1061.003
 -3236.640
   696.977
  2873.594
   703.745
   215.739
  -932.939
   215.739
  -932.940
   189.519
   215.739
   189.517
  2795.838
  3317.250
 -2937.504
 -2757.232
  4500.508
 -1212.048
   206.944
 -2952.943
 -3740.910
  1220.859
  1232.183
  4762.122
  -964.946
  -367.054
  -779.265
  -128.580
  -431.041
  1105.658
   868.623
  1365.225
 -1534.057
  2192.128
 -1026.479
 -1198.132
  -189.724
 -1409.694
  -133.711
  -872.546
  -128.798
  -462.914
   -97.659
  -207.287
   -63.744
   -54.020
   -36.467
    36.627
   -16.605
    89.732
    -2.629
   120.525
     7.122
 -1159.631
  -341.710
 -1169.949
  -285.337
  -558.909
 -1000.500
  -184.242
   207.909
  -386.334
   -71.045
   387.483
  -393.848
   -15.369
  -389.476
  2984.965
 -1800.753
  4142.404
 -2604.768
  -753.197
  3816.509
  -804.343
   405.501
 -2918.913
  2940.073
 -3151.859
 -1171.886
  5836.863
   385.796
  2033.366
  -675.624
   122.108
 -1068.302
  -263.895
    51.894
   629.011
    35.776
  -203.957
  1697.331
  1363.303
 -1894.363
  2493.355
 -3764.812
  -748.249
   -42.665
  -581.590
   417.905
   205.362
    19.929
  1276.621
   640.372
 -1598.055
   418.498
 -2344.317
  -419.385
  -482.373
    44.829
 -2560.422
  -396.855
 -3928.899
   263.859
  1586.521
 -4863.026
  4497.422
 -6005.336
  -738.667
  1365.167
   340.476
    90.656
  3104.759
   302.030
 -2095.517
   104.400
 -3957.225
   243.609
   832.421
 -6623.690
  3333.928
  2236.608
  -517.535
 -3412.501
  1152.276
   780.809
 -3589.968
  1700.694
  1898.067
 -2734.870
  2446.479
  -477.286
 -2144.840
   623.425
  4053.908
 -4710.524
   187.463
  1077.775
  1343.987
 -1229.457
  2943.131
 -1766.344
   782.671
 -1454.889
  1732.670
   200.815
 -2008.546
  1177.823
 -3188.425
  6681.700
  1576.142
  1349.369
   232.398
   887.324
 -1186.758
  -577.257
 -3564.048
   867.373
  -673.700
 -1157.170
  1783.281
   498.924
  1061.378
 -1674.493
   295.788
   196.556
 -2518.663
  1706.177
  1189.175
  4027.786
 -3938.933
  1029.887
   298.526
  -791.283
  1712.363
  1602.883
   388.469
  1035.029
   -28.890
 -4088.060
   779.944
   629.042
-10662.804
  4399.266
   570.872
   518.774
  -830.964
  -146.088
   996.642
  -904.407
   836.740
  3150.283
   534.662
   355.500
   176.232
  2775.573
 -1703.056
  3068.872
 -1392.604
   475.403
 -1758.709
  1275.789
   254.620
   267.342
  2852.574
  2835.877
   -95.914
  3150.445
   805.128
  -466.543
  3029.638
   553.443
 -4212.304
 -1857.884
 -3783.136
 -1371.894
  -302.334
 -2881.273
   536.857
  1387.854
  -368.565
 -1795.430
    31.950
  1010.592
 -2539.117
   439.520
  5066.123
  -908.514
 -1912.206
  1628.348
  -721.326
  2001.545
 -2246.687
   840.744
   418.243
  1917.149
  1450.661
 -2180.219
  1929.177
  -938.081
  2975.194
  -890.707
  2348.224
  -692.617
  -711.944
   870.573
  -411.961
  -207.732
    -1.268
   108.112
    81.301
  -232.442
   460.704
   136.298
  1749.925
  3053.257
 -3186.961
   672.463
  3999.903
 -6125.523
  3511.518
  -337.894
 -2350.510
  -546.461
   -74.611
  1208.319
  2444.327
  2935.128
 -4945.613
  1309.136
   313.922
  1534.326
   660.776
  1190.967
  1412.058
   752.270
 -1441.900
 -2030.016
 -2020.930
  1943.145
 -2672.710
  1349.055
 -1605.868
   570.582
 -2686.717
  1093.736
   -22.591
 -3713.779
   982.670
  -504.578
   -96.370
  -504.578
   -96.370
  -451.011
  -504.579
  -451.011
  -670.213
   914.923
  -523.934
  1709.030
   561.603
   -78.155
  2938.671
 -2782.522
 -1657.527
   293.061
 -2733.699
  -332.989
  -859.820
  2384.303
     7.853
    91.937
 -1355.920
  1390.553
 -1888.585
 -1930.017
 -3343.384
   134.791
 -1695.857
  1233.260
  1054.945
   856.860
   827.550
   721.576
   463.060
   105.430
  -263.161
  -568.958
  -766.839
  -838.318
  -784.374
  -618.039
  -358.484
   -26.884
   356.197
   772.263
  1205.568
 -3138.206
   994.948
 -1359.529
 -6197.837
 -1843.925
 -1885.030
 -2089.728
  2132.039
   906.580
  2124.586
  2827.538
    95.229
  -398.461
  -851.804
  1303.117
 -1065.702
 -1060.080
   270.025
   762.284
 -1730.044
  -324.342
  3792.233
  -814.915
  1805.665
  3166.964
 -5515.255
 -1571.919
  -577.534
  3061.197
  2642.217
 -4060.846
  -965.404
 -2828.739
 -2274.882
  2587.981
  -274.662
 -1232.437
   -31.045
   -80.033
    -6.096
    19.475
    -7.790
  -492.015
  -367.744
 -2456.823
  4535.727
 -2913.135
   984.077
   226.232
  1548.279
 -4064.827
  1268.619
 -3213.452
  1357.932
  -406.742
  3272.271
   881.306
  6959.407
  -577.326
  -642.946
 -2233.180
  -492.295
  -499.917
   -62.592
  6222.078
 -9979.273
  7085.623
 -6886.753
  7813.359
 -3526.316
 -3869.386
  2273.253
   137.687
   115.333
  7543.818
   248.105
   252.242
 -7552.792
   484.080
 -6289.875
  7679.908
  1483.111
  6517.330
 -4906.629
   862.556
 -1124.384
 -2612.072
  1462.055
 -1128.287
   958.525
  1205.505
 -1345.005
 -1899.989
  1641.120
 -2182.969
  1831.819
  1614.653
  1051.601
    19.411
  2076.973
 -5197.053
    -6.966
   264.658
  3532.510
 -1110.783
  1863.115
 -3537.196
 -1744.911
  2600.900
  1696.218
   287.937
  -672.571
  -737.920
   282.977
 -3122.272
  3436.041
   303.795
  1474.542
 -2015.836
   166.464
  -299.414
  -911.790
 -1532.069
 -1382.934
  6913.264
   434.181
 -2421.688
 -1500.734
  3611.613
 -1704.894
  3933.284
   655.167
  1058.263
  -817.404
  2959.172
 -7972.186
  3473.947
  -268.657
  1869.723
 -2153.798
 -1326.467
  1504.661
 -2673.684
   384.543
  1714.071
  1206.856
 -3650.403
 -1240.342
  -920.486
   820.407
  1137.814
  -800.109
   615.474
  1000.230
  -927.680
  3022.333
   251.783
  3284.661
 -2731.686
  2601.716
 -3442.720
 -2932.073
 -1667.695
   837.435
   954.807
  -160.152
   321.279
   229.378
 -2251.599
 -9067.568
 10418.948
  5565.360
  1764.257
 -2973.161
   735.300
 -3483.505
  -345.187
  2627.457
  5867.104
   121.811
  -653.170
 -7405.689
  1001.999
  1758.968
 -3051.069
 -3255.820
  1372.913
  4099.105
 -1544.319
 -1656.129
  3996.175
   910.692
  -267.268
 -3567.230
   -58.475
  1347.481
  2481.653
 -2259.057
  1478.871
 -1968.941
  2813.053
   206.147
  1018.378
 -2633.662
 -3038.666
  1462.387
  2463.656
  -305.638
   892.777
  -262.452
  5167.137
  1432.445
  3392.324
  -204.543
  4523.338
 -2540.140
 -3553.409
  1343.683
  1089.068
 -3015.578
  -607.126
   648.115
  2846.910
  2595.391
 -2055.674
 -1082.076
  3422.857
 -5338.225
  5030.586
  2244.771
  3836.095
 -1001.092
  5392.255
  5475.675
 -3583.744
 -3238.047
 -3579.935
  1097.150
 -1587.532
 -4705.497
 -2052.371
   984.313
  4862.629
  5026.173
  -934.224
  -754.665
  -823.869
 -3164.734
 -3623.994
  5833.920
  1253.794
  2000.291
   975.220
 -3171.054
   975.215
 -3171.057
   -84.847
   975.211
   -84.854
  -849.300
 -1261.969
 -1159.795
 -1238.219
  4149.286
  1598.287
 -1061.045
  -566.358
 -1682.905
   152.130
  -498.498
   991.258
  -263.476
   117.611
  4111.976
   593.902
  -495.794
  3192.789
 -7424.294
 -2798.598
  2342.725
   544.228
 -1026.479
  -470.453
  -189.724
  -132.641
  -133.711
  -135.876
  -128.798
  -114.786
   -97.659
   -80.143
   -63.744
   -49.127
   -36.467
   -25.689
   -16.605
    -8.992
    -2.629
     2.684
     7.122
 -1881.446
 -2726.828
  1741.726
 -2991.180
  -944.079
  5223.191
 -1087.362
 -1275.768
    51.605
   650.385
   -49.748
    50.460
  -574.364
    40.966
  2214.970
  -341.710
   166.779
  -285.337
 -1161.083
 -1194.409
 -1095.659
   148.334
  -386.334
   -68.066
   387.483
  -390.033
    43.219
  -389.476
 -2111.858
 -1800.753
 -2265.720
 -2604.768
  -248.515
 -1112.323
  -341.249
  1715.596
 -2918.913
   977.429
 -3151.859
 -2157.042
   275.437
 -2390.516
  3131.437
  -675.624
   153.640
 -1068.302
  -308.995
    52.026
  -859.405
   618.951
  -203.957
  -444.612
  1363.303
   212.960
 -1523.198
  3434.067
   408.443
   -42.665
    19.685
   417.905
   196.928
  -592.071
   960.309
   495.596
 -1598.055
  -360.045
 -2344.317
   353.098
  -486.821
  1710.033
  1855.348
  -396.855
  3243.383
   263.859
   628.905
  3772.150
  1738.193
   895.370
  -738.667
  -833.321
   340.476
  -778.497
    56.005
  -490.993
    77.771
   104.400
  -183.505
   243.609
   539.088
  -229.942
   822.231
  -610.864
  -517.535
 -1204.966
  1152.276
   348.031
 -2615.285
  2093.897
 13774.404
 -2734.870
  2684.380
  -477.286
 -3431.239
 -8505.739
  1378.143
 -1378.825
   187.463
 -2666.344
  1343.987
  -354.943
 -2824.312
   830.124
 -4174.750
 -1454.889
    16.440
   200.815
  -339.424
  3005.604
  1171.630
 -2386.185
  1576.142
 -3092.141
   232.398
  1970.823
 -4344.789
   140.029
  2229.764
   867.373
  1561.331
 -1157.170
   814.209
  1002.959
 -1194.203
   229.002
   295.788
  1652.396
 -2518.663
   300.221
   859.285
 -3386.305
  2248.394
  1029.887
   812.676
  -791.283
  1133.146
   264.329
  -919.538
  -187.531
   -28.890
 -2203.523
   779.944
   477.554
 -4876.936
  2154.604
  2252.110
   518.774
  -860.280
  -146.088
   639.756
  -934.711
  -357.542
 -1506.255
   534.662
   -96.994
   176.232
   711.925
   736.572
   445.245
    -3.567
   475.403
   599.290
  1275.789
   192.673
   333.669
   356.502
   544.346
   -95.914
   974.672
   805.128
   230.743
  1303.730
  1427.997
   193.966
 -1857.884
 -1122.386
 -1371.894
 -1568.224
 -1772.801
 -1150.206
 -3810.093
  -368.565
 -1659.195
    31.950
   232.755
  -336.076
   346.513
 -5389.997
  -908.514
   939.744
  1628.348
  -108.782
  1685.145
  1520.494
 -1991.776
   418.243
 -1995.632
  1450.661
    71.860
 -1997.613
  1425.487
  -112.217
  -890.707
   118.770
  -692.617
  -311.731
   972.667
    28.208
   918.801
    -1.268
  1456.057
    81.301
   365.163
  2125.529
   623.778
 -3512.993
  3053.257
 -1557.366
   672.463
  1809.152
 -1553.846
  -546.448
 -2138.535
 -2350.510
 -2176.476
   -74.611
   839.464
  -677.904
  2820.433
 -4459.558
  1309.136
 -2003.379
  1534.326
   445.448
  1726.706
  2147.969
  2644.619
 -1441.900
   -66.144
 -2020.930
  -174.543
 -1138.626
  -668.277
    77.984
   570.582
  -615.529
  1093.736
   584.275
 -1422.902
  1140.903
   492.193
   -96.370
   492.193
   -96.370
   206.035
   492.193
   206.035
  -885.561
   914.923
 -2360.076
  1709.030
   864.765
 -3321.299
  1972.786
  8170.489
 -1657.527
  7511.044
 -2733.699
   -92.909
  1040.169
  -491.396
  -772.112
    91.937
 -1038.967
  1390.553
   127.294
  -749.594
  1456.590
# -----------------------------------------------
# 
