# -----------------------------------------------
# 
  2897.238
   161.283
   -66.432
   -41.272
    86.496
   215.457
   291.067
   295.974
   237.673
   136.749
    17.687
   -97.070
  -190.090
  -249.767
  -269.835
  -248.318
  -186.340
   -87.068
    45.144
   205.379
   388.597
    25.524
   -91.501
  -163.057
  -166.214
  -114.301
   -50.185
    -1.389
    25.026
    33.113
    29.952
    21.644
    12.154
     3.488
    -3.723
    -9.644
   -14.803
   -19.823
   -25.268
   -31.584
   -39.078
  -186.707
  -165.617
   -44.392
    66.410
   114.167
    89.188
    10.988
   -87.153
  -172.804
  -224.413
  -234.701
  -208.298
  -156.535
   -92.376
   -27.061
    31.345
    78.069
   111.064
   130.237
   136.725
    -2.354
    -2.354
    -2.354
    -2.354
    -2.354
    -2.354
    -2.354
    -2.354
    -2.354
    -2.354
    -2.354
    -2.354
    -2.354
    -2.354
    -2.354
    -2.354
    -2.354
    -2.354
    -2.354
    -2.354
   -51.851
   -51.851
  -122.507
  -122.507
   -51.851
    77.476
    77.476
   230.477
    95.872
   -15.374
   -48.990
   -27.583
    20.777
    74.784
   120.799
   151.513
   164.309
   159.764
   140.423
   109.853
    71.953
    30.483
   -11.231
   -50.454
   -85.098
  -113.717
  -135.442
    74.477
  -215.819
   194.771
   216.901
  -698.384
   269.657
   656.356
   120.585
    14.853
   -92.209
  -190.340
  -107.676
     8.854
  -192.062
   155.816
   -14.887
    38.909
    50.147
    26.368
     7.073
     6.338
    20.840
    42.095
    62.436
    76.657
    81.822
    76.592
    60.607
    34.040
    -2.662
   -48.935
  -104.162
  -167.716
  -238.963
  -208.097
  -216.274
  -309.191
  -327.949
    22.981
    61.756
    84.074
     3.979
    55.458
   -80.167
   215.777
    83.270
  -419.214
  -310.783
    31.435
   201.338
   -86.780
   328.838
    65.685
    13.600
  -152.329
  -152.505
   -47.513
    33.679
    71.533
    90.809
    99.039
    97.594
    86.612
    67.471
    43.079
    17.046
    -7.210
   -27.006
   -40.574
   -47.008
   -46.090
   -38.101
   -23.645
    -3.505
    21.459
  -152.505
   -47.513
  -152.505
   -47.513
    33.679
  -152.505
    33.679
  -134.128
   -12.313
   -84.153
   -69.846
   146.384
   107.910
   132.859
   -78.170
  -238.936
   128.204
  -193.523
   -78.690
   478.705
   212.502
   186.224
   296.045
    43.106
   106.678
   259.538
  -186.917
  -452.030
  -264.804
     2.677
   114.744
    95.560
    44.239
    11.970
     1.339
     1.939
     5.139
     6.843
     6.438
     5.208
     5.125
     8.130
    15.781
    29.133
    48.756
    74.807
   107.119
   145.298
  -136.788
   139.825
   -51.429
   166.267
    22.668
   444.453
  -232.684
   -46.168
    83.911
   -46.168
    83.911
    -2.607
   -46.168
    -2.607
  -413.109
  -223.460
  -198.575
  -202.903
  -360.165
   639.471
  -667.018
  -166.719
  -206.070
   159.982
   -27.200
  -665.819
   480.751
  -102.580
  -251.518
  -140.816
    -9.523
  -133.712
   -40.924
   391.841
   -80.327
   -14.045
  -135.237
    92.001
   103.468
    39.865
   -24.411
   -63.849
   -76.338
   -68.768
   -49.753
   -26.656
    -4.791
    12.456
    23.227
    26.762
    23.036
    12.490
    -4.173
   -26.122
   -52.489
  -287.806
  -186.190
  -181.713
   149.791
    47.754
  -171.397
   661.891
    15.243
   -59.580
   -64.847
   -95.131
    32.346
  -308.821
  -307.848
   -73.136
  -143.572
   -73.136
  -143.572
    90.855
   -73.136
    90.855
   242.526
   126.854
   254.350
   231.988
   205.869
   -85.623
    43.185
    23.707
    68.895
   -18.730
  -206.467
   454.981
   310.404
  -442.060
   -59.666
  -600.035
    16.782
  -588.369
  -238.369
   103.384
   465.354
    30.067
     9.013
   -25.464
   -50.252
   -58.350
   -51.076
   -33.007
    -9.591
    13.977
    33.385
    45.599
    49.089
    43.865
    31.273
    13.621
    -6.321
   -25.795
   -42.433
   -54.470
   -60.811
  -118.195
   -90.355
   -59.577
   -65.409
   -65.363
    25.336
    28.233
   102.592
    24.595
   -98.385
  -177.835
   -65.923
   -93.037
  -288.411
    93.984
   -18.261
  -136.117
  -301.998
   -73.921
  -294.574
  -594.839
    30.067
     9.013
    30.067
     9.013
   -25.464
    30.067
   -25.465
   -90.826
   -11.083
    40.530
   239.840
    61.218
   274.996
   890.945
    97.710
   155.496
     3.884
    99.981
   209.812
  -138.014
   -60.836
   -20.238
     9.095
  -152.443
  -166.558
    56.077
    -2.283
  -105.540
  -110.035
  -109.873
   -93.917
   -85.518
   -84.481
   -87.742
   -92.462
   -96.244
   -97.187
   -93.978
   -85.917
   -72.853
   -55.070
   -33.145
    -7.829
    20.067
    49.740
    80.450
   111.549
   142.487
   117.825
   292.279
   -75.169
  -186.362
   211.618
   -13.714
  -294.798
   -20.653
    43.260
  -284.675
  -325.399
   134.845
  -125.417
   254.044
   400.211
   134.455
   -74.875
  -452.011
  -165.179
   215.853
  -166.063
   365.876
   372.989
    49.804
    81.463
   310.791
  -385.949
  -584.166
   115.375
    21.588
   115.376
    21.588
  -130.736
   115.376
  -130.736
   109.646
    50.161
   175.293
    65.759
  -150.030
   300.743
  -356.840
    -3.412
   126.627
  -199.926
  -114.556
   296.878
  -301.695
    30.092
   -31.436
   131.920
  -214.392
    84.808
   295.083
  -292.321
   294.047
   111.495
    51.632
    31.301
    21.516
    16.284
    13.282
    11.386
     9.974
     8.687
     7.354
     5.965
     4.614
     3.408
     2.406
     1.612
     1.004
     0.545
     0.203
    -0.051
    -0.239
   129.429
   168.551
   -86.211
  -181.090
   169.095
  -162.974
  -323.101
  -196.249
  -244.962
   320.292
   200.697
  -239.578
   129.740
   -37.097
  -567.886
  -218.643
   164.075
   547.606
  -233.604
  -228.980
    38.101
   140.046
   247.899
  -470.154
  -381.597
   237.258
   246.746
   291.968
   -25.451
  -115.443
  -102.692
  -217.975
  -136.767
  -163.496
  -317.204
    14.531
   -40.299
    14.531
   -40.299
   -60.389
    14.531
   -60.389
    22.651
   -70.779
   160.697
    27.239
   -90.184
   370.247
   182.771
   -79.595
   -87.158
     8.665
    68.803
  -115.236
   -73.974
    58.624
    46.064
    23.792
   -21.971
   -18.132
    -4.168
   -58.010
   -82.344
  -518.563
   216.700
   162.131
   140.835
   127.740
   117.100
   107.415
    97.103
    85.161
    71.239
    55.436
    38.096
    19.668
     0.622
   -18.605
   -37.632
   -56.152
   -73.928
   -90.788
  -106.617
   -29.541
   -55.141
  -102.852
  -132.110
    70.681
  -184.265
   -97.367
   250.525
  -334.911
   372.427
  -189.524
   -41.108
  -230.586
  -134.985
  -149.395
  -122.904
   -98.834
    42.312
  -170.434
   372.153
  -334.979
   204.686
  -216.265
  -120.171
   236.270
  -295.865
    93.510
   -42.497
    27.555
   140.750
  -170.184
   -25.505
   243.006
   375.194
  -123.893
    80.397
   -63.166
   -55.659
  -217.580
    28.418
  -305.358
  -280.589
    33.768
    14.803
    33.768
    14.803
   147.382
    33.768
   147.382
   158.495
    71.862
   112.989
    29.184
    99.039
   -80.577
   -87.086
   116.805
   -66.820
   123.703
  -343.798
   157.787
   409.895
  -144.591
  -328.796
    59.983
  -107.489
    -3.461
   -77.283
   183.890
  -187.931
   -33.452
   -48.385
   -77.613
   -74.260
   -56.380
   -34.101
   -11.671
     8.710
    25.611
    38.017
    45.225
    46.809
    42.592
    32.622
    17.127
    -3.520
   -28.848
   -58.325
   -91.392
  -127.488
  -148.341
   129.818
   -59.222
   268.315
   130.111
    77.121
   336.364
    62.725
    47.685
   -35.423
     0.440
    76.990
  -138.487
    42.254
    79.585
  -318.300
   487.269
   -98.386
    48.809
   171.972
  -258.019
  -260.588
   179.931
   114.637
   497.937
  -334.192
  -206.092
  -139.724
  -120.767
  -144.795
   222.364
  -254.514
   145.591
   260.986
  -177.774
  -405.733
   220.241
  -351.817
  -118.829
   309.812
   522.737
    30.113
   109.773
  -219.749
   162.713
  -444.047
  -164.199
   321.392
  -410.914
   157.364
    94.521
   157.364
    94.521
    95.218
   157.364
    95.218
   135.473
   -35.221
    83.372
  -147.541
    50.390
    27.896
   133.349
   173.689
   -78.897
   152.175
    -6.807
  -197.031
  -253.430
    57.071
  -150.298
    33.614
  -222.782
   184.291
   -12.064
  -222.863
   358.820
   -31.379
    99.944
    99.166
    33.002
     2.131
     6.987
    27.982
    51.119
    69.819
    82.134
    88.353
    89.608
    87.196
    82.292
    75.862
    68.655
    61.223
    53.963
    47.136
    40.907
   -70.849
   -12.573
    21.774
   220.851
  -120.442
    21.262
  -101.278
  -361.109
  -325.669
  -173.952
  -545.027
   103.875
   388.344
   225.846
   -50.437
   127.611
   -59.208
   105.680
   -69.907
   -90.630
   -64.321
  -377.034
  -210.228
   197.146
   -88.662
  -190.121
   715.493
   -10.439
  -281.821
   210.930
   -86.513
   314.052
   -43.883
   -30.865
  -273.825
  -307.023
  -137.924
   256.141
   153.269
   -21.195
   250.523
  -198.653
   -75.803
  -118.412
   147.729
   236.447
  -190.707
  -468.513
   267.026
   -54.469
   155.203
   -23.435
   154.259
   -73.830
    23.116
   -85.601
   -64.108
   133.580
   -64.108
   133.580
   -82.238
   -64.108
   -82.238
   -87.006
   236.313
  -342.134
   176.569
    76.419
  -697.385
    87.333
    69.148
   -92.210
    11.221
  -150.359
  -401.195
   208.043
   233.911
  -188.094
   -28.853
   -97.181
    -6.255
   -40.106
   257.956
  -129.379
  -186.140
  -291.796
  -233.328
  -135.617
   -59.076
    -8.636
    22.419
    40.638
    50.664
    55.555
    57.285
    57.128
    55.900
    54.121
    52.120
    50.094
    48.162
    46.386
    44.793
    43.392
  -122.352
   -74.481
   321.052
   153.298
   -13.120
   -91.959
  -498.058
   535.680
  -121.366
   482.160
  -198.253
  -478.190
   476.283
  -602.580
    66.522
  -176.563
   291.747
    74.120
  -263.394
   499.003
   210.387
   157.956
    -2.517
    94.465
   -74.440
     1.217
    55.687
  -115.015
   598.208
   154.499
   -56.532
  -469.363
  -203.750
   165.332
  -406.413
  -655.026
   160.481
  -521.383
   -37.100
   806.488
  -240.270
   278.853
  -403.495
   -75.409
   -18.797
     9.148
   184.077
   240.019
    24.931
   100.437
    46.171
  -216.349
  -149.391
    11.662
  -208.925
   -79.145
   413.922
   110.610
   350.411
    -2.780
   -19.665
   234.028
  -323.991
   223.682
    71.606
   223.682
    71.606
    62.029
   223.682
    62.029
   195.958
   -47.120
    60.901
  -241.690
  -138.374
   -80.649
  -620.597
    31.871
  -111.386
  -139.749
  -233.879
  -159.435
  -120.155
   -78.054
   219.396
    38.176
    47.664
  -172.038
    68.204
   -15.994
  -349.722
    24.158
    22.230
    18.364
    17.065
    16.915
    17.412
    18.215
    19.113
    19.984
    20.771
    21.452
    22.025
    22.497
    22.881
    23.190
    23.437
    23.634
    23.789
    23.912
    24.008
    59.912
   526.935
  -199.607
  -157.140
    44.771
   -53.230
  -112.013
  -374.501
     0.022
  -165.192
  -139.071
    28.881
  -319.285
   -17.835
    15.279
    18.903
    23.622
    19.299
    18.241
    23.557
    18.253
  -286.227
     8.955
  -443.255
     1.862
    18.006
  -519.294
    17.713
  -186.390
    12.146
  -257.148
    10.224
    18.110
  -325.512
    18.149
    81.690
     1.636
  -674.608
  -433.271
    22.502
   228.258
   -69.015
  -237.819
   -21.178
   -90.417
   -25.574
     3.597
   -41.006
    -6.899
  -404.702
    51.306
   170.723
    71.586
    82.544
   144.203
    91.726
    69.271
   -21.621
   633.692
    -9.587
    -1.271
   382.466
   -23.732
    17.378
    20.506
   231.356
    30.470
    18.874
   563.285
    21.133
  -115.178
    13.976
  -115.178
    13.976
    18.073
  -115.178
    18.073
    -8.850
    18.697
   169.122
    26.674
    19.178
   406.773
    23.665
    27.879
    16.377
   324.645
    28.330
    16.722
   517.097
    22.049
   252.407
    20.161
   402.835
    17.960
    12.767
   512.175
     1.897
  -222.062
   174.367
   179.750
   120.666
    64.683
    20.049
   -13.532
   -37.086
   -51.692
   -58.407
   -58.159
   -51.677
   -39.493
   -21.993
     0.524
    27.786
    59.507
    95.367
   135.000
   177.994
   -95.448
  -213.737
    29.668
   -48.781
  -332.015
    16.997
  -114.295
   141.287
    43.431
    20.509
   148.686
  -302.957
  -165.082
   222.656
    40.851
   -59.131
  -260.175
  -179.691
   127.536
  -500.432
  -188.302
  -116.396
    63.602
  -144.617
   -74.239
   257.149
  -144.292
    39.145
     4.672
   169.827
    28.557
    44.424
  -195.668
   -19.303
  -762.239
   -57.797
  -132.216
    26.926
  -154.751
  -107.704
   163.555
  -111.671
    26.342
   -43.741
   -19.457
   101.080
   -92.562
  -201.984
   439.636
   315.905
   -26.787
   186.137
  -148.379
   214.842
   -36.759
  -148.443
   257.824
    84.118
   -74.933
   187.680
  -377.012
  -373.948
   194.202
    98.061
   119.444
  -110.060
   212.450
   138.101
  -684.347
  -294.084
    99.219
   -65.011
   358.869
   173.425
  -348.864
   682.258
    66.272
   -81.941
   -53.150
   -81.941
   -53.150
   -27.891
   -81.941
   -27.891
    37.303
    30.891
   -65.046
    81.518
  -127.651
  -291.822
    43.915
  -156.237
  -280.862
   316.447
    88.711
  -169.648
    78.074
  -205.212
    20.286
   144.454
   -15.571
    56.797
  -141.679
   -87.488
  -315.224
    13.835
   -20.651
   -26.449
   -29.078
   -28.995
   -26.810
   -23.148
   -18.553
   -13.463
    -8.208
    -3.030
     1.908
     6.499
    10.682
    14.426
    17.726
    20.592
    23.046
    25.115
    26.830
    34.174
   -10.345
    32.169
    -8.606
   -19.450
    30.251
   -17.812
   176.787
    19.377
   -12.913
    41.431
    -4.570
  -447.917
    30.499
     4.483
     1.253
    29.284
    23.680
     0.197
    47.041
    34.996
    20.935
  -101.549
   243.301
  -120.606
  -106.252
   621.547
  -122.027
   -30.533
   -31.927
   -31.676
   -31.745
   -28.124
   -31.907
   -28.213
    25.936
   -20.266
    30.839
   -25.010
   -35.666
    30.163
   -57.485
    -0.989
   -22.925
    -6.910
   -25.761
   -29.437
   -14.593
   -36.606
    64.318
   -78.693
   371.573
   -62.384
   -85.530
   105.327
   -51.148
   -63.278
    45.264
  -121.589
   101.350
    38.449
  -252.925
   112.034
    73.361
    57.639
    86.338
    78.874
    32.670
    62.886
    38.654
    76.199
    43.952
    20.898
     7.798
    28.162
    -4.351
   -15.924
    19.119
   -11.101
    38.953
     0.907
   -20.501
    61.580
    -3.086
     3.112
   -20.746
     3.112
   -20.746
   -26.449
     3.112
   -26.449
     8.816
   -20.813
    15.861
   -19.513
   -29.689
    22.425
   -32.219
   -12.794
    -0.295
   -15.388
    -4.331
    -2.627
   -21.248
   -27.367
    14.806
   -33.083
     0.270
   -52.434
   -40.584
   -25.270
   -85.245
   -62.297
   100.631
  -149.852
  -356.816
  -339.070
  -149.430
    86.421
   278.778
   391.652
   424.759
   394.215
   320.346
   221.714
   112.943
     4.479
   -96.841
  -186.988
  -263.968
  -327.193
  -376.983
   142.528
    51.918
    26.698
    18.479
  -425.920
    22.297
    24.685
   239.730
   170.664
    -7.965
   -12.199
  -167.251
  -137.813
  -396.086
   155.896
   341.646
   -37.749
   -55.014
   496.806
   -70.676
   -74.960
    46.241
    22.658
  -114.230
    86.294
    49.154
  -450.621
     6.618
   423.160
   662.943
   127.555
   114.217
   787.700
   -43.448
   -42.935
   210.423
   217.567
   104.611
    50.829
  -127.280
    89.353
  -331.004
    87.768
    41.328
   303.270
   190.837
  -462.193
   487.977
  -460.637
  -243.988
    98.423
  -360.234
   -93.571
   244.516
  -500.947
    -1.748
   445.922
   189.410
    83.130
    97.806
  -302.596
    28.637
  -433.484
  -357.257
   -44.228
  -389.975
  -153.599
   568.033
  -449.513
   406.427
   170.329
   154.386
   201.335
   -36.113
  -135.319
   181.887
  -481.895
   215.733
  -181.318
   222.035
   209.697
  -850.247
   548.787
   888.625
  -160.991
    -3.481
   -66.181
   112.734
  -372.019
   199.883
   -43.810
  -160.064
   243.206
  -160.064
   243.206
   263.888
  -160.064
   263.888
  -282.711
    51.825
  -246.858
    73.120
  -160.102
  -121.357
  -105.322
    -5.372
  -174.252
    97.510
    55.306
  -254.212
   -17.386
   273.370
   289.121
   481.069
  -101.212
   212.448
   317.105
  -518.212
    24.598
    48.381
   -80.192
   151.809
    65.343
   -72.030
  -162.972
  -201.381
  -203.158
  -184.217
  -155.891
  -125.209
   -96.113
   -70.548
   -49.257
   -32.296
   -19.362
    -9.979
    -3.619
     0.240
     2.081
  -609.940
  -186.997
   180.482
   350.466
    13.424
   218.240
    28.091
   427.321
  -377.617
   146.872
  -467.344
  -240.024
    74.463
   -97.251
   -75.387
   -61.315
    40.638
  -111.112
   182.819
   110.629
    24.042
   -19.683
  -318.878
   239.093
   -62.234
  -126.969
   176.747
   342.779
   219.510
   -51.426
   -23.538
   355.015
   -74.025
   -34.997
   450.134
   297.621
  -142.871
   234.409
   219.880
  -293.241
    69.489
   143.482
   300.067
   -93.565
    -4.935
  -231.544
  -104.791
   -11.106
  -181.080
   204.348
  -118.807
   146.592
  -263.835
   121.489
  -153.755
   -12.149
    49.839
  -100.038
    19.496
  -131.014
   169.463
   -43.460
   194.741
   279.832
  -562.210
  -106.406
 -1141.532
   556.038
   716.097
  -451.273
  -250.091
  -238.385
    35.336
    37.142
  -145.406
   119.258
   101.703
    32.367
  -185.730
  -119.562
  -215.534
   365.334
    82.388
   295.341
  -761.246
   -61.031
  -297.585
   435.269
    96.851
   344.447
   117.910
   -19.852
  -187.507
  -168.822
  -376.236
   130.994
  -317.596
   -14.827
    48.381
   -80.192
    48.381
   -80.192
   151.809
    48.381
   151.809
    34.629
  -412.066
  -113.430
  -776.079
  -116.523
  -277.362
  -635.913
  -184.036
   -32.476
   -76.992
   131.598
     2.873
   322.311
  -354.923
  -225.416
  -355.293
   -53.330
  -288.957
  -145.133
   499.420
   -62.158
  -108.861
    -6.007
   -10.107
   147.115
   244.804
   254.306
   210.928
   147.495
    83.018
    26.109
   -20.483
   -56.843
   -84.213
  -104.164
  -118.214
  -127.683
  -133.657
  -137.000
  -138.385
  -138.326
   -23.633
  -190.240
    42.773
    48.682
  -162.191
    28.838
    27.357
   317.314
  -131.919
  -224.373
  -439.988
  -136.252
  -833.640
  -237.446
    54.781
  -292.053
   160.814
  -121.971
  -346.212
    88.246
   -29.375
  -263.525
   -38.907
  -176.072
   -17.732
   -39.538
  -118.883
   -40.569
   546.805
   603.740
  -127.269
   212.266
   202.518
  -693.957
  -241.261
   420.890
   -37.256
  -243.407
    71.005
  -552.072
   207.773
   161.989
   -37.246
  -252.689
  -123.024
   266.626
    59.795
  -156.936
   272.836
  -156.618
  -378.770
   183.125
   181.505
  -204.000
   175.572
   502.422
   329.690
   312.562
    52.514
   210.452
    77.997
  -607.335
  -147.707
   -44.112
    60.077
   -10.093
   120.488
    76.114
   -12.481
   240.090
  -101.110
  -479.388
   369.170
  -331.478
  -271.710
   289.759
  -310.865
   303.441
   -89.236
   283.485
   182.248
  -548.603
  -331.542
  -113.224
    74.173
  -178.715
  -261.235
  -166.303
  -249.323
  -195.347
   252.370
   134.244
   311.613
     1.494
   236.052
   -69.487
   -75.733
  -365.766
  -320.965
  -172.792
  -241.445
  -145.571
  -146.780
   190.745
  -151.692
  -108.861
    -6.007
  -108.861
    -6.007
   -10.107
  -108.861
   -10.107
  -179.889
   -65.345
  -144.746
   -38.994
   -15.048
    -4.091
    38.841
   248.344
  -133.940
   594.798
   506.046
  -632.653
   -11.013
   333.129
  -115.848
    59.774
    -0.280
    33.382
   185.685
   269.946
   225.341
    55.991
   126.894
    -7.933
  -127.866
  -198.145
  -216.535
  -197.260
  -156.937
  -108.057
   -58.235
   -11.463
    30.520
    67.229
    98.828
   125.778
   148.656
   168.051
   184.524
   198.578
   210.659
   361.847
   402.274
    87.744
   341.182
    64.372
  -908.398
   117.047
   -55.658
  -180.736
   -11.445
    -3.253
  -302.832
   -17.740
    -3.586
   509.291
   424.987
   334.071
   394.885
   -63.913
  -179.217
   -94.612
   569.841
    12.865
   212.985
   326.129
  -412.125
    85.036
   158.013
   -40.211
   153.369
    76.374
   147.142
    -6.862
   144.463
   -98.608
   391.923
   -66.283
    41.287
  -218.775
  -560.682
  -217.033
  -199.799
   232.040
  -173.224
  -444.406
    89.271
  -666.701
  -215.125
   307.449
    42.361
  -118.884
  -129.872
  -181.678
    19.511
  -133.184
  -276.367
  -162.033
  -204.486
  -148.714
  -160.307
  -102.746
  -153.391
   -82.415
   423.391
   355.394
   251.924
   277.236
   210.346
  -288.321
   215.382
    45.237
   139.158
    -4.505
   140.405
    81.620
   -96.987
   257.506
  -227.330
   174.137
  -100.975
  -393.625
  1120.737
   376.226
   199.039
   290.393
   -35.786
   187.181
    67.562
  -229.995
  -203.219
    72.090
   358.672
   102.373
   -74.912
  -128.733
    23.962
   -61.175
     8.215
  -157.520
    43.259
   -34.069
   281.131
  -237.302
   174.243
  -557.616
    73.573
   180.973
   270.008
   309.024
     3.401
   700.620
   138.179
    55.991
   126.894
    55.991
   126.894
    -7.933
    55.991
    -7.933
   122.389
    31.963
   217.081
   -51.844
  -126.612
   365.606
  -360.204
   -11.205
   -83.324
   125.581
   269.924
  -288.529
  -581.037
  -158.297
  -286.205
  -183.563
  -207.924
  -228.194
  -144.871
   221.685
    28.110
  -198.841
   -78.100
   -28.797
   -47.765
   -78.660
   -96.537
   -98.276
   -88.613
   -73.162
   -56.082
   -39.800
   -25.424
   -13.235
    -3.088
     5.329
    12.343
    18.221
    23.138
    27.175
    30.337
   517.684
  -154.355
   125.449
   -20.519
     3.246
  -235.966
    15.371
   250.301
   367.768
    80.756
   531.466
   272.274
  -883.517
   143.694
   -28.536
    -1.424
   -27.507
    -4.600
     3.209
   -22.058
     4.945
  -127.475
    62.433
   146.228
   230.266
  -155.723
    -9.344
  -295.791
  -177.098
  -246.767
    28.148
    22.021
  -275.273
    27.815
    24.434
    30.964
  -367.709
   187.944
   -30.089
  -745.206
   389.718
   141.505
  -421.792
   115.547
   296.706
   750.626
   196.204
  -417.926
  -370.206
   346.241
   129.574
  -177.268
  -214.502
  -155.387
   240.954
  -176.939
   -41.488
   355.728
  -502.037
  -436.171
   374.432
   162.238
   135.531
   258.737
  -269.772
   134.957
  -282.508
    59.232
   113.325
    84.827
  -335.056
   -32.828
  -293.285
   176.914
   102.085
  -381.287
   341.194
   101.043
    32.900
    19.684
    51.407
    85.163
   -14.414
   272.393
   744.004
   310.528
  -703.626
  -444.480
  -633.306
   422.948
   486.417
    94.640
   306.478
   -96.907
   156.685
   -80.786
  -142.051
   -56.824
   214.542
    72.188
  -209.400
    20.043
  -168.864
  -153.596
   323.706
  -465.968
    19.358
   -45.841
   336.367
   230.894
    -7.107
  -482.563
   -15.416
  -217.403
   114.447
  -174.401
  -175.699
   592.489
   145.440
   218.342
    39.638
   218.342
    39.638
    30.620
   218.342
    30.620
   -48.744
  -194.542
  -173.973
  -296.346
   -75.878
  -198.540
    12.348
   -19.758
   161.731
  -185.542
   146.339
   -32.159
  -123.407
    -0.205
  -459.780
  -266.354
  -220.854
   -86.512
  -338.227
   610.635
  -179.298
  -380.877
  -176.323
   -66.484
   -38.762
   -16.878
    14.705
    49.682
    80.469
   102.694
   114.749
   116.636
   109.133
    93.317
    70.329
    41.256
     7.091
   -31.282
   -73.088
  -117.656
  -164.408
   283.508
     3.548
    36.803
  -165.729
   157.340
   -67.564
  -270.463
   251.896
  -297.441
   298.427
   342.999
  -206.202
   157.691
   289.543
  -252.455
  -360.127
    83.141
    44.426
  -450.564
    10.345
   419.971
    43.171
   -64.187
    74.945
   -23.638
  -106.985
    52.616
   -77.822
   168.777
   116.439
   -76.399
   -45.810
  -163.943
    19.563
    82.432
  -259.647
   -80.682
   -11.150
   -59.103
   148.032
     6.114
     4.246
   -11.653
    56.115
   -67.401
  -260.617
   164.908
   151.781
  -268.026
    58.730
   145.527
  -241.642
   -81.693
   -98.192
   291.152
   342.292
  -144.233
    32.666
  -127.813
    27.874
   256.252
   123.988
  -142.006
    29.776
    76.585
  -704.682
  -143.657
   -30.964
  -328.393
   883.980
     8.555
   253.651
  -138.547
   109.907
   109.325
  -175.910
   -47.524
   -46.193
   -81.535
   111.085
  -117.396
   -57.839
   152.362
  -365.689
    32.816
    31.947
    13.562
    79.339
   -70.163
    11.120
  -115.879
  -497.221
    79.021
   100.335
   264.401
   139.916
   -74.522
   -97.558
   227.563
   179.837
  -333.282
  -136.429
   -95.074
   300.049
   195.649
  -179.554
    27.623
  -258.242
    31.322
   -52.267
    15.684
   257.419
  -122.692
   174.600
   -39.198
   102.078
  -109.433
   507.048
  -382.139
    63.370
   -35.094
   -86.765
  -172.025
   -16.904
  -258.242
  -120.450
    64.551
   -12.082
    64.551
   -12.082
   -63.152
    64.551
   -63.153
   -24.878
    -2.821
   -47.315
    99.025
     9.889
   -22.303
   349.877
    47.035
  -147.865
  -157.209
   224.480
  -287.886
  -374.989
   330.289
   -35.199
   155.861
   113.087
    24.759
   374.402
   204.854
  -308.993
   -46.611
   -37.351
     2.795
    -3.020
   -23.355
   -42.045
   -55.348
   -63.481
   -67.200
   -66.966
   -62.928
   -55.051
   -43.226
   -27.333
    -7.270
    17.035
    45.616
    78.469
   115.551
   156.784
    13.091
    20.497
   -17.483
    57.990
  -284.910
  -163.404
    18.940
   266.229
   237.053
   158.315
    35.272
  -323.671
  -167.047
  -167.389
    13.766
    97.509
    69.728
   251.090
    11.387
   224.336
   164.402
   -20.872
   136.786
   -35.940
   115.863
   176.315
  -206.124
  -194.800
    29.105
    12.513
    11.004
     3.648
   -16.891
     2.336
   -19.946
   204.232
   171.180
    30.052
    56.995
  -390.002
   638.829
  -292.683
    32.048
   145.301
   -49.576
   -49.821
   172.896
   -50.306
   -53.482
  -246.900
   -82.187
  -221.056
    63.603
    56.957
  -124.021
   331.716
  -432.267
   -18.774
  -197.344
   -31.003
   269.985
   -65.913
   278.337
  -172.550
   -44.888
   115.593
    49.247
   156.668
    58.370
  -137.018
   -84.417
    30.557
   321.855
   -59.918
   -64.818
    51.332
  -473.159
    52.497
   130.359
    -7.905
   102.895
  -129.792
   -16.972
  -181.593
  -185.913
  -320.317
  -199.615
  -413.080
  -197.455
   -37.503
    63.965
  -198.247
   -81.989
  -189.876
  -130.577
   -48.018
  -130.819
   -53.329
  -164.815
   104.285
  -130.087
   322.781
  -138.748
   146.221
  -125.950
  -749.963
   145.006
   567.332
   576.015
   109.696
    69.662
  -364.538
   515.016
    23.118
    73.372
  -136.653
  -127.711
  -259.736
   176.532
   146.315
    50.066
  -131.453
   -23.958
    89.151
  -522.889
   333.071
    92.575
   285.326
    36.916
   278.382
   263.653
  -292.946
   -36.586
  -152.949
    22.402
  -152.949
    22.402
    34.646
  -152.949
    34.646
    54.561
   162.038
    63.699
   115.212
    58.857
    10.878
  -345.326
  -298.674
  -159.112
   161.915
   -89.715
  -100.227
   488.987
  -209.984
   138.351
   -37.877
    56.102
  -117.183
   -14.207
  -206.144
   -44.272
   301.150
    58.993
  -210.829
  -309.542
  -275.566
  -184.713
   -87.203
    -6.496
    50.491
    84.990
   101.344
   104.441
    98.594
    87.174
    72.613
    56.544
    39.977
    23.468
     7.256
    -8.627
  -307.444
    44.878
  -100.619
   -74.153
   358.137
   243.757
   -79.655
   293.121
    72.169
   112.052
  -318.334
  -236.803
  -195.732
  -686.836
   617.792
  -156.027
  1067.613
   374.887
  -787.023
   159.696
  -569.224
  -160.898
   384.168
  -536.514
   -57.708
   426.112
    32.340
  1080.464
  -129.012
  -278.905
   -84.425
  -211.185
  -324.840
   367.690
   677.632
   -24.369
     6.289
   -54.963
   -34.975
    34.902
   -53.617
   -20.425
   -22.880
   127.160
   282.933
   -83.924
   455.193
    91.307
  -767.889
   891.880
  -315.536
   120.113
  -255.389
  -738.503
    15.066
   -61.932
  -175.895
   -41.831
  -246.328
    90.203
  -170.936
  -349.156
   337.268
   185.087
  -161.299
   244.019
   221.435
   -83.810
    45.349
   263.768
   -93.111
  -136.150
   -75.118
   374.922
   -26.111
  -327.123
    75.979
  -476.949
   -28.672
   515.306
  -125.270
   169.556
   512.362
  -738.894
    33.356
   -48.504
   -99.972
  -119.376
    16.052
  -103.266
     8.381
   256.254
   184.594
    89.468
     5.157
   106.475
  -233.067
  -339.596
    -1.282
   133.903
    68.267
   242.921
   123.805
    66.676
   440.159
   189.871
   299.853
    34.516
  -374.316
   567.360
    66.301
  -707.904
  -207.369
   345.627
  -158.181
   -19.980
   634.389
    55.445
  -107.582
  -617.445
     8.314
    79.457
   351.862
    92.008
    86.625
  -174.294
   -21.745
    15.874
  -102.797
  -329.800
    -7.109
   519.115
  -522.891
    44.485
    39.288
    91.262
   -10.470
  -202.505
   104.464
  -589.237
  -135.141
   -58.245
  -135.141
   -58.245
  -190.655
  -135.141
  -190.654
   -21.318
    68.977
    78.255
   211.832
   -57.419
   147.846
   394.699
    -8.104
   299.364
    88.339
   -90.088
   522.764
    -9.904
  -161.486
   333.538
    81.136
    41.680
   -68.384
  -112.237
  -365.086
   -11.637
   211.443
   -23.955
  -187.746
  -235.123
  -211.104
  -155.434
   -92.527
   -35.116
    11.252
    44.961
    66.345
    76.589
    77.176
    69.623
    55.371
    35.743
    11.925
   -15.023
   -44.170
   -74.701
   220.818
  -129.382
   273.552
   -19.062
    20.067
   -52.062
  -356.821
  -428.040
   -68.153
  -163.125
    31.860
   182.399
   149.588
   -35.483
  -458.657
  -153.310
  -388.375
  -391.238
  -306.488
   -19.179
   152.659
    78.063
   467.351
  -617.196
  -247.671
   288.129
   -77.986
   763.155
  -292.307
   266.270
    39.249
    69.943
   432.437
   264.336
   572.342
    96.664
    86.802
   311.460
   368.872
    22.028
  -386.268
  -533.520
    39.476
    -5.339
   -18.702
   -40.214
   -19.642
   -25.821
   -44.731
  -639.291
   -10.491
   -87.110
   314.878
   398.243
    44.368
   395.594
   -27.511
   133.724
    61.810
    58.687
   183.349
    64.919
    47.588
   242.728
   196.715
    50.489
   162.615
    -2.372
  -249.524
   -87.260
   325.406
   -28.450
   229.855
    -9.868
  -620.740
    60.966
   -70.153
   -92.467
  -133.447
    54.357
    54.233
   152.826
  -176.711
  -101.117
  -564.084
  -132.268
   256.992
   -41.897
   528.364
  -139.586
  -178.842
   -37.792
  -270.829
   181.294
    24.732
   -39.280
   187.267
   291.791
   143.133
  -260.354
   108.514
  -292.297
  -525.789
   265.338
  -321.020
   114.415
    31.817
   122.781
    39.703
   -36.108
    66.403
  -109.006
  -608.754
   -21.109
  -170.037
   -44.043
   760.406
  -238.377
   160.981
   -24.243
    30.450
   128.822
   101.693
   -26.632
    36.023
  -101.405
  -237.391
    47.973
    78.813
   -32.193
   132.001
   252.840
  -190.112
   767.470
   206.438
   348.546
   173.227
  -466.598
  -427.390
  -455.278
    16.020
   -98.816
   -61.009
  -162.279
   -14.169
  -180.669
   138.583
    32.375
   -46.666
    32.375
   -46.666
  -100.839
    32.375
  -100.839
  -133.702
  -150.001
  -163.865
   -82.205
   -64.772
   -64.655
   453.898
   328.875
   230.501
  -124.378
    -7.366
   116.592
  -390.291
  -103.622
    66.599
    16.143
   -81.682
    53.796
  -108.304
  -152.629
    22.550
    -8.766
  -100.875
   -89.125
   -69.175
   -55.747
   -36.210
    -4.172
    33.852
    65.889
    83.047
    82.656
    67.009
    40.778
     8.954
   -24.289
   -55.995
   -84.403
  -108.727
  -128.880
  -145.223
   -55.167
  -124.857
   130.385
   118.208
  -415.028
   126.401
     5.611
  -740.777
  -588.460
  -498.146
  -330.226
   307.754
  -266.198
   637.815
  -172.828
  -227.244
  -309.018
  -336.738
   -57.641
   -62.776
   428.911
   -59.874
  -172.308
   133.171
   155.245
  -226.371
    67.994
   341.504
   -64.715
   -95.870
    89.373
   229.966
  -134.212
  -110.986
    50.625
    70.228
    65.300
  -118.565
  -298.991
    65.860
   269.676
    99.560
   481.483
   449.789
   615.155
   441.622
   345.833
    12.566
  -719.225
    55.023
    82.325
    27.992
    56.011
    94.344
    17.959
    55.225
   -75.939
   -54.584
   118.984
    76.163
   -27.326
   247.329
  -199.916
   -52.452
   -50.386
    20.551
    26.284
   -47.012
    22.929
    35.695
   124.175
   144.469
    -5.571
   101.274
   347.130
   -33.329
   459.288
  -130.681
  -289.907
   272.052
   338.712
  -570.027
   230.691
   564.141
    84.942
   -64.137
    54.287
    -3.910
  -271.601
    -0.190
  -141.047
    77.410
   -13.349
     4.797
  -222.935
  -349.627
   278.241
    23.098
     4.338
   122.165
    -3.545
   140.404
   312.337
   -19.417
   332.968
   116.818
    17.602
     6.173
   -85.899
    53.867
  -206.698
  -303.322
     9.548
   -84.901
   -33.236
  -104.324
   -76.166
  -104.898
   -77.679
   152.711
   172.360
   -38.815
  -251.234
    62.033
   243.841
  -445.030
    64.216
   188.205
  -126.568
  -117.777
   483.196
  -440.345
  -407.875
   -44.651
   -95.116
   142.151
   135.189
  -224.307
   138.584
  -171.309
   835.011
   552.180
   438.072
    77.100
  -225.305
   334.126
  -839.279
   164.511
    69.643
   -11.535
   -33.241
   131.197
  -204.254
    34.308
    -8.766
  -100.875
    -8.766
  -100.875
   -89.125
    -8.766
   -89.125
    88.847
   103.174
   125.898
   158.359
   218.274
   165.940
   287.267
  -154.283
   -85.441
  -192.966
  -107.556
    54.269
    -3.710
   669.259
   238.887
   183.205
    15.761
   -62.067
   112.101
   -79.265
  -542.610
  -114.219
    32.725
    29.744
    25.401
    22.006
    19.452
    17.572
    16.205
    15.219
    14.509
    14.000
    13.636
    13.375
    13.189
    13.055
    12.960
    12.892
    12.843
    12.809
    12.784
  -380.632
    50.589
  -108.065
    50.870
    53.512
   178.944
    52.126
   482.689
    58.078
  -130.880
   287.615
    26.963
  -298.985
    25.996
   -97.062
    38.098
   578.447
  -159.570
    26.858
   -41.833
   -47.580
    72.159
    12.255
    88.732
    11.006
    13.653
   118.935
    12.703
  -561.169
    48.737
  -110.477
   347.442
    25.679
  -101.268
     4.845
  -178.893
    44.305
  -270.667
   280.761
    20.526
   178.338
    41.506
   252.771
    97.786
   648.947
   954.736
    46.172
   251.131
    14.534
  -376.708
    34.189
  -536.865
    36.232
    32.949
  -671.432
    39.984
    29.578
    38.028
    40.781
     8.654
    36.703
    29.136
    -2.167
  -176.707
     9.687
  -148.989
     6.918
    12.731
   189.574
    12.696
  -299.811
    28.091
    33.933
    34.379
    25.282
    52.265
    23.395
  -177.484
    32.196
  -189.705
    32.392
    29.742
  -195.555
    29.743
   646.216
     8.720
  -213.277
  -120.581
    12.619
  -284.708
   -34.624
  -741.536
   323.098
    61.560
   445.981
    15.305
   214.159
  -303.617
   385.491
    27.209
    14.390
  -229.788
    24.417
   -46.931
  -344.305
    89.586
   -74.103
   108.185
  -145.380
   -30.054
   104.169
   -82.144
  -183.094
    36.638
  -135.225
    45.564
    33.132
    73.351
    40.920
   -70.372
    34.322
   -41.370
    35.803
    30.536
   -26.248
    32.181
  -627.752
   -66.223
   448.279
    82.618
   518.502
    99.759
  -715.618
  -207.472
    45.262
  -261.636
    46.459
    53.354
   607.531
    54.828
   194.596
    24.587
   348.328
    23.843
    18.978
  -358.651
    13.661
    54.567
    41.410
  -111.923
     6.957
    46.922
    65.366
    50.053
  -309.442
    28.507
  -537.304
    24.245
    27.788
  -790.832
    24.383
  -114.219
    32.725
  -114.219
    32.725
    29.744
  -114.219
    29.744
  -278.951
    32.709
  -433.242
    32.864
    31.181
  -574.136
    34.266
   195.652
    21.299
   224.619
    11.537
    20.091
   135.069
    13.770
   -14.059
    42.459
   241.042
    54.276
    35.335
   788.462
    46.876
  -157.827
   -92.774
    -3.675
   -14.941
   -99.855
  -191.086
  -247.046
  -258.722
  -234.337
  -186.802
  -127.773
   -65.801
    -6.340
    47.605
    94.732
   134.820
   168.269
   195.781
   218.174
   236.260
   132.949
   -22.853
   169.478
    94.852
  -117.285
   274.986
  -104.119
  -630.085
  -241.890
  -241.523
   216.742
  -110.920
  -331.343
   173.441
   278.023
   114.950
   203.358
    44.079
   -88.451
   227.247
  -323.230
   214.869
   223.785
   192.613
   118.422
  -231.371
   140.660
  -640.156
  -125.732
  -158.824
   106.262
  -190.866
   430.194
   470.020
  -288.775
  -289.140
  -206.471
   269.748
   329.569
   269.940
   -15.408
  -311.937
  -163.115
   -96.112
     3.479
   270.247
    82.860
  -206.556
     1.039
  -650.599
  -582.127
   241.190
   307.547
   214.476
   586.151
   623.872
   -45.704
   153.463
    37.059
   310.157
   579.796
  -626.607
   563.155
    -7.802
   -13.704
   -22.566
   -24.779
     1.492
   -34.575
   -37.377
   220.304
   -84.840
   269.988
   205.268
  -392.686
    58.978
    -6.194
  -363.125
  -530.160
    23.581
    30.819
  -506.290
    32.471
    66.877
  -332.283
  -117.386
  -267.533
   -49.352
   271.505
  -130.882
   205.044
   158.416
   -98.416
    50.046
  -163.460
  -342.431
   156.518
   362.927
    96.494
   -35.972
    53.979
    43.510
  -230.701
    68.767
   187.299
   218.455
  -127.490
   147.025
    19.116
  -222.889
   283.385
    11.861
    51.038
  -127.426
   121.880
   -51.463
   -82.823
   106.419
   -49.533
  -117.118
  -160.045
   -27.425
   -86.592
   115.404
    12.167
   453.204
    94.669
    32.614
   330.810
   178.006
   -14.682
   541.043
    47.416
   -13.196
  -224.216
   392.409
   356.188
  -212.155
   422.181
  -173.629
  -397.828
  -208.467
  -170.984
  -558.325
   618.927
   587.490
    22.445
   196.159
   357.225
   193.420
    -1.809
   189.512
   196.229
  -392.833
  -120.092
  -264.718
   175.002
  -220.338
   169.904
   873.124
   -80.167
   129.094
    54.181
   316.801
   240.256
  -129.029
   504.744
     3.913
  -157.827
   -92.774
  -157.827
   -92.774
    -3.675
  -157.827
    -3.675
  -314.140
  -238.112
  -159.668
   -64.016
  -308.438
   176.042
    73.892
    43.907
  -155.206
   -12.090
  -305.724
   118.938
   214.092
  -156.737
  -144.154
  -244.774
   -57.326
  -278.282
  -142.957
   294.061
   -24.324
   -33.264
   -16.369
   -14.696
   -14.668
   -14.668
   -14.668
   -14.668
   -14.668
   -14.668
   -14.668
   -14.668
   -14.668
   -14.668
   -14.668
   -14.668
   -14.668
   -14.668
   -14.668
   -14.668
   -14.668
    14.537
    -7.703
   169.778
     1.332
    -7.182
   412.780
     4.505
  -188.478
     2.788
  -147.125
    10.474
     4.666
  -121.912
    13.783
  -100.520
   -11.328
   521.814
   -70.501
     3.435
   323.471
    -2.637
   168.595
   -32.032
   208.999
   -31.992
   -34.726
   266.367
   -35.217
   325.730
   -36.930
   -14.766
  -351.267
   -24.208
   517.882
  -167.495
  -159.292
   -22.373
   198.318
    42.060
   -23.420
   448.829
    76.602
   163.998
    10.940
    11.855
   -32.999
    14.580
   -61.469
    71.025
   -22.979
     8.023
  -391.633
   -24.271
    14.507
  -748.662
   116.035
    64.201
    13.909
   357.695
    60.584
    14.677
   807.326
    95.543
   -20.298
   -10.308
   -66.261
    -7.532
    -6.952
  -523.625
     4.520
   -36.420
   -13.193
   -31.286
   -39.747
    -1.948
   -33.923
   -36.927
   301.363
    -4.422
   291.096
     1.836
    -7.130
   244.990
     4.493
  -120.276
     9.056
   -14.839
    11.254
    11.619
     4.346
    14.504
    52.663
     9.925
    54.219
    12.920
    11.553
    79.391
    14.466
    -0.009
    -2.707
   -80.437
    -0.030
    -1.456
  -334.140
    10.553
   256.464
   463.029
  -261.641
  -213.556
   -22.539
  -192.741
    50.670
   126.705
   -23.335
    66.151
  -118.436
   -16.636
   490.076
   -36.703
  -116.716
   -36.437
  -113.876
   -36.303
   -35.317
  -115.358
   -35.249
     3.083
    -6.583
   -52.379
     0.291
    -4.476
  -161.580
     8.279
   -15.044
   -19.458
     7.469
   -22.200
   -17.995
    34.999
   -23.677
   -19.382
    11.520
  -304.980
    -1.744
    14.458
   423.854
    13.599
   259.178
   -38.402
   788.204
    26.768
   -35.515
   163.104
   -97.699
   -60.683
    11.683
   -89.393
     9.701
    14.472
   -99.317
    14.398
  -261.765
   -16.563
  -577.568
   -29.337
   -10.701
   -33.732
     1.134
    53.821
   -12.556
   140.240
    -8.792
   -12.136
   235.307
    -7.054
   -33.264
   -16.369
   -33.264
   -16.369
   -14.696
   -33.264
   -14.696
    14.920
   -14.305
    83.215
   -12.214
   -13.332
   169.316
   -10.587
   -52.128
   -26.955
   -24.707
   -34.404
   -25.072
    98.179
   -33.283
   -34.637
   -22.770
    -0.760
   -27.429
   -21.314
    73.633
   -29.709
    -9.902
   -46.582
   -90.515
  -119.341
  -121.950
   -99.144
   -58.908
   -11.422
    34.160
    71.133
    95.454
   105.366
   100.797
    82.789
    53.017
    13.445
   -33.912
   -87.136
  -144.486
  -204.440
  -222.229
  -224.414
    25.294
    22.206
   -67.508
    22.797
    16.055
    60.312
   129.111
  -124.195
   -51.603
   229.583
   -87.804
   263.302
    33.381
   -18.555
   -38.006
   -38.090
  -132.845
   -81.853
   -60.929
  -140.162
  -121.053
   -12.921
   106.486
   -82.809
    37.379
   851.078
  -121.037
   -81.673
    -9.317
    -6.470
    24.968
     8.552
   130.153
    25.697
    51.712
   118.866
   280.618
   187.632
  -114.502
    10.548
   185.249
   106.574
    58.818
     4.366
   -69.912
   127.594
   -61.192
    18.374
    12.752
   107.006
    15.406
   175.860
   -75.586
  -348.966
  -117.997
   -66.041
   -11.077
    93.599
   149.796
    81.844
   664.325
    40.148
   100.848
  -156.487
  -303.534
   310.878
     5.151
  -493.550
  -191.821
  -281.650
   196.180
    75.341
  -371.678
   334.633
   272.963
    10.739
    10.679
   -17.684
   -18.714
     6.751
   -27.021
   -33.382
   -14.537
    68.781
   -81.170
   -60.403
   143.623
  -102.142
   -36.042
  -112.836
  -122.746
    23.188
    33.460
  -135.378
    24.858
    42.578
   124.828
   -64.432
    92.215
    45.431
  -209.107
   104.322
   138.038
   -29.040
    70.541
   -16.985
  -174.997
   143.106
  -120.825
  -416.942
   163.549
    66.173
   114.218
    57.362
  -202.987
    54.520
  -204.042
    53.831
    82.719
   -17.492
   -87.488
    91.778
    51.475
  -222.714
    -1.966
    10.330
   -44.716
   -11.005
    91.848
   -63.199
    79.961
   -94.432
  -225.484
   -29.759
   -77.588
  -315.518
    18.611
   100.637
    61.529
    72.653
    44.989
   104.546
    48.323
   -34.143
    83.136
   -70.215
   -38.010
     4.932
   135.304
    -5.440
    58.626
   100.063
     5.445
    73.434
   -58.392
  -192.977
   212.890
   136.883
    43.681
   -88.962
    34.094
   -87.334
  -141.198
   163.475
     3.996
  -126.592
   109.173
    52.767
   -81.629
  -258.499
    59.662
   -13.907
  -615.973
   249.521
   142.837
   118.676
   -30.013
    -9.534
   -49.359
  -645.508
    -9.902
   -46.582
    -9.902
   -46.582
   -90.515
    -9.902
   -90.515
   -73.089
    23.295
   -96.961
    21.817
    40.272
   -40.824
    48.974
   -15.890
   -11.264
  -140.645
  -174.582
    54.794
  -126.937
  -112.468
    58.782
   151.909
  -106.171
    -3.743
   240.692
    -8.041
   121.074
     9.767
   -66.106
   -70.097
    22.099
   119.552
   151.740
   118.291
    54.209
    -8.034
   -51.874
   -73.941
   -77.616
   -68.326
   -51.176
   -30.124
    -7.908
    13.745
    33.851
    51.931
    67.831
   239.927
   -37.691
  -133.356
   -22.686
  -541.528
  -298.175
   147.373
     8.406
   180.365
    39.925
    47.858
   236.762
    37.823
    51.182
  -107.992
    -0.351
    -2.114
   226.495
  -109.966
   -55.323
   -89.674
    22.933
  -231.392
   -61.537
  -104.415
  -136.413
  -136.270
   263.773
   -95.463
   -12.298
  -137.225
   107.870
     6.283
  -610.106
  -147.140
  -178.063
  -152.220
    71.497
   156.355
  -329.486
    73.016
   -25.257
   132.296
   346.579
  -273.324
  -189.837
   136.781
    47.910
  -282.060
   259.824
     1.650
   -19.341
  -434.851
   455.094
  -241.643
  -259.343
   125.123
   222.021
   153.407
  -147.081
  -437.451
   158.770
  -428.782
   -72.075
   177.491
     6.420
   510.459
  -374.738
  -217.986
   810.615
    55.519
   267.252
   109.518
  -167.112
  -113.491
   488.364
  -232.606
   -14.999
  -198.393
   254.936
    24.602
  -316.084
    87.283
  -309.454
   -10.948
   -38.440
   -24.541
   -38.464
   -73.116
   -23.273
   -48.730
  -199.953
  -117.499
    15.551
   174.279
    -0.528
   129.965
   -41.012
  -108.456
  -186.767
   -10.769
   -19.820
  -292.209
     0.436
    -7.062
   230.475
   -90.802
    -3.363
  -140.685
  -367.418
   -40.995
   -76.980
  -123.919
    82.961
   423.919
   338.745
   385.084
    12.268
  -447.730
   123.116
  -289.645
    41.996
  -254.926
    27.837
   169.362
   197.951
   -18.697
    21.144
    96.833
  -118.748
   211.275
   396.761
  -311.767
    51.747
   164.479
   -21.567
   141.267
  -100.321
   -41.590
   -66.804
   374.917
   294.761
   110.329
    73.652
   264.952
  -395.912
  -193.478
   -39.851
   -25.505
   -46.416
    62.459
    87.752
     7.149
   529.004
   -69.642
    73.753
  -502.426
  -664.392
   335.713
   161.770
   515.959
  -146.620
   -80.972
   375.101
   414.814
  -340.675
  -297.116
  -241.423
  -267.022
    32.865
    65.704
    16.101
   383.156
   112.912
  -302.624
   204.133
   147.396
   120.860
  -228.088
  -169.033
   137.883
   -54.548
    -8.820
  -220.308
   -12.150
  -385.274
  -126.416
    52.808
  -296.908
     9.767
   -66.106
     9.767
   -66.106
   -70.097
     9.767
   -70.097
  -182.821
   -64.986
  -166.616
    51.728
   159.793
   -26.543
   660.864
   102.766
   255.541
    27.934
   139.962
   188.891
  -236.649
  -277.466
  -167.161
   -60.858
   -87.976
   135.562
   -68.991
   201.243
   287.627
    20.312
    14.091
    10.831
     8.240
     6.322
     4.932
     3.932
     3.217
     2.706
     2.341
     2.080
     1.894
     1.761
     1.666
     1.598
     1.549
     1.515
     1.490
     1.472
     1.460
   -38.508
    26.003
    -1.722
    14.187
    27.177
    -0.280
    16.013
   -11.251
    15.920
   -16.100
    19.000
    12.542
   132.774
    16.956
   -53.090
    -2.101
    47.421
    39.115
    -1.035
    44.488
    37.777
    -0.695
    16.755
   -34.849
    19.244
    13.391
   -93.078
    19.103
     1.109
    26.435
   -35.023
    26.097
    26.466
   -52.493
    26.402
   -17.464
     1.934
   -16.347
     1.308
     1.867
   -28.561
     1.428
   287.323
    14.876
   218.522
     9.339
    13.705
    89.049
     6.527
  -182.293
    10.181
  -298.205
     1.646
    14.605
  -463.746
     6.452
   183.157
    19.145
  -116.334
    -4.674
    15.329
  -143.002
    18.729
  -477.142
     0.076
  -536.974
    -5.170
     1.651
  -133.117
     1.504
  -243.876
     1.183
   -28.600
     4.401
     1.623
    30.545
     1.875
  -449.271
     0.075
  -393.883
    -5.046
     1.632
    73.945
     1.625
   -47.695
    13.819
   -77.460
    13.734
    10.932
  -140.771
    11.252
    22.745
    11.720
    11.661
    29.713
     8.694
     3.676
    24.493
   -47.139
    21.909
     5.943
    25.981
    19.102
    47.525
    26.499
   -85.494
     5.719
     9.007
     3.080
     4.628
    26.777
     1.847
     7.261
    11.428
   -23.210
     9.140
     8.658
   -44.939
     5.646
   -48.025
    26.414
  -120.064
    24.866
    26.807
  -196.828
    26.471
  -349.019
    34.518
   -32.541
   290.346
    19.448
   -53.630
   356.664
   -28.508
    12.871
  -262.320
    10.221
    10.016
   -48.397
     8.692
   -57.142
    17.890
  -164.783
  -277.573
    20.607
  -176.942
  -160.857
    45.650
    10.626
    50.004
     8.208
     7.840
    39.469
     4.698
    15.704
    14.145
    10.344
    14.197
    10.893
     4.786
    11.018
  -334.775
     2.723
  -418.758
   -27.249
     6.429
  -292.168
     2.385
  -724.361
    17.801
  -184.283
     2.874
    27.128
   103.259
    54.138
    -7.739
    11.088
    62.408
     9.491
     8.377
    59.919
     6.195
    83.374
    12.825
   254.218
    12.804
     9.701
   636.064
     9.024
    -5.332
    13.918
   -28.839
    13.791
    10.818
   -47.501
    10.816
    20.312
    14.091
    20.312
    14.091
    10.831
    20.312
    10.831
   -12.875
    13.264
   -28.013
    12.561
    10.308
   -32.492
     9.373
   170.722
    13.631
   214.574
    14.505
     9.770
   -86.129
     8.790
    30.391
    14.434
    41.473
    14.757
    11.032
    82.130
    11.640
  -141.851
    -7.940
   -52.724
    24.031
    92.828
   118.707
   117.847
   106.095
    91.777
    78.394
    67.097
    58.032
    50.957
    45.522
    41.385
    38.250
    35.880
    34.086
    32.728
    31.696
  -387.853
     6.783
  -119.700
   322.174
  -172.290
   411.993
    40.799
   216.424
   304.029
     6.602
    15.481
   226.084
     5.715
    14.053
  -382.197
  -132.667
   210.255
   127.522
    62.510
   314.615
  -318.022
    29.550
    55.818
    54.094
    52.690
    58.925
    53.366
    51.967
   -99.505
   236.725
  -201.433
   278.360
   144.720
  -227.922
   193.187
    68.324
  -226.850
   228.248
   -86.627
   240.448
   -13.976
   186.717
    51.584
   160.822
   -73.071
   229.685
  -193.318
    27.161
   -38.976
  -453.430
  -386.630
   -15.779
   217.713
   -89.259
   251.246
   344.886
  -224.998
   320.740
   -14.241
    -9.842
   203.844
    22.003
  -193.871
   214.552
    92.669
   -21.652
   164.238
  -107.050
  -349.938
    18.124
   302.248
    38.949
   514.096
   123.662
  -188.179
   424.337
   -37.818
   233.154
    21.473
   169.134
  -164.194
  -126.861
     0.445
  -590.076
  -177.384
   -77.454
  -311.301
  -195.947
   -78.048
   -84.786
   498.233
  -509.087
  -213.592
    -4.664
  -222.762
  -128.421
   444.234
  -326.289
    79.901
    19.594
    66.580
    32.233
   -79.640
    57.896
   -40.495
  -115.063
    56.694
  -190.374
   279.631
  -195.394
  -382.250
   125.310
     1.662
   -85.495
    22.960
    18.463
  -149.422
    18.996
    18.017
    84.334
   178.313
    25.386
   263.207
   108.175
    24.433
   256.599
   726.986
   -10.252
   232.024
    44.171
  -239.200
  -514.010
   -14.673
  -303.475
   -90.073
   150.029
   262.487
  -101.661
   308.810
  -209.285
    55.140
    76.206
   171.702
   257.713
   -18.903
    99.202
  -199.566
   101.396
   107.938
   -84.726
   -59.534
   -56.950
   -91.778
  -124.850
    73.904
   119.431
    62.459
    44.073
    -6.911
  -103.436
   -96.706
    55.268
    44.257
   160.477
    45.314
   -87.073
   186.640
  -188.095
    31.505
  -220.265
   203.610
  -166.306
  -133.567
   690.709
   170.895
    85.586
    28.229
   211.352
    45.219
  -387.156
   671.040
  -322.056
  -459.475
   201.406
   -29.381
   463.273
     0.946
  -117.556
  -265.873
    92.205
   236.829
  -457.390
   116.917
   -78.686
  -445.820
   388.058
   -51.690
    29.714
   -58.580
    24.409
    19.536
  -144.254
    86.162
  -141.851
    -7.940
  -141.851
    -7.940
   -52.724
  -141.851
   -52.724
   -44.984
    85.228
    21.208
    91.732
   -17.590
   -14.883
  -168.539
   475.762
    80.435
   427.616
     4.709
    -2.306
   -17.399
  -555.494
  -151.533
  -130.203
   -12.496
  -200.064
  -103.714
   391.527
  -157.279
   -42.321
     4.936
    93.019
   176.873
   243.304
   285.832
   302.956
   296.589
   270.389
   228.565
   175.197
   113.893
    47.684
   -20.989
   -90.216
  -158.544
  -224.908
  -288.552
  -348.969
  -405.847
   179.851
    91.538
   320.800
   422.639
   -63.880
  -189.250
  -184.817
  -150.598
   -37.780
  -157.659
    24.540
   150.961
    -6.278
   616.463
    36.746
    -2.441
    -8.256
    -1.110
  -111.289
    -8.673
     1.659
  -180.264
  -297.489
  -103.619
  -158.466
  -308.989
   251.189
   671.936
  -188.603
  -100.448
    39.531
    45.594
   111.606
    37.190
    50.377
  -266.662
  -108.019
  -289.862
   -91.560
    89.168
  -332.614
   140.069
  -169.480
  -278.906
     1.025
  -127.475
  -293.603
   387.417
   242.446
    36.825
   290.909
    30.816
    23.217
   710.552
  -537.699
  -824.294
    -0.148
    56.325
   126.949
    13.431
   184.935
    96.907
  -253.436
   146.539
   -49.228
   226.489
    40.504
  -446.364
   451.213
    83.351
   -23.158
   -24.609
   -25.309
    13.907
  -108.444
   109.835
    80.378
  -681.042
  -397.875
  -321.451
  -323.138
  -176.505
     2.553
   144.753
  -453.258
    54.973
  -123.103
   153.889
   406.398
    37.322
   477.751
   -85.270
   249.583
  -122.399
  -123.832
   540.368
   196.841
   116.553
   175.267
   100.865
   346.858
    72.338
   -66.661
    93.397
  -827.808
    29.074
    49.903
    11.454
    40.772
    64.115
    -0.469
    42.279
  -386.941
  -198.777
   -10.544
   103.319
   -66.028
   342.901
   430.489
  -154.923
    38.160
    16.318
    24.595
   211.584
    23.405
    26.907
   116.709
   158.896
  -381.699
  -311.710
   215.390
  -607.846
  -283.853
   354.286
   298.857
   321.920
   267.306
   156.971
   -73.253
  -382.704
  -417.492
   -70.246
  -112.072
    21.778
   378.467
  -104.200
    -1.844
   109.864
   110.241
  -155.869
  -292.726
     2.317
   114.610
   -21.850
   174.347
   143.328
    71.151
    11.987
    39.189
    51.007
  -121.817
   234.466
    69.100
   158.044
    28.848
    44.500
   -48.337
   -81.680
  -111.076
     8.817
  -162.679
    44.195
   178.361
  -180.148
   458.238
   -11.871
   179.490
   -68.990
    16.032
   391.375
   105.633
   181.409
    38.525
  -255.736
   594.116
   651.544
  -588.805
   255.198
   150.266
   187.738
    40.739
   163.968
   169.430
  -180.917
     9.028
    25.645
  -388.841
  -363.904
  -378.987
  -191.802
    -9.223
   -72.809
   585.040
   205.399
   164.229
   220.420
   221.391
   134.089
   189.864
   110.521
   -42.321
     4.936
   -42.321
     4.936
    93.019
   -42.321
    93.019
   -75.897
  -172.691
    81.901
  -218.459
  -236.648
   370.736
  -638.136
  -321.245
  -341.455
  -133.235
   -41.714
  -214.818
   -21.758
   278.467
   -63.420
  -282.353
   168.794
  -154.406
  -382.567
   646.409
   -43.069
   -46.425
   -13.259
   -52.399
    90.760
   -82.792
    44.474
     5.745
   -54.836
    95.241
  -123.314
   137.870
  -139.177
   128.319
  -106.800
    76.309
   -38.571
    -4.745
    52.087
  -102.059
   153.438
  -133.067
  -103.471
   -54.691
   142.283
   146.476
   -27.135
  -140.019
  -213.970
     4.323
  -137.075
   -17.773
    55.088
   -18.361
    70.387
    22.527
   -19.998
   100.634
   -32.944
   -99.512
   173.530
  -180.963
   -79.552
   -16.660
    26.455
  -144.703
   -21.579
     1.007
   129.781
  -125.262
    90.301
  -143.583
    99.822
  -144.325
   -39.179
    69.796
  -159.002
   -60.420
  -101.053
    22.883
   123.663
   -32.391
    47.861
   -77.551
    54.281
   155.714
   -89.977
  -162.710
   454.316
    37.816
    47.719
  -166.714
   -19.156
     8.580
   -28.018
    95.915
  -279.197
   -35.869
    20.167
   105.979
  -107.939
   -86.970
   -30.418
   -84.810
   -36.576
   116.773
  -198.081
   189.235
   -56.381
    25.397
   306.022
   118.316
   -91.997
    29.993
  -140.791
   -74.310
  -235.454
    -8.823
  -182.943
    49.047
   134.583
  -140.243
    39.146
   -23.637
  -251.496
    78.802
  -133.478
    14.280
   107.261
   177.681
   192.825
    48.470
  -145.726
    37.051
   -66.069
    78.075
    34.337
    15.521
   -41.798
    56.579
    33.878
     4.619
   166.656
  -106.842
   215.574
    90.678
    36.022
  -157.258
   -74.934
    37.688
   106.475
     1.918
  -289.374
   -53.678
    55.293
   -59.821
    60.144
   -56.900
   -59.774
   -60.155
   -99.107
  -137.165
  -188.996
     1.216
    16.150
   137.523
     0.692
   231.465
  -308.800
   129.273
  -220.727
   155.995
    -7.823
  -439.571
   -25.908
   -70.921
  -199.672
    56.970
    60.848
  -323.103
   -80.698
  -136.580
    10.856
    83.939
   -68.139
  -111.655
    22.140
   -29.975
    76.624
    54.102
    69.014
    38.668
  -166.192
    98.353
  -104.282
   319.335
   -66.797
    20.440
   117.413
  -161.528
  -125.089
  -244.634
   142.350
  -230.270
   -19.308
   -49.558
   -26.118
   -21.435
  -218.229
    76.130
   -62.045
   155.979
   -29.899
   -35.368
   178.815
  -283.378
   -10.117
   -74.865
    52.738
  -158.337
    33.317
   144.710
   257.833
  -143.762
   -75.576
  -394.798
     4.771
   119.661
  -246.508
   282.714
   -70.452
     6.540
    23.384
    88.555
   162.047
   -88.122
   -77.804
  -191.685
   -58.880
   181.694
    18.509
   109.293
   209.977
  -340.979
   164.443
  -101.702
     1.422
   -58.999
    39.707
  -163.550
   129.282
   -96.190
    26.022
  -110.289
    49.434
   -89.132
  -106.983
  -156.627
   -46.425
   -13.259
   -46.425
   -13.259
   -52.399
   -46.425
   -52.399
   -33.331
   -60.402
    -4.295
  -113.178
    -5.437
    34.966
    86.970
  -192.345
    26.076
  -162.737
   -99.711
    71.565
  -264.334
   349.549
   204.778
  -113.365
   182.441
    58.470
   -18.821
   -24.418
  -582.061
    32.293
   -32.963
    25.224
    -4.654
   -10.610
    19.787
   -24.883
    27.612
   -29.049
    29.804
   -30.201
    30.411
   -30.524
    30.585
   -30.619
    30.638
   -30.648
    30.654
   -30.658
    30.660
    13.465
   -29.383
    71.169
   -33.804
     9.976
   160.810
     1.372
   -88.399
    12.687
   -56.384
   346.143
    16.407
   -27.326
  -242.547
    17.435
    -5.374
    95.713
    -8.156
    -6.277
   129.182
   -27.883
    34.277
   -44.440
    64.300
   -56.218
    42.815
   101.596
    45.904
   378.246
  -125.404
    60.288
   -60.028
    29.912
     3.132
   -33.777
   -13.320
    -6.411
    28.724
    -1.733
    27.400
   -18.658
   -30.374
   176.678
  -139.617
   -22.650
   -72.847
   113.202
   -29.798
    32.892
   -56.207
    25.781
   -40.958
    31.939
    -3.967
    71.040
    -1.431
   -14.154
   -39.213
  -143.054
    34.720
    26.643
    -6.846
    12.163
   -67.036
    24.918
   -84.022
    23.595
    -6.430
    68.207
   119.213
   209.381
   -72.127
   112.023
   -38.831
    19.476
  -203.235
   -28.144
   -35.459
    25.276
   -31.904
    38.381
    -1.885
    61.322
    77.582
  -130.163
   125.902
    48.871
    67.324
    19.605
   173.335
    71.683
   120.332
   -32.554
   -80.518
    60.304
    -2.484
   -75.070
   -37.940
   166.094
   -51.824
   -92.636
    90.673
     5.745
  -101.043
   -88.932
    21.334
    10.411
   -71.748
    53.611
   -18.438
   -60.343
   -29.901
  -213.389
   104.844
   -89.966
    67.966
   -38.256
   298.021
    39.529
   115.416
  -108.653
   -70.332
   -82.493
    28.639
   -56.504
   -16.653
   143.952
  -144.961
  -108.437
    -8.400
    47.154
    21.836
    39.391
  -112.344
    44.850
   -24.436
    67.626
     6.516
    10.116
    -3.413
   -16.778
   -14.276
   -95.864
    22.687
    20.100
  -137.164
     2.535
  -496.464
   228.672
   -79.543
    33.234
  -102.759
   424.008
    95.693
    55.437
   -30.746
    -7.286
    -8.921
    30.612
  -120.234
   -70.424
   -19.229
    33.921
    77.840
   -71.487
   -10.877
   -67.120
   -59.172
    48.118
   -44.033
   -31.559
    31.913
    40.139
   -31.734
   -32.607
   -53.256
    22.370
   -33.906
    17.965
    -1.905
   -41.824
    -5.544
   -42.439
     5.699
   -99.668
    36.803
    12.569
  -133.445
    -3.953
    98.949
     6.123
    59.414
    52.640
   -39.295
   245.687
   120.816
   219.502
  -137.254
   100.125
   -92.221
    61.129
  -196.906
  -171.062
  -120.764
    26.680
   122.542
  -133.806
     2.092
    -6.218
    68.514
   -90.867
    64.291
   -52.636
   -45.475
   -31.251
  -131.851
   127.708
     1.764
   -20.720
    61.247
   -52.693
    13.920
   162.872
    32.523
    32.293
   -32.963
    32.293
   -32.963
    25.224
    32.293
    25.224
   -20.847
    -7.622
   -20.786
    -8.534
     8.001
     7.929
     0.044
     2.523
    12.493
    89.304
     1.516
    27.782
   -27.902
    17.943
    -3.828
   -13.080
    17.178
   -13.908
    19.698
    93.475
    23.233
   -51.887
   -99.539
   -28.375
   141.908
  -208.742
   235.325
  -229.854
   199.499
  -153.299
   102.172
   -55.103
    16.487
    13.116
   -34.984
    50.833
   -62.215
    70.354
   -76.164
    80.309
   -83.266
   323.741
  -255.315
   347.139
  -120.857
   -13.837
   -27.587
  -749.120
     4.425
  -109.076
    50.556
  -106.650
    54.615
   -57.229
   -24.982
    56.719
  -128.065
   -15.138
  -209.705
    -8.124
   -26.836
    18.533
   -40.310
   -69.796
    59.767
   -68.037
  -136.176
   231.576
  -244.507
   -53.398
  -105.828
   -30.569
  -114.236
    21.509
   -11.157
    77.585
   168.160
   -60.637
     5.429
   350.201
  -228.716
     3.441
   460.639
   276.355
  -321.818
    53.089
   -17.166
   222.263
    23.245
   -88.205
  -250.935
     5.170
  -426.297
   899.382
   143.296
   -27.531
   807.306
   -85.026
    17.475
    -0.382
    49.870
  -203.701
   102.475
  -440.091
  -138.221
    18.745
    16.748
  -272.631
   -33.165
  -194.749
   166.986
  -137.534
  -229.741
     9.641
  -154.248
   114.879
  -223.268
  -484.380
  -123.497
    -6.363
    88.276
  -295.982
   -51.954
  -237.747
    11.747
   162.255
    37.681
   134.938
    34.242
  -141.986
    24.944
  -138.708
   150.317
  -106.153
   223.529
    77.129
     7.508
   -82.932
  -494.992
  -128.287
  -405.735
   -64.602
  -300.904
   207.874
  -451.848
   -62.074
  -362.335
  -210.641
  -235.234
  -107.322
   123.879
  -134.607
    64.954
  -116.080
  -128.945
    61.371
  -234.689
  -177.333
  -329.624
    10.198
  -175.020
   -25.944
  -195.979
     4.018
  -118.981
   326.306
   294.361
   -52.065
    22.958
    47.950
   -76.230
   -20.726
    40.907
    81.665
   -55.650
   -86.683
   160.148
  -184.217
   -19.507
    58.078
  -245.824
   -92.468
  -345.885
  -306.403
  -254.652
   314.916
   -93.885
  -138.174
   146.339
  -401.438
   -73.658
  -192.006
   314.696
  -449.390
  -288.376
   -12.995
   -29.847
  -229.477
   308.204
   -78.397
   154.204
    21.650
  -110.615
  -266.129
  -655.870
   390.678
   364.002
   125.444
   359.799
   -82.461
   134.785
   149.667
  -192.917
  -251.917
   132.674
   216.887
    87.048
    84.874
   172.475
    -6.924
  -186.199
   170.738
   -84.907
   226.068
  -610.474
  -241.256
  -276.550
   623.714
  -705.906
    73.816
  -100.094
   -47.865
  -151.465
     6.471
   -81.612
  -206.334
  -191.306
   225.064
    73.634
   195.931
   171.051
  -216.077
   312.414
  -115.450
   116.885
    81.066
   -12.080
   129.050
  -303.450
   290.632
    21.443
   -59.281
   -83.461
   -31.358
    69.375
    20.413
   205.968
    55.825
   604.663
  -321.362
  -391.143
   584.778
    -8.915
   327.077
   146.736
  -155.886
   -29.446
  -154.337
   -62.289
   -67.721
   -76.102
   150.899
   -51.887
   -99.539
   -51.887
   -99.539
   -28.375
   -51.887
   -28.375
  -263.097
    81.736
  -192.957
    -4.513
  -172.703
   138.923
   331.887
   186.829
  -134.979
    50.681
    13.726
   -68.078
  -191.100
     4.161
  -133.620
   111.815
   -19.435
    90.693
  -293.223
   296.639
   -51.928
   -25.520
  -147.072
   -69.108
    66.722
   165.238
   209.699
   212.496
   189.913
   154.624
   114.912
    75.651
    39.435
     7.437
   -20.001
   -42.997
   -61.902
   -77.161
   -89.245
   -98.602
  -105.640
   -97.520
   -41.675
   -71.978
   -84.168
   139.374
   -61.681
   -47.471
  -125.060
  -189.010
    -1.302
   -60.811
  -337.170
   352.805
   119.948
    45.132
   252.255
   -88.615
  -184.903
   266.902
   -81.336
  -257.883
    74.845
   149.788
     9.746
     6.671
   152.794
     7.127
     3.395
    -1.872
   -80.425
    70.796
    98.049
    10.132
    75.420
  -119.777
    13.291
    39.890
    40.936
   137.841
  -134.223
    89.436
   -87.970
  -115.445
   -89.057
    -0.780
     9.134
   -80.685
    -0.098
    11.962
   -97.700
   -56.374
   139.972
   211.490
  -313.201
   214.353
   -99.392
    56.235
   243.174
     9.541
  -386.514
  -251.557
    51.739
    14.443
   146.800
    69.462
    62.296
    44.074
  -137.177
   -77.598
  -304.875
    21.595
  -210.040
   355.534
   382.925
    55.061
  -546.332
  -273.645
   -43.776
  -335.164
   266.590
   179.793
   170.708
  -291.144
    99.259
   -26.009
    -1.854
   -50.684
   -61.491
   -67.576
    58.698
    10.655
  -139.587
    35.734
  -288.947
   -55.227
   -39.599
   412.584
   133.173
   119.643
   269.986
  -278.404
   -91.513
  -457.313
   193.618
   153.389
    33.546
    -9.537
   440.776
   168.751
  -803.517
   436.445
   161.665
   -35.490
   175.783
   -52.157
    43.636
  -371.102
    71.275
   -56.717
   285.492
   433.724
    -3.810
  -279.418
    -4.348
  -105.212
  -180.685
   -97.125
   -41.585
   -74.370
   -80.914
   210.050
  -304.019
   154.850
   -26.330
    -9.824
   -38.785
   -20.648
    11.623
   -36.460
    -1.410
   107.789
    97.070
    47.884
    13.537
  -332.175
   193.321
    -4.692
   -90.860
  -289.077
    29.907
    60.061
  -165.143
    18.247
    63.741
     2.231
  -176.011
   -45.243
    36.007
  -131.403
    14.852
   335.858
  -141.761
   -84.096
     7.012
   -19.448
    10.778
   119.414
   -70.305
   -48.915
    47.586
   204.466
   141.246
  -186.876
   -54.477
     0.461
  -246.795
    52.790
    79.912
    15.166
    67.061
    59.701
   -89.307
   138.889
    18.248
    36.585
    -4.683
  -145.993
    25.407
  -150.733
  -144.636
  -268.341
   -48.320
   -74.381
  -191.832
   163.530
   241.716
    17.966
     9.158
    61.245
    40.517
   -53.420
   147.582
    81.492
   197.485
   283.052
   -19.260
    65.985
  -333.667
   268.700
  -356.624
    82.865
   300.772
    79.376
    64.332
  -516.034
   398.922
  -367.958
   301.510
   501.864
   -95.383
  -159.045
   -40.127
   142.411
  -238.020
   110.184
    57.820
    81.453
    27.138
    21.310
  -186.067
  -320.603
   102.853
    51.314
   143.900
   109.865
  -104.935
   182.265
    23.955
     8.825
    -0.848
     8.825
    -0.848
   -90.079
     8.825
   -90.079
    -0.443
    42.663
   -94.373
   -18.436
   -87.074
  -188.533
  -253.797
   -13.151
     0.946
   -39.624
   -64.470
   155.844
   -63.626
    42.574
    14.559
    93.398
   -55.280
    21.975
   308.604
  -130.835
     0.237
    47.796
   -23.335
    -1.746
    -8.206
   -45.179
    -0.959
   -50.632
     5.448
   -46.896
     9.837
   -42.311
    12.554
   -38.736
    14.148
   -36.267
    15.047
   -34.635
    15.532
   -33.573
    15.780
  -441.459
    32.344
   204.341
   -82.260
    10.873
    -7.276
   -34.235
    18.871
    -4.124
   -19.752
     3.975
    -4.235
    19.084
    -4.120
    18.116
   -31.457
    28.227
   -44.246
     2.851
    30.318
     7.102
    -6.423
   -39.729
    48.496
   -49.226
   -12.974
    99.688
    40.115
    -3.851
     3.788
     8.545
     1.855
    16.859
     6.781
    44.407
   -32.160
    35.514
   -11.488
    51.708
   -23.478
     4.683
   -28.780
    31.909
     0.656
    62.534
    -8.806
    23.330
   102.339
    55.664
  -118.263
    -4.071
   -69.252
   -23.982
   -58.271
   -35.557
   -96.721
   -56.861
    14.778
   -44.623
    52.018
     3.538
     2.151
    60.723
   -52.611
   -51.216
    95.429
    -1.174
    41.888
    58.814
    96.866
   -27.580
   -16.375
   -64.512
   -34.118
     6.876
  -113.704
    20.941
    58.086
    26.389
   -84.089
    58.686
   -24.408
  -158.802
   -38.850
   -13.022
  -117.095
    -3.118
   -82.319
    30.047
    24.879
   133.535
   -53.677
    -9.075
     1.324
     4.565
    39.372
    21.120
    56.071
  -113.866
   -12.044
   -33.307
    -7.559
   -52.952
   -11.447
   -23.862
   281.020
    19.996
    33.854
    28.409
    47.614
   -91.831
    -1.131
  -145.447
   -21.471
    -5.388
   -93.740
    59.858
   132.813
   -66.741
  -121.544
   -33.826
    -6.768
  -120.564
    69.571
   145.992
   110.354
  -130.650
    -7.319
   -42.252
   -69.134
    37.523
    37.306
  -119.086
   110.729
   -28.768
    25.271
   -33.171
    46.931
  -169.729
   104.262
   -40.948
    17.160
    27.761
   -22.752
    20.390
    22.601
   -30.601
   -24.010
   -11.987
    56.916
    -9.343
    55.859
   137.021
    91.467
    -2.744
   -16.224
   -72.144
    39.445
    31.921
   -41.732
   114.164
    60.539
     3.982
    57.877
    26.315
    15.200
    52.530
    36.596
   -43.710
    -3.573
   -63.997
     7.937
     5.083
   -58.301
   -17.651
    42.719
   -23.410
    22.619
    -6.098
    15.979
    19.161
     5.377
    47.989
    25.999
  -143.348
   138.991
   -54.775
   -60.811
  -177.399
     4.822
   -42.497
    47.443
     0.224
   -81.368
    47.716
   -34.338
    52.746
    -7.474
    47.692
     5.153
     2.858
    34.170
    -1.879
    -4.009
    14.103
   -23.362
    16.065
     3.900
   -46.788
    -9.769
    18.722
   -34.985
    48.464
    41.715
    61.202
    12.497
  -106.462
   -25.631
  -104.861
    82.467
   -43.479
    71.182
   199.771
    72.248
   -21.224
    48.930
    34.794
    -8.838
    49.777
    50.990
   -26.492
    15.041
    -5.118
   -94.150
    12.880
    -3.341
  -136.280
   -52.603
   -21.819
    -3.525
   -57.170
   -17.683
    18.800
   -88.865
    42.920
    11.127
    12.047
    11.127
    12.047
     9.082
    11.127
     9.082
    -6.456
    22.845
   -43.427
    45.205
    27.664
   -91.478
    46.876
   -40.523
    -7.159
     6.951
    33.798
   -28.193
   -14.939
    29.780
   -16.321
   -21.911
   -80.856
    -4.852
     7.005
  -140.920
    29.043
   -83.546
  -309.608
  -236.383
  -128.700
   -38.832
    20.873
    53.742
    67.477
    69.286
    64.514
    56.679
    47.911
    39.393
    31.709
    25.081
    19.529
    14.968
    11.266
     8.280
     5.873
  -317.103
    47.563
     8.349
  -364.827
  -112.866
   -86.974
   123.098
  -179.374
    59.073
   189.822
    53.941
    88.634
  -101.344
   -44.101
   -67.120
    75.572
   146.183
    -1.889
   188.657
  -202.564
    87.822
   239.519
  -141.975
   396.016
  -137.384
  -240.055
   442.302
  -445.790
   346.319
   293.081
  -130.554
  -152.443
   104.924
   -88.771
  -138.252
    29.815
   -36.748
    20.455
    24.008
  -102.209
    17.294
    26.005
    82.970
  -176.552
   135.496
   -44.982
   -74.635
   -17.825
  -107.491
   -26.947
    52.155
   -36.842
   158.719
   144.613
    10.643
   378.970
   264.584
   304.345
   -34.059
   -35.515
   261.840
   -35.257
   -35.386
   224.306
    14.952
   318.224
   -19.550
  -329.831
   562.789
  -613.152
  -133.775
   -72.297
    28.768
    25.510
   -44.503
    26.758
    22.035
  -260.584
  -267.068
   -82.191
  -151.463
  -179.128
   309.724
  -211.881
   -34.493
  -161.542
  -216.539
  -154.427
    35.312
   -87.577
   402.297
   188.124
  -294.338
   173.194
  -231.571
  -372.080
   138.632
  -148.403
    55.214
    -2.583
    33.492
   -42.323
   -47.474
   105.575
   -51.088
   184.534
   -65.615
   267.850
   368.656
  -246.513
  -137.579
  -315.602
  -518.008
   -57.059
  -152.597
   348.195
   112.207
   -80.350
   284.961
  -212.427
   -25.584
  -370.238
  -535.049
   108.670
   101.092
  -181.562
   -51.683
   272.671
   -41.939
   172.140
   535.427
   -40.166
   429.143
   240.787
   175.464
  -125.343
  -565.567
    54.485
   879.118
    75.561
   263.448
   138.584
   415.532
   113.605
    78.867
   346.485
  -564.373
    48.779
    64.154
    15.953
    30.089
    67.235
     6.625
    23.117
    41.754
  -328.465
   725.260
   118.350
  -515.849
   593.789
  -753.445
  -198.468
  -143.490
    29.400
    30.298
   -66.044
    24.736
    23.938
  -369.896
  -549.807
   169.664
    21.733
  -514.387
   511.777
   367.414
  -184.954
   137.898
  -118.705
    64.956
   407.613
  -166.618
  -123.348
   204.831
   141.841
   -83.762
  -261.786
    94.112
   155.150
   -71.173
    12.658
   -17.985
   113.654
   155.483
   -89.295
    23.209
   154.869
  -204.104
  -147.442
  -135.106
   -28.347
   245.366
  -145.852
   382.352
   -78.418
  -314.864
   117.092
  -135.169
  -298.920
   251.673
  -105.831
    64.006
   -14.976
    54.997
   -69.583
    77.524
     1.803
  -137.077
   -40.364
   108.751
   -23.462
    26.651
   290.574
     2.450
  -130.048
  -453.839
   122.831
  -292.451
   -54.431
   630.451
   -14.073
   400.817
   265.384
    83.810
   193.847
  -120.350
    69.528
     2.478
  -327.848
  -407.547
     2.577
  -231.755
  -178.482
   572.566
   345.187
   127.284
   -84.682
   -47.350
  -160.305
   -73.131
    92.459
   -75.088
   132.300
    13.682
   -28.823
    13.682
   -28.823
    79.182
    13.682
    79.182
  -125.781
     2.172
  -169.860
    91.059
   137.197
  -129.865
   319.433
   124.746
    63.059
   -44.549
  -148.447
   272.675
    30.809
  -131.561
   214.659
   270.668
  -211.455
   157.758
   472.363
  -664.991
   361.497
   -22.460
   -23.335
   -11.640
    -8.206
    -4.674
    -0.959
     2.486
     5.448
     7.886
     9.837
    11.369
    12.554
    13.461
    14.148
    14.664
    15.047
    15.328
    15.532
    15.678
    15.780
   -10.110
   -82.374
    13.181
  -163.214
   -42.250
    42.168
  -155.265
    26.539
    24.508
     6.850
    19.743
    24.684
   -17.795
   -28.862
   111.462
    32.344
  -122.037
   -82.260
    -6.731
   103.549
   -33.777
    34.801
    -4.124
   -31.974
     3.975
    -4.268
    28.895
    -4.120
   -85.260
   -31.457
   -94.384
   -44.246
     3.921
   -73.943
     8.287
   -47.245
   -39.729
   -56.244
   -49.226
   -21.100
   -28.786
   -18.040
    -1.766
     3.788
     8.995
     1.855
    16.447
     6.783
    24.433
     6.736
    35.514
     5.396
    51.708
    31.841
    -2.525
    39.243
   -21.622
     0.656
   -32.828
    -8.806
     7.874
   -45.049
    -5.245
   -60.269
    -4.071
   -58.825
   -23.982
     3.823
   -35.459
   -17.044
    10.192
    14.778
    92.160
    52.018
    12.250
   162.803
    44.609
   -86.738
   -51.216
  -102.572
    -1.174
   -19.908
  -120.126
    24.880
   -55.374
   -16.375
   -76.938
   -34.118
     0.578
   -82.641
   -18.342
  -154.129
    26.389
   -63.354
    58.686
    36.167
   -31.693
    46.608
   260.913
  -117.095
   280.228
   -82.319
   -99.582
   206.129
   -49.343
    -1.572
    -9.075
     3.630
     4.565
     0.748
     8.754
    10.781
    42.331
   -12.044
    18.763
    -7.559
   -28.513
    48.901
     6.141
  -170.129
    19.996
   -50.223
    28.409
    42.963
   -24.723
    16.853
   137.632
   -21.471
   109.979
   -93.740
    -3.064
   182.837
   -66.028
   134.478
   -33.826
   101.470
  -120.564
   -11.761
    88.964
  -131.305
   113.599
    -7.319
    96.866
   -69.134
     6.301
   178.189
   -42.121
   -62.630
   -28.768
   -59.463
   -33.171
    -6.591
   -20.231
     2.350
    91.081
    17.160
   -48.224
   -22.752
     7.198
   -55.583
   -47.103
   -52.325
   -11.987
   -91.279
    -9.343
     4.083
  -131.509
    24.214
    42.895
   -16.224
    41.329
    39.445
   -11.470
   -37.325
    54.789
     2.006
     3.982
    21.192
    26.315
     7.966
    38.358
    37.115
   -36.829
    -3.573
   -16.081
     7.937
     8.486
    -4.276
    14.819
   -97.292
   -23.410
   -44.524
    -6.098
    -4.366
   -26.108
     2.936
  -134.425
    25.999
    18.288
   138.991
     4.705
   138.641
    79.469
    54.503
   -42.497
    69.537
     0.224
   -53.954
    69.464
    -0.519
     9.044
    -7.474
    41.529
     5.153
    -0.926
    67.385
    12.233
     2.196
    14.103
    19.320
    16.065
    13.603
    38.580
     8.470
   -45.007
   -34.985
    15.591
    41.715
   -24.572
    70.435
    64.850
  -130.746
  -104.861
   -29.269
   -43.479
   -58.282
    61.567
     2.133
    61.026
    48.930
   -44.892
    -8.838
    37.486
   -27.792
    32.364
  -133.218
    -5.118
  -124.850
    12.880
    33.185
   -87.534
    63.543
   -11.920
    -3.525
    -7.578
   -17.683
    -1.512
     0.430
   -37.415
   -12.652
    12.047
   -12.652
    12.047
    15.575
   -12.652
    15.575
    18.365
    22.845
    77.977
    45.205
     9.808
   160.967
    13.508
    25.009
    -7.159
    97.003
    33.798
    21.337
    94.315
    59.670
    13.693
   -21.911
    81.845
    -4.852
   -10.508
   159.115
    10.375
# -----------------------------------------------
# 
