# -----------------------------------------------
# 
  2897.238
  -515.739
  -428.212
    33.648
   505.294
   791.423
   838.043
   681.254
   399.025
    75.792
  -218.431
  -436.812
  -556.241
  -573.431
  -499.440
  -354.286
  -162.479
    50.327
   259.633
   443.546
   583.586
  -471.317
  -136.977
  -114.336
    65.911
   322.159
   483.997
   487.833
   360.679
   165.348
   -37.907
  -207.538
  -322.262
  -376.254
  -373.113
  -320.916
  -228.914
  -105.703
    41.592
   207.491
   388.004
  -801.329
 -1089.903
  -643.524
   -53.974
   299.754
   302.171
    35.461
  -321.769
  -594.806
  -680.118
  -564.667
  -305.453
     8.168
   288.388
   469.018
   511.882
   404.318
   152.769
  -224.243
  -702.069
   -97.538
   -97.538
   -97.539
   -97.539
   -97.540
   -97.540
   -97.541
   -97.541
   -97.542
   -97.542
   -97.542
   -97.543
   -97.543
   -97.544
   -97.544
   -97.545
   -97.545
   -97.546
   -97.546
   -97.547
  -143.231
  -143.231
  -465.649
  -465.649
  -143.231
    85.309
    85.309
   994.571
   638.314
   355.124
   315.140
   402.426
   505.289
   558.021
   535.300
   439.419
   288.835
   109.608
   -70.462
  -225.568
  -334.052
  -379.446
  -350.762
  -242.267
   -52.940
   214.255
   553.180
   461.190
  -208.284
   948.883
   776.777
 -1795.943
   884.460
   743.456
   668.909
   202.550
  -246.569
  -483.053
  -696.440
    34.970
    -5.972
   307.725
   -79.564
   352.924
   172.472
  -310.588
  -610.002
  -628.912
  -463.368
  -228.572
    -1.157
   181.503
   306.860
   374.012
   385.521
   343.525
   248.543
    99.631
  -104.959
  -367.075
  -688.111
 -1797.523
 -1454.283
 -1776.074
  -460.278
 -2005.280
  1782.632
  1407.320
   276.475
 -1475.013
   145.239
  1470.433
   -92.305
 -1283.598
  -284.151
 -1264.842
   598.504
 -1007.885
  1966.398
   687.607
   613.847
 -1145.967
  -261.778
  -452.030
    20.740
   109.036
    87.211
    36.761
     4.414
    -8.326
   -20.432
   -45.830
   -85.543
  -130.816
  -168.911
  -187.607
  -177.598
  -133.233
   -52.268
    64.807
   215.558
   396.316
  -261.778
  -452.030
  -261.778
  -452.030
    20.740
  -261.778
    20.740
   612.219
  -279.202
   219.076
 -1986.786
  1289.079
   140.840
   326.858
  -498.202
 -1431.526
   583.260
 -1572.197
   663.057
  1023.468
   859.981
   333.899
  1551.583
  -506.140
   120.362
  2209.045
    33.493
 -1950.714
  -717.767
   -11.130
   285.767
  -337.489
  -593.597
  -311.879
   145.504
   499.016
   645.689
   597.117
   414.573
   169.560
   -75.012
  -271.482
  -387.936
  -406.046
  -318.101
  -124.108
   170.690
   557.771
  -996.948
   916.887
 -1461.806
   827.087
  1330.466
  1769.725
 -1202.853
   886.691
   142.206
   886.691
   142.206
  -178.971
   886.691
  -178.971
 -2170.179
  -176.751
 -2291.418
   871.587
  -302.323
  1335.344
  -835.521
  -783.244
   116.024
  -321.261
   579.910
 -2434.219
  1281.068
   346.970
  -924.589
  -663.773
  -170.618
 -1339.309
  1767.414
  1178.105
   291.851
 -1569.157
   -77.205
   144.569
   496.243
   559.285
   350.799
    70.587
  -148.309
  -263.965
  -286.367
  -244.083
  -166.757
   -78.356
     4.214
    70.313
   114.156
   133.421
   128.109
    99.677
    50.416
  -359.231
    93.169
  -819.893
   449.950
  -764.601
   238.149
   904.770
   398.983
   596.427
   364.385
   484.867
   -12.426
  -539.575
 -1275.483
   115.644
   151.040
   115.644
   151.041
   174.804
   115.644
   174.804
  1021.087
   859.781
   838.751
   793.783
   885.949
 -1696.625
    44.194
  -333.731
   433.294
  -204.207
   474.605
  -551.587
   491.242
  -834.905
  -270.785
 -1969.631
   595.369
 -2779.331
    73.382
   164.647
  2278.354
   364.873
   208.405
  -116.740
  -350.644
  -417.153
  -335.241
  -159.845
    47.028
   230.422
   350.144
   384.996
   334.026
   214.683
    58.063
   -97.784
  -214.938
  -261.460
  -215.024
   -64.094
   192.843
    91.442
   173.953
  -401.532
  -359.451
    50.311
   163.023
   598.332
   197.506
  -209.391
    -9.164
   139.832
  -740.056
  -317.529
  -418.581
   469.630
  -107.679
  -233.274
  -832.500
  -427.556
  -512.927
  -874.288
   364.873
   208.404
   364.872
   208.404
  -116.741
   364.872
  -116.742
  -610.848
  -787.447
  -286.530
   155.425
 -1092.520
   940.699
  2886.685
   -97.573
   337.700
    58.116
   338.851
  1021.690
  -528.499
 -1072.207
   287.789
   489.301
  -382.327
  -328.318
   742.223
  -170.434
  -494.290
  -623.428
  -758.114
  -254.942
   162.909
   377.371
   410.379
   314.453
   145.303
   -47.786
  -226.279
  -363.659
  -444.621
  -463.096
  -419.866
  -320.279
  -172.329
    14.819
   231.871
   470.073
   721.607
  -351.483
   769.427
  -492.493
  -304.349
   404.773
   311.682
  -378.634
  -120.795
    10.535
  -630.408
 -1226.611
   467.139
  -225.702
   813.318
  1668.539
   306.397
  -388.123
 -1792.747
  -296.285
   732.609
   240.682
  1604.306
  2268.498
  -348.296
   727.710
  2300.134
 -2574.745
 -1443.094
   460.503
  -128.216
   460.503
  -128.216
 -1160.038
   460.503
 -1160.038
   314.520
   230.938
   544.829
   721.787
 -1023.527
  1353.784
  -586.513
  -107.482
   239.798
  -232.859
   -90.647
   944.187
 -1241.951
   286.728
  -669.192
  -116.683
   -47.109
   568.330
   615.900
   253.212
   -92.159
   486.065
  -198.240
  -249.534
  -171.535
   -98.048
   -46.926
   -15.009
     2.618
     9.769
     9.478
     4.554
    -2.435
    -9.586
   -15.874
   -20.964
   -24.903
   -27.875
   -30.089
   -31.728
   -32.937
  -809.289
  1014.342
 -1498.684
  -363.163
  1039.884
  -453.649
   525.857
   763.566
 -1085.576
  1631.248
   688.813
  -937.776
  -719.825
  -672.582
 -2945.817
   347.165
  -942.809
  2882.118
   106.136
 -1263.124
  1261.002
     7.113
   904.802
 -1736.275
 -1415.340
  1055.314
  1101.735
  1125.078
   502.626
  -240.363
   396.502
  -449.447
  -365.724
   159.083
  -818.026
   313.783
   -97.574
   313.783
   -97.574
  -145.585
   313.783
  -145.586
    29.976
  -815.993
   658.206
  -455.431
  -915.053
  1486.749
   118.499
  -154.760
   189.758
  -386.074
   582.754
    89.442
 -1092.060
   831.916
   291.337
   244.255
   133.788
   581.694
   106.327
  -737.166
  -173.180
 -1867.545
  1291.250
   200.585
   719.630
   874.876
   733.055
   526.340
   347.801
   214.395
   118.638
    49.095
    -3.611
   -45.885
   -81.690
  -113.303
  -141.941
  -168.199
  -192.341
  -214.465
  -234.606
    98.109
  -531.136
    77.710
  -743.691
  -222.226
   -97.053
 -1250.324
  -230.543
  -780.221
  1472.904
   724.697
   195.834
  -813.605
 -1069.539
     9.690
   -63.217
 -1630.648
  1548.269
  -182.274
  1499.715
 -1465.019
   182.642
  -904.343
  -770.653
  2100.150
 -1774.962
    87.211
  -662.190
  -142.442
   137.504
  -936.347
  1129.281
   708.045
  1295.010
 -1153.619
    67.639
  -660.508
   157.145
  -998.898
    94.461
   444.685
  -544.135
   -38.734
  -462.768
   -38.734
  -462.768
   171.953
   -38.734
   171.953
   530.313
   372.300
   253.825
   741.810
   533.158
  -951.244
   413.448
    52.871
   312.617
  -549.878
  -932.957
  -110.879
  1128.309
   175.406
  -754.159
   905.746
   124.288
   398.154
  -142.207
    63.387
  -252.162
   196.896
   266.532
  -464.360
  -690.489
  -533.335
  -278.911
   -80.727
    24.944
    57.063
    47.846
    24.103
     2.421
    -9.642
   -10.682
    -2.724
    10.759
    26.089
    40.049
    50.163
    54.742
 -1171.612
   734.175
  -655.215
   864.659
   375.397
   401.498
   325.710
  -141.104
  -226.576
  -118.326
  -622.635
   338.004
    37.453
  -248.947
  -429.044
  -728.232
  2391.709
  -662.791
   709.589
  -854.038
  -418.156
 -1079.884
  1397.475
  -171.683
  2008.612
 -1552.301
    59.972
 -1303.836
   338.810
 -1288.951
  1376.435
 -1287.523
   441.310
  -328.797
   661.853
  -860.364
  1254.031
 -2117.431
  -626.414
  1662.434
  2992.420
 -1295.897
  -311.087
 -1790.719
   307.058
 -2782.938
  -761.077
  1794.632
  -306.190
   -16.988
   399.458
   -16.988
   399.458
   952.691
   -16.988
   952.691
  1132.470
    97.996
   713.744
  -859.557
   706.269
  -604.096
   264.332
   881.581
 -1988.764
  1790.688
   226.061
 -1643.198
 -1824.650
  1392.370
 -1055.111
   295.677
 -1255.127
  1288.938
  -892.884
   322.407
   500.015
   599.830
   352.027
   717.940
   216.383
  -160.072
  -260.484
  -199.580
   -86.915
    17.266
    89.904
   128.351
   138.962
   130.788
   112.530
    91.307
    72.326
    58.987
    53.158
    55.512
    65.853
   321.710
  -498.248
  -297.275
   920.695
  -345.272
   -75.811
  -103.983
  -196.109
 -1776.652
  -519.387
 -2169.681
   809.386
   965.519
  1306.140
    91.302
   197.596
   152.966
   242.523
  -143.585
   -54.422
   641.339
  -753.511
   673.156
  -555.992
  -398.984
 -1129.870
  1489.622
   679.867
  -789.070
   875.112
  -846.120
  2162.906
 -1066.689
    -1.678
  -994.762
  -295.260
 -1617.088
    44.188
   808.813
  1219.480
   488.711
  -406.955
   239.580
 -1306.037
  1005.008
  -247.832
  -422.222
  -966.629
   944.468
   713.507
   622.371
   571.484
   786.073
  -533.473
  -613.590
  -768.474
  -291.841
   -28.469
  -291.841
   -28.469
  -663.932
  -291.841
  -663.932
   308.845
   405.002
  -744.896
   540.529
    -2.961
 -1390.160
   867.876
  1500.592
  1272.101
 -1788.118
 -1131.183
  -557.520
   714.159
   875.509
 -1728.436
  -505.159
 -1580.943
   704.303
  -677.723
  1744.922
   197.899
 -1272.687
  -736.195
  -710.345
  -381.526
  -102.259
    65.526
   149.357
   181.110
   182.850
   168.277
   145.648
   119.874
    93.819
    69.088
    46.501
    26.405
     8.857
    -6.253
   -19.122
   -29.987
 -1697.426
  -112.688
  2285.393
  1301.883
  1261.316
  -788.659
 -2958.300
   441.363
    86.107
   740.054
   749.366
 -2028.987
   810.117
 -1097.152
   680.226
  -170.596
   191.641
  -599.386
  -922.278
  1343.978
   675.783
   281.748
   274.379
  -114.796
    41.570
   135.163
  -392.214
     6.264
  2348.636
   650.462
  -801.587
 -1636.962
  -389.341
  -625.328
 -1375.365
 -2032.946
   977.975
 -1633.180
  -580.639
  2181.830
    52.088
  -208.406
 -2608.641
  -292.074
  1483.509
  1389.593
   729.031
  1105.967
 -1584.706
   932.080
   699.991
 -1518.002
  -688.275
  -562.063
   148.362
  1308.273
   988.615
   112.474
   668.654
    31.430
  -932.065
   253.284
  -231.576
   493.284
   178.456
   493.284
   178.456
  -352.299
   493.284
  -352.299
  1646.054
  1156.764
   721.540
   196.272
   336.849
  -579.406
 -1755.508
  2024.645
   662.627
   392.252
 -1196.574
  -132.667
  -121.777
 -1293.171
   619.763
   671.151
   275.674
  -907.261
  1398.304
   534.868
 -1910.973
   534.954
     2.811
   109.976
   108.904
   105.312
   103.486
   102.941
   103.154
   103.756
   104.513
   105.291
   106.019
   106.663
   107.214
   107.675
   108.053
   108.360
   108.608
   108.805
   108.962
  -469.942
   989.693
  -316.523
  -690.964
   123.213
   949.089
  -126.142
 -1084.001
  -214.257
   690.563
  -861.938
   129.125
  -565.721
   -58.120
   904.199
   118.015
   990.615
   122.811
   114.581
   994.355
   114.743
  -200.291
   -37.463
 -1227.696
   -72.470
   108.909
 -1877.078
   107.583
  -703.237
   -70.423
  -874.214
   -73.543
   107.768
  -982.962
   108.489
   500.799
  -158.353
 -2389.667
 -2146.091
    85.386
  3387.500
  -130.841
   244.501
  -490.067
   166.624
  -805.452
   -37.038
  -779.749
  -162.818
 -2399.103
  -268.904
  1055.296
  -213.964
   266.102
   130.181
   283.463
    -2.364
  -319.527
  1184.883
  -267.716
    63.674
   156.996
    50.304
  -651.953
   -70.636
   -49.848
   -52.304
   112.182
  1582.410
   124.273
  -507.433
   -68.477
  -507.433
   -68.477
   107.089
  -507.433
   107.089
    70.883
  -100.733
   987.141
  -128.039
   115.125
  2479.787
   133.998
   620.960
    80.861
  1279.156
   151.836
    95.293
   503.601
   104.491
  1464.928
   -68.058
  1252.960
  -191.089
    88.967
  -140.318
    39.554
 -1615.738
   268.838
   342.972
   327.396
   301.048
   220.836
   114.036
    19.913
   -40.694
   -65.578
   -62.640
   -42.532
   -14.559
    14.796
    41.870
    65.179
    84.627
   100.826
   114.579
   126.552
  -330.239
  -853.633
   455.379
   482.041
  -887.325
   101.261
  -804.550
  -378.939
   405.425
  1472.861
    72.399
  -744.890
 -1117.847
   418.904
   738.935
 -1785.229
    52.481
   816.322
   907.107
 -1798.667
  -757.186
  -565.731
   362.627
    60.811
  -678.708
  1247.323
   231.445
  -806.606
   345.332
  1222.974
  -255.109
   581.304
  -256.835
  -460.791
 -1480.486
  -183.492
 -1220.955
   298.270
 -1539.489
  -376.022
  1474.327
  -356.978
   104.287
   640.726
   569.066
  1394.078
 -1345.768
 -1846.580
   974.342
   697.745
  -891.659
   789.089
 -1332.587
  1346.913
   382.983
    64.971
   -25.232
  1859.823
 -1613.663
   757.316
 -1325.974
   698.404
  -282.124
  -542.309
  -121.415
   104.861
  2513.643
  -249.438
 -1210.018
 -1567.481
   653.697
  -697.225
   910.022
    37.231
 -2050.931
   890.950
   429.732
   116.945
  -350.571
   116.945
  -350.571
   271.737
   116.945
   271.737
  1653.703
   430.013
   324.616
   -77.822
  -539.901
 -1770.599
   843.999
 -1032.792
  -840.800
  1709.012
   427.733
   242.202
  -697.812
  -307.987
   808.414
   751.238
   218.663
   374.382
 -1643.174
  -557.459
    74.542
   127.226
   -79.031
   -53.006
   -26.978
    -3.386
    16.931
    33.813
    47.472
    58.283
    66.668
    73.038
    77.759
    81.152
    83.485
    84.980
    85.820
    86.152
    86.097
    85.751
    85.192
   210.785
   -81.413
   168.382
   -98.160
   -32.322
   122.009
   -55.748
  1048.507
  -251.097
   734.603
  -204.896
  -232.866
  -774.894
  -132.783
   -21.287
    38.847
   -39.528
    21.161
    70.083
   -72.495
    26.396
     3.792
  -374.174
   810.945
  -437.602
  -334.965
  2103.892
  -402.899
   -32.938
   -51.644
   -47.862
   -58.447
   -98.440
   -45.486
  -103.978
    77.749
  -152.130
    76.776
  -207.785
  -136.155
   106.561
  -254.199
   100.488
   -65.897
    92.761
   -52.554
   -38.451
    72.968
    -9.173
   567.890
  -573.922
  3280.038
  -559.232
  -518.817
   361.049
  -515.233
  -144.900
   743.670
  -890.685
   937.363
   640.930
 -2106.351
   898.837
    82.636
   179.959
   -59.642
   238.060
   186.827
  -170.624
   192.545
   324.765
     7.428
   208.990
    60.154
    -6.606
   189.383
    67.029
   107.808
  -108.559
   136.216
  -131.507
   -66.039
   188.970
   -83.502
    97.062
   -79.733
    97.062
   -79.733
   -53.011
    97.062
   -53.011
   120.432
  -114.589
   130.972
  -141.552
   -68.313
   134.460
   -93.098
  -230.902
   -24.144
  -202.211
    18.654
   -70.500
  -134.482
   -67.791
    30.567
  -184.199
  -114.304
  -303.745
  -157.986
  -300.961
  -402.662
  -113.372
   122.832
  -481.379
 -1067.985
 -1043.373
  -505.009
   174.606
   714.522
  1005.374
  1056.156
   928.540
   694.342
   415.389
   137.275
  -110.108
  -309.531
  -452.997
  -538.770
  -569.090
  -548.516
   756.511
   680.439
   -85.029
  -285.241
  -761.596
   114.586
    95.811
   731.992
  1136.341
   -91.358
   552.052
   348.887
 -1096.668
  -565.965
   713.807
  1090.262
  -693.077
 -1625.527
  1074.085
   -10.436
   248.767
   192.517
  -667.491
   126.870
  1322.789
   300.891
 -2368.751
  -179.817
  1865.198
   924.495
   -23.120
  -191.314
   -10.829
  -246.114
   342.805
   412.780
   764.899
     4.405
    57.984
   160.673
   166.574
  -912.103
  -324.380
   -83.377
   167.303
   774.625
 -1642.174
  1417.046
   -75.862
  -208.989
     7.328
  -237.508
  -758.036
  1435.872
  -716.166
    79.916
  1352.814
   353.945
 -1065.501
  -292.427
  -292.676
 -1864.493
  -633.274
  -450.221
    93.074
  -542.489
   471.118
   391.273
 -1412.045
   399.120
   819.657
  -205.646
   582.048
 -1024.851
   530.594
   759.829
  -506.230
  1988.025
  2073.326
 -1872.222
  -968.972
 -2805.376
   418.969
  1957.312
  -850.100
 -1525.952
  -618.646
  -815.066
 -2722.849
   757.965
  1343.680
  -682.000
   152.239
  -682.000
   152.239
   857.097
  -682.000
   857.097
   908.937
   803.597
   159.447
   161.387
   236.185
  -906.285
  -585.938
 -1630.274
  -610.480
   364.035
  1605.117
  -390.550
   521.824
  -581.839
  1400.346
  1463.334
  -197.969
    99.935
   662.458
 -2183.503
  -181.344
  -398.123
  -123.680
   488.402
  -136.952
  -789.061
 -1128.843
 -1201.702
 -1108.815
  -930.024
  -718.233
  -505.958
  -311.806
  -145.280
   -10.141
    93.314
   166.754
   212.854
   234.703
   235.451
   218.111
 -1454.868
 -1554.556
   400.663
  2508.372
  -819.205
  -273.499
  -364.173
   200.373
  1079.134
  -460.496
 -1463.102
    43.982
   213.447
  -476.803
 -1174.926
  -328.918
   492.769
  -253.253
   480.537
  1500.572
   212.790
   153.269
  -570.915
    71.694
 -1996.308
  1154.409
   907.892
   720.148
  -250.187
  -906.423
  -437.360
  1779.815
   458.276
  1033.798
   757.757
  -413.978
    99.556
  1194.224
   670.454
   517.496
   163.986
  -938.260
  1767.934
  1229.848
  -807.520
   144.764
  -418.088
  -345.154
  -788.667
   534.323
  -574.874
   884.911
 -1603.265
  -222.781
  -144.576
    15.081
   266.551
  -324.434
   426.600
  -731.011
   211.497
    59.963
  -579.762
  2104.194
 -3126.415
  -941.775
 -2645.602
  1966.341
  1739.300
 -1173.369
  -232.942
  -182.679
   521.173
 -1378.889
  -410.090
   131.556
   500.168
  -425.269
  -679.995
   405.936
  -108.882
   263.777
  -179.797
   -35.552
 -1937.696
  1671.062
 -1401.014
  2076.526
   204.227
   595.778
  -913.389
   -64.594
   -47.453
  -709.180
 -1160.263
   909.582
 -1798.562
    -4.015
  -398.122
  -123.680
  -398.122
  -123.680
   488.402
  -398.122
   488.402
  1898.625
    21.330
  1163.887
 -1252.596
   756.988
 -1019.778
  -699.711
   814.766
  -137.659
 -2130.916
  1096.368
 -1478.471
  1488.582
 -1436.746
   855.707
  -290.770
   687.596
  -872.531
   227.255
   390.825
  -605.937
  -606.593
   152.048
    -1.919
   745.565
  1069.101
   950.514
   638.747
   304.174
    21.653
  -189.456
  -334.237
  -425.634
  -477.151
  -500.228
  -503.703
  -494.067
  -475.934
  -452.506
  -425.968
  -397.779
  -556.029
 -1393.158
   -67.406
   -80.944
   133.357
   -48.301
   -76.765
   546.663
  -167.353
 -1093.558
 -3396.594
   857.203
 -1108.408
 -1084.526
  1187.634
  -905.844
   282.079
  -263.885
 -2662.202
   278.293
    22.637
 -1940.727
   688.121
  -773.518
  1826.254
   441.016
   -43.937
  1572.015
  1501.058
  2574.968
  -325.331
   737.827
   956.702
 -1813.637
 -1165.194
  1412.418
   879.265
 -2494.347
  -502.256
 -1577.925
  2043.618
   632.908
  1857.569
 -2089.211
  -361.491
   -69.137
  1342.802
   -79.649
   814.462
  -647.254
 -2883.488
   886.584
   299.399
   -89.870
   924.327
  2355.754
  1854.935
   837.541
   996.312
   758.728
 -1150.566
 -1962.094
  -922.123
   289.497
   321.497
   774.484
   447.210
   302.533
   795.913
  1004.914
   396.316
    51.101
  1008.331
  -230.793
 -2304.031
  1066.075
 -1923.756
   605.375
  -640.337
  2370.800
  2091.698
 -3207.023
 -2532.288
  -942.154
  1022.703
   459.703
 -1149.163
  -104.763
   229.496
  -626.481
   663.167
   298.530
  -682.890
  -333.094
 -1797.313
   260.370
   399.711
   758.855
 -2399.352
  -600.009
 -2203.118
   -78.315
  -607.860
   766.690
   -49.614
  -606.593
   152.048
  -606.593
   152.048
    -1.919
  -606.593
    -1.919
   -78.541
   -18.642
   -97.512
  -202.751
  -284.451
  -116.979
 -1173.625
 -1970.621
 -1624.266
  1968.698
  1723.206
 -1691.897
  -675.652
  1538.709
 -1733.511
  -251.326
  -267.609
    -8.961
    62.893
  2658.099
   169.703
   252.299
   715.758
  -174.142
  -352.465
  -486.960
  -588.495
  -588.762
  -485.580
  -312.576
  -106.981
   102.891
   299.153
   472.159
   617.859
   735.671
   826.998
   894.264
   940.316
   968.073
   980.320
   596.640
  1954.773
  1043.966
  2179.426
 -1035.400
 -2925.756
   695.427
  -244.588
  -650.458
    -4.419
    38.060
  -748.878
    -6.300
    35.445
   836.619
  1764.195
   611.984
  1926.496
  -367.862
    38.079
  -591.226
   816.578
  -244.941
    10.065
   656.575
 -2790.688
   257.247
  2625.344
  -703.649
   739.613
    98.718
   913.450
  -171.195
   314.762
  -187.400
  -105.018
  -422.109
   767.530
 -1327.243
 -1355.754
  1200.718
  -129.765
  1629.034
   647.075
 -2820.530
  -388.508
 -1080.121
   -45.536
  -538.038
   -13.319
 -1717.980
  -344.433
   -89.659
  1147.487
  -218.263
  -151.017
  -257.345
   139.286
  -690.555
   208.277
  -435.342
  -314.574
  -378.545
  1314.473
   498.206
   700.346
   172.465
  -332.518
 -1667.655
  1435.705
   445.482
   261.681
    52.998
  -409.054
  -268.034
  -964.669
  -669.726
 -1560.540
  -231.012
 -1405.000
   203.482
  3546.456
  1182.783
  1412.369
  -402.865
  -581.949
   954.084
  -295.057
   227.973
  -567.456
  1476.447
  1522.671
   232.704
 -1060.635
 -1029.027
   375.941
   311.441
  1204.195
   327.738
   534.543
  -497.162
   429.294
  -569.136
  1169.825
 -1208.550
  -625.059
  1238.329
  -100.393
  1931.467
   112.029
  2419.081
   515.483
   252.299
   715.758
   252.299
   715.758
  -174.142
   252.299
  -174.142
  1270.800
   873.343
  1002.964
   164.808
  -138.482
   356.685
 -1817.752
   808.378
   861.372
  1566.061
  2041.337
   -59.947
 -1962.200
 -2188.711
 -1905.174
  -897.071
 -1646.292
 -1594.881
   -75.410
   634.268
   716.268
  -892.380
   218.394
   601.978
   175.661
  -322.185
  -586.579
  -604.056
  -460.580
  -248.053
   -33.605
   143.338
   264.759
   326.470
   331.932
   287.988
   202.226
    81.534
   -68.567
  -244.115
  -442.633
   600.414
     5.276
  -483.252
  -997.482
    57.671
   478.984
  1025.016
   900.563
   530.798
    80.524
  1695.919
 -1181.172
 -1731.650
   646.131
    98.896
   102.561
   122.830
   165.669
   -17.493
   107.100
   152.364
  -908.977
   686.979
  -194.711
  1884.344
  -849.981
   -66.796
 -1260.057
  -625.700
  -565.240
    60.405
    62.810
  -224.588
   120.091
   108.474
  2513.448
  -881.715
   831.874
  -708.847
 -3048.064
  -252.873
  1101.638
  -915.999
   479.179
    28.192
  2772.154
  -207.833
  -479.178
 -1113.460
   575.312
   954.132
 -1178.689
  1467.907
  -841.826
   923.474
 -1496.822
    19.734
   174.107
    58.662
 -1444.114
   319.970
  -233.765
   630.117
  1923.830
 -1115.416
  -307.336
 -1664.535
   332.431
  -134.487
   614.775
 -2351.868
  -299.243
  -379.045
  2033.422
   208.340
  -749.659
  -372.430
  -318.355
  -291.595
  -615.845
  -107.360
   272.130
  -250.177
  1252.974
  1497.801
   -47.631
 -3712.913
   129.506
  -831.256
  1404.920
   742.664
  -455.531
  1300.920
   299.101
    -8.179
  -743.107
  -303.559
   113.939
  1057.448
   332.994
 -1413.150
    20.686
  -538.461
  -338.603
   569.107
  -411.041
  -310.812
  -525.193
  2388.867
   428.230
   236.840
 -1833.490
 -1318.212
 -1756.624
  -476.027
 -1462.863
  -947.730
  2849.959
   798.610
   476.342
   -77.139
   476.342
   -77.139
   473.219
   476.342
   473.219
   585.299
    86.961
  -137.783
  -514.310
  1200.575
 -1724.203
   140.366
   369.053
   834.818
 -1407.033
  1506.457
 -1466.009
   -47.841
  -276.938
 -2863.111
   608.333
 -2287.638
  1709.273
   579.768
  2452.505
 -1529.286
 -2235.211
  -624.245
   274.355
   100.174
  -163.352
  -261.320
  -233.237
  -152.024
   -63.565
    11.426
    66.471
   101.501
   118.671
   120.452
   108.886
    85.381
    50.734
     5.229
   -51.241
  -119.067
   750.231
   141.053
 -1021.609
  -147.659
   151.187
 -1078.064
   805.572
   285.894
 -1539.410
   633.954
   507.972
   367.100
  -382.632
  1240.916
   469.882
  -988.507
   744.585
    96.711
 -1767.234
  -599.886
  1423.000
  -670.283
  -632.603
   122.159
   205.549
  -681.928
   125.402
   231.735
   398.582
    -2.919
  -445.105
   600.015
  -696.324
  -828.143
   260.952
  -645.073
  -332.812
  -313.440
 -1232.720
  1095.087
    88.600
   -43.090
  -889.729
   945.873
  -962.012
 -2139.909
  1318.875
  2897.527
 -1531.875
   780.799
  1610.936
 -2008.024
  -296.285
 -1081.238
  1445.619
  1477.787
  -211.708
  -147.028
  -160.222
   328.903
   691.644
   492.668
  -595.524
  1019.841
   136.130
 -1251.201
 -1472.137
  -591.663
 -1673.135
  2619.312
   636.389
   267.044
  -239.529
  -572.600
   758.014
  -669.761
  -291.633
  -221.709
  -118.905
   147.694
 -1050.698
  1360.783
   326.948
  -686.090
   282.425
   573.581
    16.259
   799.471
   -56.522
  -393.490
  -861.502
 -2078.112
  1101.105
    45.793
  1469.891
  -123.219
  -282.935
 -1233.386
   845.112
   662.217
 -1823.532
   486.732
  -921.364
  1186.138
    42.874
  -333.789
   501.307
  -106.524
  -761.976
    -7.389
   -79.447
   477.627
  -413.841
   163.765
  -511.900
  1635.017
  -158.091
   836.144
 -1241.230
  1109.961
   715.653
   129.126
  -473.843
  1035.900
 -1178.583
  -428.631
   371.384
     4.424
   371.384
     4.424
  -439.134
   371.383
  -439.135
  -390.171
  -866.085
  -168.961
  -572.676
  -828.916
   799.120
   925.605
   904.134
  -104.793
  -594.974
   945.217
 -1318.432
 -1112.179
   566.500
 -1817.690
   757.880
  -714.189
  -424.254
  2959.390
  1839.926
 -1587.633
  -551.997
  -893.051
  -229.525
    82.238
   174.292
   182.317
   153.614
   101.886
    34.741
   -39.458
  -111.524
  -172.423
  -213.881
  -228.589
  -210.219
  -153.382
   -53.594
    92.744
   288.354
   535.100
  -541.036
   753.615
   269.229
  -389.206
  -487.358
  -974.589
   -37.936
  -991.078
  2157.917
  1430.954
  -444.976
 -1221.683
   590.163
  -685.683
   708.749
  -656.684
  -115.598
  -561.956
   373.910
  1927.269
   580.288
  -178.608
   340.050
   -92.989
  -366.616
  1243.119
   -19.040
   -60.702
    31.744
    -4.066
   -87.403
    -2.619
    59.474
   -70.048
   121.669
   576.383
  1674.899
 -2646.133
   579.095
 -1874.652
  2144.289
  -397.863
   283.243
   687.193
  -168.938
  -137.762
    12.597
   -83.154
   -92.827
  -997.224
  -544.827
  -683.877
   872.784
  -308.080
   170.346
   730.482
  -857.114
   -83.080
    56.868
  -580.680
   985.421
   613.139
   222.669
  -735.315
  1307.713
   930.697
   954.013
  -671.945
  -487.375
  -876.103
  -864.728
    27.501
    30.885
  -252.651
   296.019
   -41.294
  -841.204
  -348.149
   446.081
  -177.920
   438.401
    84.566
  -241.478
  -759.476
   653.503
  -917.780
  -438.169
 -2237.216
    78.577
  -455.246
  1159.110
  -835.533
  -615.852
   -49.732
  -855.414
  -551.951
  1306.039
   -87.830
  -650.461
   814.003
 -1184.727
  1483.464
  -939.279
   -41.743
  -442.815
 -1691.527
  1177.893
  2018.375
   432.870
  -507.267
  -753.401
  -297.391
  1547.587
 -1099.202
   580.333
  -536.764
    43.007
 -1334.637
   780.227
    52.907
   111.371
    -6.886
  1436.734
  -270.063
  -679.180
  -376.217
   465.739
  1633.709
   287.577
  1830.988
  1042.468
 -1609.478
  -517.716
  -960.736
   314.547
  -960.736
   314.547
   179.368
  -960.736
   179.368
  -106.424
   516.217
  -140.678
   237.177
  -406.000
   940.224
 -1591.964
 -1433.010
    41.429
   630.804
  -858.581
   505.475
  1217.871
  -365.677
  1812.851
 -1180.541
  1627.881
  -917.485
 -1396.463
 -1338.448
   851.467
  2254.760
     7.306
 -1300.624
 -1877.450
 -1669.497
 -1050.003
  -370.083
   176.377
   525.325
   686.673
   701.639
   617.890
   477.626
   313.324
   147.408
    -6.359
  -140.967
  -254.305
  -347.576
  -424.061
  -626.034
 -1287.385
   883.300
   298.300
  1573.832
  -257.310
  -387.431
 -1282.672
  1510.480
  -326.108
 -2006.321
  2203.912
 -1168.626
 -3296.140
   727.526
 -1220.048
  5381.014
  2459.794
 -2457.495
   958.223
  -663.451
  -574.303
  1400.061
   -82.011
   146.784
 -1061.840
  -306.823
  2702.906
  -210.078
  -258.343
  -697.199
 -1670.892
  1509.994
   556.822
  1741.749
   102.696
    64.356
  -158.458
  -230.772
   160.272
  -138.346
  -250.980
 -1582.474
  -661.532
  1294.846
  -437.634
  2054.005
   840.051
 -2290.625
  3526.538
 -2384.350
    14.266
 -1804.814
  -313.305
    40.041
  2085.465
 -1413.692
  -586.675
  -390.265
   873.267
  -889.702
 -1340.492
  1944.262
  1273.546
 -1452.632
  2198.606
   485.677
   684.698
  -116.667
   101.756
   268.980
  -739.151
   188.168
  1430.658
   405.325
  -803.156
  -340.487
 -1776.876
  -234.855
  1415.609
 -1088.515
  1377.501
   842.789
 -2959.076
   -88.591
 -1158.763
  -257.076
 -1439.391
   890.543
   -53.541
   986.947
   130.389
  -461.572
   202.753
 -1539.619
  1745.912
  -228.840
  -169.175
   344.190
   360.937
   289.145
   122.379
   459.793
  -196.211
   696.459
 -1473.247
  -507.568
  1062.429
 -1542.015
  1985.650
   270.286
 -2579.733
  -557.947
  1352.040
  -480.749
  -635.914
   591.648
   581.308
   109.407
 -1560.346
    72.582
   499.664
   297.371
   762.666
   290.077
  -764.596
   398.837
   -91.500
  -163.620
   272.722
  -181.869
  1349.804
 -1179.731
   119.999
   655.709
   -78.651
   715.392
  -341.757
  -212.113
 -1031.687
    19.802
   143.883
    19.802
   143.883
  -650.956
    19.802
  -650.956
  -159.165
   200.703
  -324.119
   389.962
  -575.527
  -347.210
  1379.280
 -1205.449
  -827.922
  2321.766
 -1527.199
  2894.007
  -879.337
   -37.949
  1457.741
   170.157
   432.565
   565.680
 -1409.023
 -1243.686
   330.726
   787.009
    83.893
  -165.343
  -538.645
  -779.579
  -791.515
  -629.023
  -380.100
  -115.098
   121.493
   305.399
   425.522
   478.761
   466.765
   393.979
   266.461
    91.129
  -124.751
  -373.917
  -649.358
   -35.237
 -1910.229
  2056.603
   558.838
  1281.662
 -1107.738
  -987.500
 -1169.014
  -244.979
  -369.042
  1455.733
   245.222
   251.082
  -716.156
   391.968
  -236.594
   526.228
 -1421.370
 -2279.446
  1175.019
   126.251
   566.613
  1584.979
 -2581.173
 -1261.127
   605.171
 -1539.157
  3675.706
 -1702.300
  1676.526
  -288.276
  -133.736
   840.771
   118.446
   729.913
  -944.159
  -202.001
  1105.427
  2431.436
   383.212
  -696.507
 -1884.388
   385.756
   137.586
  -167.272
  -225.760
     1.541
  -149.408
  -224.772
 -1517.794
  -849.901
   961.494
   541.178
  1137.737
  -789.770
   346.506
   588.424
   659.795
   184.314
   148.812
  -343.704
   190.967
   109.724
  -348.313
   217.858
   286.451
  1838.924
  -405.329
 -1550.987
     2.650
   412.312
  1348.503
  -469.862
   418.987
 -1824.637
   844.381
    40.641
   373.599
  -184.683
   750.204
  1238.347
   -40.428
  -906.849
  -899.318
 -2130.081
  -619.947
  2169.040
 -2174.591
  2050.365
   578.934
 -1090.013
  -608.237
 -1347.577
   305.893
   147.230
   -74.596
   184.631
  1218.332
   772.279
  -825.576
  -563.911
 -1332.321
 -1612.476
   537.266
   576.653
   904.557
   515.519
   512.357
   233.203
   689.335
  -906.926
  -148.447
 -1241.541
  -518.706
   554.649
  -440.305
  1327.847
 -1618.384
   829.256
  -163.931
    45.665
   465.318
   606.168
  -183.711
  -265.937
  -273.071
 -1021.032
   637.343
  -437.604
  -305.332
   579.518
   801.699
  -616.465
   771.468
  -103.214
   933.210
  1917.071
 -1213.104
 -1085.954
 -1017.267
   595.650
 -1071.982
   809.527
 -1899.346
   261.768
   557.234
   557.723
   173.512
  -241.244
   173.513
  -241.244
  -294.811
   173.513
  -294.811
  -675.633
 -1343.130
  -652.633
 -1018.274
  -327.327
  -670.044
  2287.366
   547.380
   241.909
  -696.954
  -716.233
   850.107
    72.069
  -187.513
   247.978
   189.102
  -137.271
   785.206
  -757.460
  -769.680
   302.508
   544.873
  -618.644
  -663.936
  -757.695
  -932.212
  -897.118
  -548.371
   -28.424
   438.262
   700.145
   723.323
   558.427
   290.327
     1.824
  -244.021
  -408.314
  -473.725
  -439.210
  -314.437
  -115.060
  -561.328
   -61.435
   503.762
  1243.900
  -888.938
  -258.112
  -363.184
 -3526.322
 -2492.541
 -1712.087
 -1788.988
  3205.252
   117.060
  1542.976
  -301.182
    30.519
 -1836.453
 -2833.995
   682.109
  1077.736
  1545.339
  -249.287
 -1376.330
   606.951
  -222.437
 -1378.655
   577.159
  1311.021
   314.604
    73.249
   678.735
   958.996
   305.250
  -305.139
   487.093
   626.677
   689.101
  -216.120
 -2183.147
  1062.838
  1599.340
  -635.573
  1752.885
    -0.544
  2842.451
  1373.589
  -382.133
    36.952
 -2153.075
   261.650
   364.812
    12.673
    62.952
   480.618
    16.457
    70.371
  -576.005
  -278.571
    48.112
  -728.984
   738.651
  2514.710
  -864.644
   270.537
  -130.377
   -19.307
    -7.368
  -608.363
   126.493
   170.600
  -696.886
  -402.409
  -867.231
  -311.031
  2226.963
 -1786.351
  1898.778
  -779.748
  -521.413
   666.100
  1148.032
 -1275.820
  1166.624
  1138.574
   159.257
  -111.512
   148.267
  -226.518
  -225.554
   721.470
     9.774
   608.561
   788.569
   461.677
  -953.275
 -1140.475
  1722.589
  -583.293
  -840.877
  -627.853
  -456.108
   188.768
   416.139
  -373.347
  1661.391
   197.487
  -542.649
   -92.865
  -242.412
   608.649
 -1444.276
   115.583
   907.874
    84.861
    96.889
  -223.549
   351.637
 -1371.519
   257.182
   854.205
   510.771
   544.288
  -282.921
    -4.734
   762.768
 -1970.287
  -869.051
 -1583.909
  -320.023
   225.261
  2223.168
 -1619.045
   414.158
   606.933
   366.764
   261.663
    30.104
  -980.770
  1160.800
  -647.471
  2714.308
   912.914
  1946.991
  1016.278
 -1989.843
   496.922
 -1731.337
   878.465
   347.365
  -313.056
  -308.553
   997.211
 -1463.498
   374.477
   544.873
  -618.643
   544.873
  -618.643
  -663.936
   544.873
  -663.935
   585.747
   399.641
   -19.720
  -253.462
  1603.949
   -67.938
   101.242
  -472.577
   482.648
 -1315.092
 -2020.663
  1080.440
   171.981
  1087.765
  1404.224
   765.028
    27.765
     4.390
   133.738
  -933.028
 -1115.626
   176.376
    48.560
    44.584
    38.887
    34.470
    31.130
    28.662
    26.863
    25.562
    24.625
    23.953
    23.471
    23.125
    22.879
    22.702
    22.576
    22.486
    22.421
    22.375
    22.342
 -2302.869
    49.321
   457.253
    51.254
    72.131
  3213.582
    69.157
  1391.498
   381.490
  -994.647
  3586.847
    42.364
  -307.836
  -153.985
  -482.947
   236.352
  2047.834
  -878.694
    43.189
  -975.811
  -528.737
   767.590
    -0.731
   980.913
    -3.950
    23.371
  1247.839
    21.997
 -1199.701
   142.275
 -1818.831
  1488.611
    39.408
 -3105.656
  -520.756
  2532.966
   172.891
 -1315.673
   519.125
    33.346
   108.934
   -89.699
  -241.235
   158.990
  4014.512
  4016.172
    64.088
  -296.950
 -2885.152
 -2147.987
    22.611
 -3287.011
     3.792
    48.551
 -2524.429
    57.469
    46.983
    53.582
   -41.754
   174.693
    53.607
   -52.197
   163.398
 -1309.138
   -20.264
 -1407.372
   -71.518
    22.154
  1954.085
    20.354
 -1544.075
    41.050
   -56.629
    58.917
    38.804
   207.227
    45.411
  -803.451
    35.895
  -538.187
    39.299
    44.511
  -390.043
    44.523
  1853.132
   -31.404
 -1542.088
  -971.063
    19.404
  -991.189
  -832.440
 -1888.117
   742.584
   280.822
   938.457
   -10.962
  1027.168
  -997.686
  1286.518
   -62.371
  -399.291
 -1759.363
    38.615
   719.101
   -20.057
  -934.023
  -516.141
   279.232
  -260.967
   -49.946
   747.543
   -29.262
    68.591
    77.665
   195.612
   188.552
    49.321
   -87.466
    65.110
   353.753
    55.252
   403.138
    60.505
    45.654
   342.005
    47.826
 -1732.567
 -1147.608
  2820.953
    -6.330
  1767.992
  -675.793
 -1471.261
   179.917
   -26.010
  -946.204
   -19.663
    72.478
   918.527
    93.148
  -734.973
    72.346
  2202.817
   171.245
    31.351
 -1377.858
    28.448
  -288.175
    34.850
   802.730
     6.766
    66.172
  -674.677
    61.540
  -908.210
    39.440
 -1966.083
    30.822
    41.991
 -2998.145
    37.500
   176.376
    48.560
   176.376
    48.560
    44.584
   176.376
    44.584
  -435.736
    48.875
 -1103.149
    49.762
    46.360
 -1720.966
    50.216
  -513.958
   -14.225
   -71.399
  -166.128
    31.710
   643.593
    15.159
  -772.086
    69.054
  -211.700
   106.904
    51.949
  3239.755
    67.501
  -551.894
   269.840
   295.580
  -238.845
  -583.774
  -630.427
  -574.759
  -524.199
  -474.485
  -396.433
  -280.102
  -136.287
    15.461
   156.743
   274.876
   363.544
   421.558
   451.127
   456.311
   441.879
   401.147
  -526.887
   116.716
  -225.997
   354.534
  1529.781
  -237.280
  -740.057
   837.852
  -393.885
  2466.130
 -1490.370
 -3175.808
   114.223
   978.493
   416.389
 -1052.988
   268.922
  -476.016
  -183.093
     8.113
  -207.512
  1973.058
 -1118.917
  1759.700
 -1952.856
  -238.506
  -980.514
 -1049.527
 -1504.658
   468.076
 -2051.719
  3619.467
  3529.335
 -1348.522
   536.334
  -139.462
  1653.719
  1669.038
  2166.273
    46.532
  -845.092
   482.165
 -1305.247
    -8.852
  1253.863
 -1395.703
 -1790.783
    57.768
 -2434.336
 -2312.571
   695.661
  -981.053
   944.812
  2750.382
   490.526
   235.863
  -131.947
   642.796
    86.338
  1319.127
 -1277.748
  1017.844
    84.035
    52.809
   -45.194
   -34.581
   114.630
   -32.356
   -16.576
   368.234
  -554.404
   378.829
  2181.585
 -1089.732
 -2236.124
   132.331
   -83.000
 -1045.285
    -6.372
   -28.177
 -1217.629
   151.744
   251.428
 -2597.654
 -1082.982
  -242.502
   350.621
  1661.119
  1358.449
    50.991
  1883.308
   490.736
  -403.096
 -1569.679
 -1218.145
  1191.260
  1186.423
   579.621
   423.912
   277.818
  -721.732
  -902.073
  1548.870
   566.486
   672.283
  -984.673
  -579.694
 -1184.038
   358.144
  1397.504
  1283.507
  -352.716
  -123.112
   345.017
   283.807
  -205.912
   397.196
  -144.830
  -281.865
 -1111.164
   931.356
 -1572.257
  1238.437
  1336.793
   307.391
   216.100
  -128.100
  1241.952
   253.179
 -1150.461
  2582.214
 -1311.335
  1528.220
 -1524.104
  1707.791
    41.810
    50.443
  1877.270
  -337.781
 -1988.992
  -794.401
 -1748.156
 -2256.888
  2069.880
  3006.605
   557.639
  -641.824
   963.389
  1039.113
   366.908
   -26.443
  2384.024
 -1151.871
   130.645
  -882.254
   369.255
 -1685.730
  1041.199
  4226.997
   -69.694
   354.488
   978.657
   312.350
  1487.223
 -1359.450
   445.100
 -1415.771
  -551.894
   269.839
  -551.895
   269.839
   295.579
  -551.895
   295.578
 -1798.741
  -589.296
 -1274.512
   891.995
 -2275.728
   826.237
  2219.511
  1217.809
  -888.149
   514.947
 -1754.318
   839.672
  1712.221
  -165.233
  -195.502
  -839.248
    70.190
 -1728.094
   415.633
   662.964
   731.446
  -137.186
   -83.166
   -65.784
   -65.422
   -65.418
   -65.418
   -65.418
   -65.418
   -65.418
   -65.418
   -65.418
   -65.418
   -65.418
   -65.418
   -65.418
   -65.418
   -65.418
   -65.418
   -65.418
   -65.418
  -760.651
   -40.307
  -217.317
    12.067
   -22.588
  1610.819
    43.408
 -1327.417
    39.568
 -1085.422
    80.519
    44.389
 -1011.940
    94.349
 -1705.040
  -200.888
  1491.434
 -1523.210
    33.943
   786.031
  -181.235
  1649.575
  -162.993
  1202.658
  -168.343
  -187.136
  1331.201
  -190.392
  1505.551
  -224.655
 -1247.740
 -1988.208
  -121.903
  1503.789
  -552.052
  -412.699
   -98.092
   101.199
  -859.135
  -116.034
   797.068
   259.219
  2535.701
    -5.159
  -165.779
  -402.544
    97.350
  -359.506
   905.379
   320.199
   -93.296
 -1905.870
 -1680.206
    95.567
 -2432.838
   588.976
  -371.935
    21.356
   407.729
   444.799
    98.696
  2522.192
  1139.992
  -473.208
   -63.465
  -926.591
   -62.515
   -21.560
 -3566.845
    42.105
  -143.745
   -72.884
  -103.350
   -79.335
     6.772
   -42.331
    15.852
  2919.837
    -3.587
  2070.136
    25.884
   -22.282
  1393.280
    42.968
 -1086.854
    49.379
  -183.749
    59.870
    82.109
    59.354
    98.297
  -350.132
    50.678
   -69.407
    68.717
    81.682
   431.730
    97.526
   909.072
    12.518
  -803.401
    37.978
    10.060
  -730.222
    78.103
   899.884
  2827.095
 -1812.042
 -1430.892
  -119.998
    15.886
   127.560
  1706.939
  -132.775
   -62.357
  -389.948
   -77.477
  1796.235
   -51.333
 -1125.370
  -206.755
 -1126.352
  -205.994
  -191.159
 -1151.151
  -190.698
  -195.822
   -34.157
  -512.688
     0.444
    -7.348
 -1130.770
    63.686
  -396.452
  -106.379
  -615.501
  -127.442
   -85.087
  -770.188
  -118.818
  -264.710
    51.241
 -2151.700
   -98.015
    97.340
   958.205
    86.514
  1581.220
  -217.974
  2707.374
   142.896
  -192.744
 -1668.581
  -488.486
   -58.087
    72.607
 -1265.707
    52.674
    97.715
  -671.942
    97.531
  -611.378
   -82.075
 -2064.583
    26.186
   -42.643
    54.457
    64.071
   627.815
   -56.775
  1267.657
   -32.614
   -50.940
  1837.163
   -21.827
  -137.186
   -83.166
  -137.186
   -83.166
   -65.784
  -137.186
   -65.784
   313.816
   -71.174
   834.134
   -60.938
   -57.924
  1309.644
   -42.334
  -647.188
  -148.489
  -526.341
  -209.885
  -126.988
   397.348
  -177.870
    28.300
  -124.618
   403.480
  -155.627
  -104.691
   865.956
  -155.626
  -144.358
  -231.135
  -377.588
  -498.719
  -531.512
  -465.500
  -326.756
  -153.844
    17.979
   163.268
   267.017
   322.714
   329.812
   291.504
   213.075
   100.790
   -38.815
  -199.352
  -374.827
  -559.767
  -410.236
  -355.986
    50.093
    64.648
   524.962
    35.720
    27.412
   765.627
   945.786
  -815.943
  -711.128
  1214.031
  -700.764
   147.499
    73.656
     4.257
  -325.470
  -509.906
   106.923
  -117.109
  -310.552
   168.441
    59.680
  -128.312
  -650.515
  -742.960
  -369.937
  1333.256
  -960.447
  -792.297
   229.620
   223.767
  -362.139
   581.392
   366.158
   188.304
    60.251
   273.067
  1056.735
   255.017
  -830.530
   308.741
   394.010
   282.094
  -184.976
  -493.181
    91.952
   840.806
  -711.197
   -59.679
  -295.800
   632.988
    70.650
   225.293
  -361.164
 -1421.008
  -514.482
   -96.300
   -49.276
  -148.152
   803.471
   -12.803
   563.347
  -443.065
   -50.339
  -285.690
  -396.366
  1167.159
   467.487
   109.053
  -530.548
  -493.607
  -170.118
  -605.355
  -800.901
  1183.255
   393.860
   154.702
   191.767
   -50.906
   -26.098
   213.058
   -45.809
   -19.767
   236.134
   189.442
  -254.823
   139.036
   -92.276
  -550.156
  1131.436
  -239.046
   120.384
   -32.895
     4.801
   496.953
   128.975
   184.496
    52.564
  -408.240
   270.123
   534.298
    30.938
  -581.456
   799.838
  -137.314
    49.500
  -138.078
  -231.507
  -116.441
  -717.509
 -1466.139
   109.947
    28.865
   350.372
   233.709
  -431.097
   398.155
  -378.874
   206.470
   378.383
  -455.483
  -234.564
   200.443
   175.785
    95.609
   107.265
   -45.157
   -80.607
   135.787
   147.073
   -34.065
   958.258
   105.173
  -287.790
  -246.380
  -299.272
  -508.979
  -697.964
    39.197
   626.766
   533.609
   482.071
   384.528
   163.128
  -277.422
 -1348.712
   128.612
    36.601
   263.614
   218.912
  -299.961
   105.692
   271.337
  1172.768
  1190.795
  -359.697
  -993.464
   930.875
   754.851
 -1273.156
  -130.536
   129.131
  -788.621
 -1330.248
   420.834
  -156.598
  -997.513
   -42.574
  -140.018
  -236.937
  -630.081
   622.697
   606.708
 -1570.573
   978.673
   596.136
   786.292
   147.707
  -162.590
   651.902
 -2566.380
  -144.358
  -231.135
  -144.359
  -231.136
  -377.588
  -144.359
  -377.589
  -233.989
   444.369
  -697.414
    58.658
   737.252
  -290.442
   316.358
  -292.349
   124.960
  -497.905
  -962.631
   629.151
   194.375
  -599.747
   205.518
   286.703
  -513.823
  -353.308
   406.688
  -231.414
   162.465
    61.874
  -121.641
     2.640
   425.215
   728.816
   655.213
   275.413
  -191.923
  -567.328
  -772.569
  -808.521
  -714.133
  -536.750
  -317.432
   -86.303
   137.105
   341.672
   522.239
   677.516
   808.513
  1954.257
   353.091
  -646.708
  -332.249
 -2798.621
  -908.938
   624.959
   784.768
  1742.384
    44.327
    56.192
  2177.134
    54.668
    70.622
  -254.627
    55.855
    81.941
   641.687
  -176.197
  -327.516
  -425.057
   387.621
   494.856
    22.248
  -488.864
  -607.431
  -728.763
   744.986
  -278.673
 -1023.706
   658.335
  -189.916
   945.022
 -1088.994
   -68.582
  -790.044
  -340.342
   408.088
   587.274
  -557.936
  -512.174
   135.393
   679.316
   847.208
  -535.730
  1121.969
  -475.170
   401.450
  -889.344
   593.451
   388.779
   228.992
  -896.316
   782.740
  -618.209
  -231.935
   865.417
  1045.745
   797.402
 -1197.089
 -2240.032
   307.622
 -2052.876
  -720.292
   595.387
   605.614
  1190.618
   -94.328
    22.952
  1992.889
  -222.710
  1203.338
   270.548
   428.253
  -628.791
   457.244
   105.590
  -520.775
  -652.567
   679.971
   223.195
   274.144
   112.897
 -1217.122
   -15.698
  -114.101
  -125.325
  -154.859
  -204.212
   -61.832
   -69.823
  -155.021
  -660.670
  -476.435
   552.340
  -247.899
  1913.127
   -69.542
 -1166.456
  -823.682
  -158.639
  -214.682
   120.794
    49.157
    24.817
   851.477
   292.318
   -72.671
   462.086
 -2873.846
   214.828
   962.839
  -553.718
  -366.506
   203.871
   232.683
   994.686
  -442.043
  -685.535
  -293.660
 -1122.526
   458.250
   196.989
  -247.822
  1996.713
   696.094
  -588.282
  -857.137
  -385.737
   756.617
  1034.273
   117.723
 -1455.320
   753.411
   867.052
  -119.596
   735.387
  -940.366
  -389.132
  -195.791
   713.400
   159.430
   154.629
   248.970
  -528.737
 -1738.364
   487.220
  -329.669
  -584.357
  -340.130
  -666.609
   168.565
   198.421
  1421.738
    67.098
  -446.262
  -153.967
 -1048.393
   623.598
   329.419
  1149.756
   120.512
  -868.770
  1191.693
   766.801
  -848.587
 -2129.470
    53.308
  -511.942
   125.433
   510.232
  -429.566
   750.977
   505.817
  -327.388
   899.097
  1514.841
   247.576
  -494.388
 -1236.701
  -193.925
   280.027
    97.177
  -581.525
   -74.898
 -1698.110
   592.935
  -376.337
  -550.381
    61.874
  -121.641
    61.874
  -121.641
     2.640
    61.874
     2.641
  -899.213
   162.766
  -996.269
   438.457
  1475.707
  -955.304
  1519.450
  -722.094
   126.160
   687.883
   537.097
  1017.890
  -829.394
  -839.806
  -522.035
  -654.514
  -156.086
   297.627
 -1124.207
   614.257
   809.380
   294.251
    61.989
    50.934
    43.949
    39.245
    36.030
    33.799
    32.233
    31.125
    30.337
    29.776
    29.376
    29.089
    28.885
    28.739
    28.635
    28.560
    28.507
    28.469
    28.441
  -642.009
    71.259
    -3.178
    61.987
    71.674
    16.486
    94.718
   126.777
    61.472
  -172.112
    71.695
    51.427
   804.941
    57.347
   513.845
    21.337
    73.911
    79.095
    21.764
    63.101
    69.767
   301.817
    67.047
   226.514
    70.186
    55.984
   -38.276
    65.473
    84.515
    60.462
  -476.703
    54.324
    59.412
  -704.648
    56.907
  -177.362
    28.718
  -144.264
    26.925
    29.404
  -228.130
    28.366
  2714.435
   113.846
  1118.523
    88.811
    85.267
 -1656.309
    66.724
 -1101.727
    68.042
  -839.497
    44.632
    85.119
  -416.607
    66.176
  1429.092
    49.826
  -863.822
  -575.736
    57.272
  -371.891
   -43.333
 -2252.967
    24.977
 -2187.016
     9.612
    30.689
  -384.233
    29.420
   -10.619
    35.266
  1401.091
    89.399
    30.398
   310.370
    30.875
 -2701.884
    21.113
  -509.758
    22.332
    30.482
   312.221
    29.298
  -444.645
    55.831
  -884.884
    51.927
    49.887
 -1454.079
    48.996
   197.423
    56.502
    24.351
    93.560
    45.266
    42.060
   129.585
  -549.483
    68.525
   265.292
    70.774
    64.646
   883.096
    64.464
  -595.434
    39.296
  -158.545
    28.964
    37.019
   127.936
    29.840
  -144.188
    55.490
  -390.287
    50.461
    47.016
  -605.949
    41.206
  -728.486
    59.565
 -1439.911
    40.927
    65.468
   674.466
    58.035
   -47.803
   588.913
  -412.480
  1748.514
    66.338
 -1061.677
  -246.187
  -318.623
    55.303
 -1313.743
    49.356
    47.607
   145.328
    43.996
    -8.989
    45.442
  -487.621
   508.032
    27.797
  -344.905
  -280.285
   420.318
    59.237
   423.208
    57.851
    46.482
   321.495
    43.003
   150.470
    61.351
    -7.219
    60.654
    51.025
  -171.591
    51.208
 -1747.956
    48.412
  -202.517
     9.569
    66.329
  -656.617
    50.550
 -3170.824
    36.896
    20.325
   475.432
    69.544
  1271.562
   373.101
  -453.923
    58.797
  -416.850
    63.306
    49.080
  -266.644
    54.887
  -374.529
    65.368
   745.530
    88.241
    53.484
  1612.224
    72.467
    60.964
    59.603
   -88.455
    57.978
    50.353
  -183.745
    49.454
   294.251
    61.989
   294.251
    61.989
    50.934
   294.251
    50.934
   -11.991
    57.180
  -184.210
    53.718
    48.992
  -272.785
    45.965
   938.609
    78.420
  1472.968
   125.440
    55.253
 -1174.174
    77.158
   127.889
    65.592
   -41.138
    70.095
    53.205
   -25.187
    60.883
  -289.830
  -229.643
  -494.753
   799.147
  1332.614
  1205.281
   889.385
   595.497
   371.235
   210.212
    96.143
    15.012
   -43.231
   -85.455
  -116.338
  -139.097
  -155.980
  -168.578
  -178.029
  -185.155
 -1345.394
  1111.542
 -1326.151
  2165.520
  -466.299
   906.614
  -517.098
  2054.916
  1465.465
    44.050
    66.682
   661.500
    49.695
    94.163
 -1548.084
 -1242.896
  1268.570
   -19.024
  1062.678
   470.755
  -283.532
   820.944
   173.786
    85.499
    72.488
   141.609
    71.656
    68.852
   897.582
   431.801
    -0.559
   189.692
   312.919
 -1057.747
   774.673
   475.427
 -1727.462
  1966.568
  -223.185
  1476.856
 -1343.259
   -14.269
   705.266
   579.210
 -1006.642
   654.306
 -1492.693
  -697.496
   519.135
 -1211.432
  -876.522
  -451.348
  1406.152
    79.950
   684.756
  -311.436
 -1385.643
  2163.627
   297.854
  -742.480
  -638.947
   175.060
  -186.966
   267.174
  -463.412
   502.360
   103.983
    71.094
  -730.118
   116.098
  2227.734
   716.336
  1314.462
  -978.898
  -664.217
   747.308
  -503.386
  -746.316
   338.665
  -426.652
  -717.660
  -657.662
   173.571
   -70.737
 -1325.049
  -907.811
  -204.980
    71.588
  1097.891
  -581.648
  1475.795
 -1658.134
   339.833
  -813.074
  -124.590
   161.271
  2284.521
 -1398.566
   194.740
   172.517
   -26.549
   -69.154
    86.464
    18.244
  -123.333
   296.901
   455.357
  -357.989
  1819.899
 -1974.393
 -1774.559
   728.957
  -397.655
  -299.703
   -22.136
   -49.421
  -490.307
   117.751
   110.726
   499.863
   436.482
   -58.575
   449.718
   512.575
  -454.099
   845.726
  1922.739
 -1070.031
  1797.957
   341.306
  -721.001
 -2153.081
   231.233
  -811.195
   412.312
   412.549
   794.420
   -37.681
  -567.247
  -854.989
  -393.435
   247.450
    54.405
   974.510
  -143.505
   893.129
  -655.412
  1406.539
  1524.738
  -749.307
  -738.379
   181.333
  -838.866
  -911.841
   246.068
   127.792
   365.121
  -199.389
  -423.968
  -260.121
  -636.260
  1290.320
   530.134
  1236.420
   360.150
  -573.724
  -220.810
 -1582.155
   551.350
 -1011.203
   146.710
 -1548.081
   492.313
  2565.491
   557.297
   719.266
  1505.832
 -1745.912
   211.563
 -1672.259
  1543.501
  -625.075
 -1089.853
  -116.683
  -588.940
  2407.417
    -8.332
  -257.600
  -947.378
   344.238
  -247.463
   138.440
  -124.937
  -289.166
 -1469.673
   911.077
   -58.119
  -241.387
   268.678
  -135.294
   101.836
    16.031
  1108.510
  -289.831
  -229.643
  -289.831
  -229.643
  -494.753
  -289.831
  -494.753
   197.868
   329.857
   343.806
    70.085
  -116.153
  -550.220
 -1553.733
   327.144
  -290.371
  1944.778
  -135.209
   114.696
  -494.204
  -775.482
  -517.899
  -579.642
  -367.044
  -923.195
  -179.018
  1262.215
   542.710
     6.507
   177.035
    79.607
   -71.458
   -42.321
   148.246
   406.781
   649.778
   824.680
   907.222
   893.036
   789.735
   611.039
   372.902
    91.164
  -219.731
  -547.332
  -881.356
 -1213.615
 -1537.823
   537.475
   461.561
   970.857
  1764.479
  -472.304
 -1592.560
  -579.971
  -294.065
     3.317
  -301.059
   246.035
   319.247
   393.286
  1468.581
   656.454
   716.385
   -19.670
    38.474
   192.672
   -30.785
    28.340
   461.605
  -441.330
  -344.626
 -1199.803
 -1497.358
   424.331
  1845.297
  -854.430
  -551.080
    58.758
    69.242
   592.356
    54.288
    70.782
 -1595.644
  -280.843
  -819.491
   559.370
   -46.574
  -139.038
   580.747
  -346.576
   -78.856
  -755.361
 -2192.577
   276.290
  3495.955
   352.701
 -1368.687
  -479.171
  1868.608
  2275.104
  1572.998
 -1287.573
 -2787.675
  1167.288
   -99.664
  1469.237
  -271.558
  -233.000
   782.684
  -876.076
  -155.994
   874.267
   138.945
  -372.602
 -1031.107
  2642.139
  -349.911
   772.381
   284.646
   206.449
    93.453
  -831.991
  1070.336
  -401.184
 -3034.138
 -1178.357
 -2091.475
 -2355.498
 -1404.341
   689.709
  1681.530
 -1875.512
  1739.438
 -1388.256
  -304.380
  2122.405
    43.604
  1720.462
  -100.877
  1320.309
  -355.901
 -1205.757
  2223.192
  1068.510
   193.168
  1188.578
   352.647
  1693.237
  1157.460
 -2276.342
  1460.680
 -1635.106
   159.964
   227.464
    67.365
   210.219
   270.858
    63.435
   277.273
 -2407.248
   105.699
  -809.320
   127.860
   990.506
  1533.677
  -222.062
 -1075.992
   308.014
   -70.162
     0.524
  1498.789
   113.146
   113.301
  1266.327
   526.408
 -1353.139
 -1118.097
  -463.667
 -2418.941
  1280.796
   376.768
   537.924
   775.563
  1875.323
  -654.748
   -87.668
  -543.290
 -1052.369
   161.474
  -160.697
  -892.653
   804.885
   938.684
  -295.839
   743.690
   652.843
  -448.988
  -258.245
  -578.777
   -38.235
  -297.169
   283.398
  1371.077
  -913.621
  -271.529
   815.600
  -907.446
  -907.060
  1390.911
  -174.891
   702.028
    38.590
  -798.424
 -1214.363
   288.041
  -423.556
    -2.304
  -890.674
   -79.252
   486.637
 -1182.818
  1725.978
 -1961.623
  -472.121
  -376.627
   308.940
  2223.264
  -642.458
   -23.137
  1438.385
  -360.892
  2255.721
  3372.450
 -2034.700
 -1351.208
 -1282.325
  1884.033
   200.187
  1005.058
  1366.183
 -1817.728
  -819.028
  -417.780
  -674.241
  -610.479
 -1875.063
 -1210.861
  1318.997
 -1100.691
  1373.736
    83.664
   525.477
  -211.410
  1090.283
   -35.584
  -445.930
   856.716
     6.506
   177.035
     6.506
   177.034
    79.607
     6.506
    79.607
   -41.361
  -143.196
   438.934
   -98.814
  -906.829
  1557.475
 -2145.785
 -1584.943
 -1203.379
  -128.895
   739.251
    43.933
    19.100
   541.535
  -434.665
  -865.646
   570.518
  -344.183
  -953.069
  2118.943
  -424.193
  -230.502
    86.890
  -430.762
   550.087
  -461.281
   262.878
   -36.401
  -168.251
   326.095
  -428.080
   474.266
  -469.438
   420.524
  -335.135
   220.781
   -84.464
   -67.526
   229.692
  -397.351
   566.603
  -153.561
  -924.276
  -203.051
   575.166
  1054.997
   -64.588
  -751.264
  -783.358
  -137.890
  -145.444
  -318.680
   238.447
   185.603
  -149.512
     2.832
   179.639
   350.393
   217.927
  -715.319
   764.879
 -1245.235
  -876.509
  -209.477
    -3.159
  -411.715
   215.688
   -13.033
   292.591
  -320.759
   -80.870
   225.985
  -252.964
    37.472
  -465.576
  -235.617
  -634.350
  -341.289
  -485.249
   532.154
  1071.480
   -52.432
    66.008
  -448.061
   501.084
   393.800
    29.235
  -944.558
  1825.708
   -98.554
  -222.740
  -419.259
  -134.605
  -171.934
  -398.089
   303.503
  -724.733
   -54.235
    44.049
  -110.884
  -485.531
  -411.643
  -747.857
   376.136
   516.778
   427.418
  -947.082
  1339.471
  -271.512
   225.463
  1252.483
   -33.855
  -227.274
   -67.070
  -809.064
  -606.184
  -683.406
    57.651
  -805.832
   291.111
   689.066
  -687.687
   114.072
  -284.184
 -1172.729
   -64.781
  -359.845
   -38.253
   264.538
   662.059
   681.025
   524.633
 -1021.829
    30.227
  -510.776
   236.864
   532.431
   -40.873
    43.971
   595.822
  -100.073
  -100.278
   717.807
  -508.493
   684.289
   310.651
   581.374
  -729.308
   205.366
  -185.398
   187.015
  -257.301
 -1044.527
  -187.372
   164.049
  -131.711
   130.223
  -151.891
  -131.709
  -130.069
  -761.453
  -241.962
  -384.828
  -610.191
  -605.915
   541.151
   372.231
   125.232
  -778.530
   424.521
  -824.322
   404.475
   -56.900
 -1159.816
   385.684
  -666.861
  -701.852
   247.273
   775.547
 -1373.856
  -411.874
   -89.196
  -456.182
   -71.012
  -370.440
  -562.027
  -299.709
   -13.731
  -469.461
   269.798
    47.224
   -51.246
  -198.408
   445.981
   117.032
  1195.069
    16.443
    32.472
   751.988
  -650.938
  -572.171
 -1336.428
   122.461
 -1547.993
  -568.785
  -614.785
    13.245
  -576.628
 -1072.666
  -202.165
  -252.567
  -162.917
  -298.973
   266.174
  -154.065
   317.041
    80.006
  -230.169
   398.263
  -571.024
   -59.168
   739.879
   788.154
  -374.675
  -458.078
 -1203.636
  -181.176
   452.039
 -1368.941
   796.534
   -93.736
   479.812
   958.670
   444.655
   400.073
   196.068
  -536.061
 -1047.197
  -321.508
   448.929
   270.235
   610.877
  1426.279
 -1232.933
   321.146
    96.262
   -56.099
  -503.123
  -517.040
  -970.992
   861.906
     8.732
  -185.926
   -67.946
  -168.514
  -213.569
  -379.686
  -407.739
  -230.502
    86.890
  -230.502
    86.890
  -430.762
  -230.502
  -430.762
    46.184
  -259.666
   121.681
  -398.720
  -210.788
    12.221
  -245.320
  -520.613
    87.581
   248.337
  -798.571
   342.929
 -1612.394
  1034.019
   625.657
  -555.166
   416.390
    28.804
   309.461
  -230.697
 -1322.695
   140.161
  -125.844
   117.454
   -35.283
   -29.501
    69.909
   -93.137
   106.034
  -113.099
   116.962
  -119.084
   120.258
  -120.915
   121.285
  -121.496
   121.618
  -121.688
   121.729
  -121.753
   121.767
  -170.927
   -70.185
   155.547
  -287.670
   111.319
   286.179
   290.523
  -129.220
    48.289
  -172.462
  1344.674
   141.130
   -67.494
  -605.964
  -150.802
    25.099
  -140.205
    80.009
    -1.656
    97.603
   -47.941
   247.143
  -199.244
   326.871
  -224.443
   179.414
   333.888
   168.549
  1567.788
  -421.430
   349.572
  -118.932
    57.787
     0.978
  -363.052
 -1106.832
   629.563
   330.639
  -110.134
  -127.745
   -52.137
  -108.023
  1411.901
  -403.114
    49.859
   498.539
   383.545
   -44.232
  -388.224
  -498.658
   285.661
  -472.923
   343.942
   -64.234
   552.749
   102.114
  -266.575
   -20.203
   195.230
  -443.595
  -118.475
  -189.148
   -76.099
  -251.179
  -242.197
 -1057.766
   -70.413
   254.814
  -120.236
  1169.618
   471.498
  -299.978
   665.400
  -471.574
   218.532
  -665.459
   208.513
  -162.765
  -110.969
   -81.934
  -433.733
   147.221
  -600.546
   258.375
   523.291
   610.978
   888.978
  1151.354
    87.471
  1199.753
  -780.749
   405.186
  -154.857
   196.414
  -140.788
   -39.317
   -62.539
    -6.060
   702.580
  -383.517
  -244.662
   -21.467
    48.761
  -600.199
  -160.268
  -823.943
   448.199
   131.788
   -48.085
  -256.223
     6.154
     2.790
 -1043.721
   529.943
  -604.678
   422.084
  -282.996
  1480.175
    33.879
   525.122
   -96.731
  -204.039
  -771.646
  -162.261
  -209.429
   239.268
   171.664
 -1096.350
  -393.882
  -940.530
   142.669
  -633.501
    98.204
 -1606.712
   721.344
  -167.914
   304.566
   -55.123
   -16.050
  1509.370
   638.604
  -444.176
  -166.301
  -119.823
   276.217
  -370.359
   211.609
  -524.820
    70.545
  -616.211
   329.003
  -381.148
   974.408
  -255.305
   724.173
   109.931
   -28.817
   607.249
  -118.258
   343.672
    81.191
    57.871
   597.268
   849.168
  -593.743
  -363.571
    97.569
    50.095
  -344.400
  -159.383
  -295.080
  -305.652
    72.615
  -287.902
   318.156
   231.743
    -1.885
   309.289
    85.466
    46.775
  -269.062
  -161.969
   -63.308
   -11.482
  -354.052
   152.646
    89.601
  -705.348
   -20.445
  -229.655
   162.902
   589.241
   -47.631
  -315.596
   968.743
   204.676
  -168.724
   111.763
   828.966
  -457.679
    75.542
  -202.867
  -644.517
  -465.494
  -202.390
   464.780
  -978.388
    43.808
  -730.012
   448.028
  -187.558
   -29.163
  -287.841
  -896.871
   122.058
 -1525.722
  1396.920
   320.779
  -232.139
   414.128
  -278.610
    88.439
   320.057
   -47.293
   140.161
  -125.843
   140.161
  -125.843
   117.454
   140.161
   117.454
  -168.576
    44.321
  -140.278
    55.662
   -25.208
   -42.534
  -176.103
  -238.702
   382.661
   933.238
   327.744
    76.828
  -119.882
  -267.278
   -88.722
    24.582
  -140.183
   162.166
    66.556
   134.406
   -49.726
  -202.804
  -215.518
    36.589
   121.599
  -217.052
   259.703
  -261.353
   231.722
  -182.027
   125.338
   -72.412
    28.653
     5.052
   -30.026
    48.163
   -61.204
    70.539
   -77.206
    81.965
   -85.360
    72.368
   162.068
  1844.349
  -937.048
  -791.818
   502.700
 -2450.277
   -63.854
   -95.663
  -313.235
  -559.728
   -17.875
  -633.909
   389.317
 -1005.679
  -192.860
  -131.135
  -617.119
   384.814
   -62.765
   193.331
  -568.841
  -583.302
   -92.423
  -809.855
   297.477
   537.233
  -813.397
   -26.002
   -37.996
   269.528
    78.758
   -81.926
   589.713
  -192.394
   321.230
  -451.043
  -143.779
  1546.589
  -308.867
    -7.788
  1088.511
   914.964
  -809.762
  -552.973
   532.333
   742.687
  -245.442
   616.339
     3.125
   165.634
   741.780
  1782.733
   103.697
   -52.396
   779.368
  -253.099
  -103.649
   -30.291
    68.074
  -406.288
  1198.513
 -1315.175
    61.562
   354.889
   815.717
 -1281.800
   -78.050
 -1098.496
     2.981
 -1726.486
 -1324.864
   571.170
 -2214.652
   235.590
  -488.555
 -2124.283
   273.866
   161.489
   418.360
  -835.752
  -196.137
 -1087.422
   395.261
  1015.563
   583.087
   151.061
  -327.299
  -202.669
 -1292.754
  1012.969
   -86.160
  -385.939
  1317.424
   235.663
   314.498
  -322.661
  -985.084
  -927.412
 -1686.534
   133.710
  -685.716
   482.287
 -1233.773
 -1286.578
 -1258.428
 -1047.927
 -1127.102
  -109.226
   -37.217
   110.784
   766.792
  -989.613
  -649.477
  1162.412
  -300.379
  -621.577
   377.698
  -432.946
  -782.611
    50.149
  -457.500
  -538.922
  -297.524
   130.485
   593.746
  -651.260
   573.645
   514.092
  -630.960
  -557.130
   431.830
   649.663
  -828.355
    17.203
   685.072
  -476.271
   426.016
  -172.334
  -448.168
 -1506.111
  -340.445
  -738.763
 -1946.098
   422.209
  -434.594
  -464.408
   334.897
  -719.984
   944.381
  -896.073
   604.551
  -821.897
 -1916.282
   724.726
    68.361
   243.493
  1462.079
  -504.150
  1485.363
  -541.875
  -101.530
  -461.929
 -1432.954
   857.718
   659.749
   308.936
   906.189
   710.175
   306.472
  -129.934
   283.754
  -671.736
   484.918
   834.794
 -1590.642
  1257.420
   905.699
 -1026.515
 -1119.219
   927.831
  1159.192
  -136.324
 -1588.167
 -1809.673
   309.865
  2207.674
  -629.911
   748.920
   -10.250
  -325.045
   -88.522
  -206.865
   184.113
  -414.993
  -124.898
  1242.622
   370.211
   190.467
   611.235
  -567.448
   196.425
   207.005
  1473.015
   329.518
   146.616
   623.567
 -1106.473
   896.314
  -485.658
  -412.352
  -670.819
   307.704
   386.775
  -350.672
  1106.543
  -634.293
  1781.941
  -722.126
 -2253.834
  1187.097
    78.003
  -184.935
  2148.581
  -289.735
  -273.279
  -274.534
  -366.553
    95.966
   -76.080
   358.015
  -202.804
  -215.518
  -202.804
  -215.518
    36.589
  -202.804
    36.589
 -1595.601
  1156.407
 -1071.908
   825.257
 -1433.527
  1529.461
   822.317
   -48.882
   164.080
   262.258
   487.047
   -61.326
  -583.276
   669.302
   346.484
   114.298
   539.409
   445.427
  -965.441
  1356.422
 -1308.078
  -331.424
  -755.699
  -320.732
   359.168
   814.407
   960.306
   877.805
   671.173
   421.427
   180.619
   -22.188
  -173.621
  -270.109
  -313.742
  -309.542
  -263.765
  -182.888
   -73.058
    60.177
   211.971
  -194.522
   -85.466
  -367.205
  -406.067
   346.783
  -131.876
  -485.153
  -866.131
 -1051.986
  -148.104
   -29.320
 -1689.132
  1395.822
   448.456
  -227.016
   378.137
  -355.973
  -303.716
   667.810
  -719.947
   150.826
   568.714
   870.344
    55.113
    49.559
   758.426
    42.997
    34.086
   -32.345
  -317.636
   858.477
  1401.618
   124.134
  1078.361
 -2170.929
    92.540
     7.118
   414.543
   673.567
    12.731
   955.722
  -131.254
   -99.440
   548.135
    19.719
    88.189
   205.218
    17.604
    84.413
  -653.821
  -144.111
   295.571
   906.035
 -1366.677
   814.055
  -532.991
   -16.884
  1282.856
  -172.836
 -2981.754
 -1033.128
    70.605
    65.400
   -41.489
  -300.470
   -73.318
   591.458
 -1528.660
   740.425
  -548.539
  -795.860
 -2022.443
  1996.005
  2272.771
  1119.386
 -1866.798
 -1172.700
  -470.367
 -2325.350
  1807.657
  1727.102
  1028.312
 -1188.761
  -629.874
   241.940
   865.620
   -67.763
   161.371
 -1111.434
  -157.751
    39.129
  -278.586
   762.629
  -775.284
   291.358
  -588.166
  1617.172
  -739.852
   625.361
  1841.339
  -460.987
    41.763
 -2177.631
  -246.051
   413.199
   151.440
   -44.143
  1096.602
   308.887
 -2084.448
  1118.324
   435.821
  -209.143
   354.691
  -572.517
  -626.507
   750.594
  1406.734
  -806.212
    60.529
  1150.349
 -1105.982
 -2084.850
   386.575
  -130.929
  1017.309
  -727.216
  -440.680
  -453.486
  -582.573
  1754.206
 -2482.022
  2668.192
  -265.771
  -293.236
  -300.380
  -275.647
  -228.166
  -220.683
  -132.237
   479.015
  1533.839
   -31.717
   450.137
 -2278.562
   388.165
  -425.333
  -257.505
 -1476.211
   126.436
   416.574
   588.672
   132.891
   289.893
  -248.048
  -728.163
   153.164
   807.875
  -368.182
   820.704
  -427.445
   -13.573
  -505.799
  -887.214
  -456.061
   845.656
   892.928
   -85.773
   408.183
   811.186
  1112.614
   135.071
 -1605.112
 -1751.800
   870.846
  -656.626
   883.288
   781.052
  -517.334
  -390.259
    23.241
  -407.425
   524.512
  -132.003
   263.338
    24.625
  -582.244
   524.082
  -529.007
  -601.797
  -952.236
  -114.832
   190.893
  -666.077
  1121.943
  -144.225
  -197.751
  -101.167
  -173.749
  -242.514
   372.919
   304.196
   228.119
  1003.983
  2275.065
   -12.824
   170.264
 -3064.744
  1940.986
 -1470.706
  1268.249
  2054.672
  -238.478
 -1033.352
 -2568.470
  2738.511
 -1483.928
  1286.233
  1945.288
  -658.237
  -728.355
 -1907.182
   869.657
  -267.119
   -15.004
  -587.427
    41.737
  -242.872
  1001.504
   714.212
  -899.473
  -134.271
  -471.120
    15.800
  -375.748
  -776.572
  1038.989
   428.027
    54.445
  -109.175
    54.445
  -109.175
    53.332
    54.445
    53.333
   547.626
   927.924
  -292.717
   154.000
   854.377
  -801.845
  -703.787
  -843.548
  -886.381
   207.278
   281.754
  1494.082
  -298.380
    -5.614
  -128.827
   -35.977
   -17.147
    67.648
   728.022
  -364.544
    76.449
   476.051
  -212.583
  -130.888
   -21.501
  -289.759
   -29.385
  -207.476
   -33.733
  -122.521
   -29.940
   -62.919
   -24.758
   -24.794
   -20.504
    -1.257
   -17.466
    13.026
   -15.401
    21.609
   -14.020
  -640.342
  -130.589
   152.429
  -328.066
   -76.542
  -262.350
   -18.665
   260.003
   -16.247
  -218.890
    16.835
   -18.971
   190.042
   -17.928
   312.202
  -349.247
   393.626
  -464.537
     3.185
   311.541
   -25.648
   157.583
  -613.406
   674.535
  -695.368
   -91.574
  1296.039
   163.535
    51.591
   -64.635
    46.016
   -68.599
    96.009
    39.400
   226.734
    64.855
   -86.687
   423.070
   118.022
  -200.155
   538.435
  -500.422
   -38.511
   -48.743
    21.125
    18.538
   187.162
   189.196
   393.742
    12.580
  -264.444
   -55.057
  -346.266
   -85.129
  -189.536
  -209.375
  -478.287
   -20.147
  -589.142
   162.186
   336.593
  -525.644
   841.183
 -1364.549
   -65.390
   144.118
   217.898
   167.836
   441.589
   201.420
  -453.957
   -81.904
  -942.903
  -118.985
   299.947
 -1549.233
   721.989
    47.571
    -4.506
  -893.114
   268.912
   379.871
 -1041.016
   512.044
    23.671
  -726.073
   529.051
  -485.397
  -290.326
   633.592
   795.893
  -597.318
   -72.038
   436.005
   133.201
  -235.958
   818.557
  -436.305
   -35.823
  -190.694
   608.964
    79.278
  -552.757
   704.170
  -718.847
  1972.497
   296.291
   333.323
   106.599
   324.404
  -414.397
     3.594
 -1107.112
    22.832
  -352.060
  -416.361
   633.891
   202.711
   308.141
  -823.827
  -171.608
  -177.957
 -1023.381
   574.357
   744.249
  1445.226
 -1033.664
   205.674
  -197.602
  -185.518
   656.131
   105.867
    57.495
   450.334
   -18.151
  -461.065
   105.111
   210.188
 -1860.241
   821.253
   -36.306
    82.734
  -122.548
   -43.098
   184.390
  -128.609
   194.719
   491.074
   318.073
   -96.644
   391.696
   787.673
  -473.574
   742.001
  -262.603
   112.150
  -454.787
   412.662
   205.785
   -60.884
   902.076
   643.777
    17.876
   708.753
   211.319
     3.158
   712.590
   184.482
 -1135.603
  -260.694
  -815.189
  -294.564
    38.895
  -530.227
   145.592
   609.788
  -220.801
   250.733
   -73.275
   130.723
   177.085
    29.245
   991.129
   -39.682
  -454.750
   667.417
  -129.118
   702.855
  -402.950
   104.173
  -226.324
   350.331
    41.875
  -467.718
   351.698
  -201.073
   455.111
  -193.956
   323.257
  -114.731
  -214.331
   104.706
  -339.576
   -13.157
   -35.091
   -31.911
    -9.841
    92.528
   -59.834
   123.610
    94.705
   347.135
  -409.275
    73.772
   488.851
  -923.768
   275.934
   318.064
  -515.812
   124.270
    36.815
   283.141
   494.746
   613.562
  -864.296
   308.603
     7.586
   136.016
   277.028
   318.330
   121.118
   291.093
  -170.683
  -577.345
  -261.344
   326.398
 -1367.882
    62.613
  -416.628
   -30.444
  -788.149
   -32.220
   136.044
 -1099.831
   308.291
    -4.597
   -62.352
    -4.597
   -62.352
    69.147
    -4.597
    69.147
  -126.340
    13.973
  -196.506
    69.153
   247.884
  -199.450
   598.505
  -469.227
  -137.378
  -126.618
  -290.095
   -56.360
  -597.841
   407.690
  -156.182
   -52.145
  -598.870
   178.270
  -252.473
  -877.887
  -448.216
   327.954
  -991.536
  -438.071
   -40.252
   235.689
   370.100
   377.456
   301.235
   186.945
    68.986
   -31.438
  -103.881
  -145.267
  -156.996
  -142.819
  -107.451
   -55.725
     7.878
    79.454
   155.745
 -1521.650
  1024.490
    74.036
 -2419.667
 -1038.567
  -421.670
  -582.947
   302.547
   397.555
   578.114
   521.154
  -102.976
  -354.974
  -451.007
   533.082
   -34.796
   -62.801
   236.028
   357.642
  -610.558
    30.068
   905.470
  -133.859
  1080.723
   500.440
 -1088.787
   365.750
 -1048.973
  1431.510
  1097.929
 -1089.318
   -81.755
 -1311.860
  -525.391
   539.904
    63.356
  -155.276
    69.734
    67.893
  -297.514
    63.136
    70.288
   312.773
  -607.599
   188.883
   690.571
  -452.606
  -265.108
   523.569
   -15.075
  -327.949
  -150.304
   208.070
    73.586
  -175.613
  1374.238
   909.109
  1662.184
  -194.238
  -206.309
    97.829
  -190.872
  -192.222
  -351.959
  1112.584
 -1091.650
  1581.838
 -2038.189
  2433.456
 -1555.103
  -672.461
   635.962
    26.731
    27.024
  1473.703
    40.700
    34.601
 -2226.472
  -364.141
 -1268.730
  1355.544
   -74.153
  1978.822
  -827.685
   602.020
  -831.715
  -499.243
  -401.435
  -458.768
  -238.886
  1016.555
   215.229
 -1388.772
   905.456
  -900.709
   -83.357
   224.312
   176.982
   252.513
   325.797
  -760.446
  -683.667
   -13.919
   782.426
   140.906
   571.554
  -628.404
    62.303
  1646.826
  -503.387
  -476.945
  -361.310
 -1102.668
   607.771
  -666.939
  1336.155
    94.437
   426.977
  -760.296
  -811.766
  -118.176
  -395.206
  -966.274
  -438.184
  1284.288
  -215.170
   -31.932
   378.598
   647.802
   412.853
  1168.756
  -644.110
  1115.028
  -631.996
  1379.082
 -1609.644
 -1018.512
   448.907
  2156.883
  -563.452
  -211.909
   937.612
 -1000.506
   -33.221
   802.896
   310.877
 -1449.170
   103.336
   192.551
    36.084
    66.228
   198.307
    60.589
    83.742
  -532.688
   198.790
  1622.536
  1420.090
  -709.747
  1520.902
 -2752.451
  -878.134
  -594.324
   112.069
   134.428
   -81.758
   109.004
    99.462
 -1234.005
 -1836.141
  1486.013
  1042.183
  -591.112
   621.225
   687.107
 -1579.218
  -280.122
   757.269
  1633.067
  1103.405
  -695.209
 -1773.730
   505.312
   751.352
  -807.914
 -1770.028
   517.365
  1876.020
  -410.695
   193.271
   595.582
  -232.651
  -222.406
  -538.882
   146.416
   940.506
   502.555
  -855.118
   274.257
  -826.970
  1077.946
   -24.939
   816.907
  -588.347
  -990.648
   229.860
    98.410
  -554.206
   741.975
   178.391
  1355.135
   484.433
  1292.474
    -1.722
   737.178
   150.037
 -1934.703
  -495.095
   579.895
  -529.049
   326.578
   938.326
   574.467
   521.362
 -1352.600
   373.231
   -22.872
 -1622.987
  2401.445
  1498.617
  1236.507
   786.547
   414.369
  1524.038
  -384.908
  -400.217
  -726.105
  -444.441
 -1855.366
 -1062.013
  -127.865
  -797.484
  2733.369
  2177.762
  -348.292
  -743.928
  -270.065
 -1283.237
  -523.475
   812.254
   -75.788
  1288.905
   117.394
  -477.453
   117.394
  -477.454
  -114.961
   117.393
  -114.961
   -65.588
   285.516
  -459.117
   342.632
   914.988
  -384.077
   190.214
  -746.974
  -244.195
  -306.967
  -107.675
   888.235
   430.053
  -407.970
  1494.976
    56.723
  -265.861
  -133.577
  -428.844
 -1284.405
  1015.867
  -141.837
  -212.583
   -58.322
   -21.501
   -22.826
   -29.385
   -33.148
   -33.733
   -32.309
   -29.940
   -27.301
   -24.758
   -22.474
   -20.504
   -18.844
   -17.466
   -16.331
   -15.401
   -14.641
   -14.020
  -182.076
  -653.460
   550.307
  -958.938
  -284.657
  1199.667
  -715.754
  -215.843
    61.150
   153.158
    -3.473
    61.201
  -167.698
    -9.657
   480.260
  -130.589
  -420.865
  -328.066
  -325.779
    -0.042
  -339.654
   256.965
   -16.247
  -230.591
    16.835
   -18.065
   210.034
   -17.928
  -395.362
  -349.247
  -475.749
  -464.537
     7.974
  -325.530
    27.388
   267.616
  -613.406
   148.823
  -695.368
  -410.477
   108.875
  -496.056
   508.780
   -64.635
    57.907
   -68.599
    52.052
    39.438
    10.336
    63.848
   -86.687
   -45.565
   118.022
    94.676
   -64.143
   553.994
   134.612
   -48.743
   129.481
    18.538
    47.031
    91.666
   126.506
  -371.800
  -264.444
  -401.032
  -346.266
   152.310
  -192.800
   533.900
   250.657
   -20.147
   616.401
   162.186
   156.502
   872.697
   333.280
   219.337
   -65.390
  -197.727
   217.898
   -68.041
  -447.749
     9.592
    87.022
   -81.904
    97.442
  -118.985
    61.978
   162.589
   -12.413
  -497.994
    -4.506
  -376.021
   268.912
   182.364
  -495.681
   425.146
  2286.550
  -726.073
  1086.304
  -485.397
  -741.317
  -318.518
  -119.650
   -27.024
   -72.038
  -334.106
   133.201
   -52.076
  -394.603
   182.589
  -496.039
  -190.694
    55.479
    79.278
  -108.232
   540.536
   241.833
 -1124.232
   296.291
  -587.774
   106.599
   449.384
  -552.053
    43.710
   833.254
    22.832
   548.592
  -416.361
   186.191
   493.578
  -323.222
   793.976
  -171.608
   777.842
 -1023.381
    48.261
   562.976
 -1221.068
   649.719
   205.674
   295.834
  -185.518
   298.215
   298.897
  -188.635
  -445.756
   -18.151
  -808.288
   105.111
   105.937
 -1162.387
   334.336
   354.770
    82.734
  -205.471
   -43.098
   121.454
  -212.204
   -57.207
  -508.869
   318.073
  -299.901
   391.696
   248.662
  -168.045
   302.019
   325.561
   112.150
   338.533
   412.662
    38.376
   -34.162
   210.219
   -15.505
    17.876
    89.195
   211.319
   115.957
   175.837
   379.485
  -382.217
  -260.694
  -453.262
  -294.564
  -259.812
  -439.108
  -264.716
  -998.996
  -220.801
  -444.670
   -73.275
   -52.872
  -195.502
     7.280
 -1318.518
   -39.682
   -18.241
   667.417
    96.269
   398.595
   605.157
   278.352
  -226.324
   344.924
    41.875
  -315.416
   344.135
    31.192
  -126.397
  -193.956
    55.871
  -114.731
   -19.899
   332.333
   120.359
   154.069
   -35.091
   209.436
    -9.841
    92.028
   282.717
   139.398
  -185.880
   347.135
  -290.283
    73.772
   184.110
  -141.221
    -5.853
 -1071.323
  -515.812
  -682.924
    36.815
   122.721
  -234.921
   556.546
  -362.705
   308.603
  -393.908
   136.016
   276.385
    81.794
   408.572
   -48.633
  -170.683
  -628.412
  -261.344
   136.981
  -666.343
    79.668
    53.629
   -30.444
   -68.920
   -32.220
    55.592
  -229.239
   -19.589
   114.663
   -62.352
   114.663
   -62.352
    62.989
   114.663
    62.989
  -147.770
    13.973
  -399.875
    69.153
    81.731
  -535.330
   105.139
  1463.471
  -137.378
  1175.467
  -290.095
   163.724
    66.029
   120.692
   -29.613
   -52.145
   302.060
   178.270
    22.963
   697.154
   257.784
# -----------------------------------------------
# 
