# -----------------------------------------------
# 
  2897.238
   -94.682
  -320.576
   -66.590
   314.065
   605.482
   717.231
   647.851
   445.612
   176.554
   -96.779
  -326.397
  -482.216
  -550.712
  -531.393
  -432.768
  -268.728
   -55.688
   189.463
   450.723
   713.795
  -263.300
  -171.708
  -214.208
   -81.068
   147.769
   308.774
   340.069
   263.337
   130.082
   -11.990
  -131.138
  -211.734
  -249.937
  -248.887
  -214.958
  -155.321
   -76.613
    15.647
   117.194
   224.912
  -565.003
  -755.002
  -465.016
   -85.232
   141.595
   143.046
   -27.636
  -256.700
  -433.280
  -491.394
  -421.739
  -258.787
   -57.321
   128.571
   257.893
   306.701
   266.588
   140.787
   -60.091
  -321.670
   -48.059
   -48.059
   -48.060
   -48.060
   -48.060
   -48.060
   -48.060
   -48.061
   -48.061
   -48.061
   -48.061
   -48.061
   -48.062
   -48.062
   -48.062
   -48.062
   -48.062
   -48.063
   -48.063
   -48.063
  -162.951
  -162.951
  -406.675
  -406.675
  -162.951
   102.125
   102.125
   769.375
   463.807
   201.453
   135.023
   188.062
   276.886
   346.652
   370.722
   343.281
   271.832
   171.128
    58.702
   -48.167
  -134.346
  -187.866
  -200.321
  -166.824
   -85.702
    41.992
   213.021
   312.011
  -268.526
   681.733
   610.813
 -1533.260
   704.181
   889.242
   436.276
   153.136
  -254.922
  -428.080
  -339.871
    18.490
  -143.941
   261.911
   -30.338
   219.922
   123.900
  -169.917
  -377.809
  -419.737
  -334.913
  -187.547
   -28.395
   111.506
   216.117
   278.315
   295.443
   266.737
   192.116
    71.759
   -93.953
  -304.346
  -558.373
 -1304.813
 -1078.851
 -1283.285
  -640.314
 -1036.645
  1196.392
  1032.004
    30.958
  -818.472
    96.865
  1032.915
   -37.125
 -1045.967
  -300.892
  -719.440
   590.343
  -738.115
  1452.322
   366.416
   287.120
  -742.279
  -244.885
  -309.052
    70.550
   137.750
   102.845
    61.240
    40.431
    31.409
    18.072
    -7.644
   -43.979
   -83.190
  -115.816
  -133.496
  -130.253
  -102.731
   -49.870
    27.628
   127.851
   248.154
  -244.885
  -309.052
  -244.885
  -309.052
    70.550
  -244.885
    70.550
   113.988
  -267.328
   -29.830
 -1207.748
   755.489
   269.155
   223.290
  -397.225
 -1009.154
   335.229
 -1116.206
   305.094
   948.650
   638.754
   386.406
  1070.816
  -161.875
   196.596
  1385.356
  -203.718
 -1439.932
  -581.647
   -30.101
   253.998
   -64.431
  -238.694
  -125.792
    98.274
   281.186
   359.933
   334.685
   235.528
   100.630
   -34.981
  -143.900
  -207.184
  -213.504
  -157.660
   -39.027
   139.826
   374.266
  -724.879
   612.336
  -938.606
   617.964
   614.583
  1210.030
  -612.203
   489.174
   247.041
   489.174
   247.041
  -157.642
   489.174
  -157.642
 -1567.057
  -268.530
 -1487.064
   285.484
  -530.068
  1183.433
  -811.262
  -614.030
  -184.775
   -62.825
   419.749
 -1994.187
  1090.823
   225.038
  -719.745
  -517.409
  -122.890
  -881.757
   878.220
   935.199
   243.790
  -908.782
  -170.452
   164.132
   345.051
   309.832
   139.383
   -41.221
  -163.114
  -212.045
  -201.617
  -153.624
   -88.454
   -21.773
    35.809
    77.938
   101.473
   105.518
    90.654
    58.365
    10.628
  -357.555
  -162.036
  -557.749
   333.989
  -473.365
    75.113
   944.683
   389.366
   314.684
   275.327
   198.371
    59.453
  -566.430
 -1022.369
     4.913
   -36.905
     4.913
   -36.905
   182.798
     4.913
   182.798
   914.124
   673.262
   691.360
   736.827
   752.412
 -1262.265
   149.020
  -140.930
   351.051
  -289.460
   254.094
   -69.424
   554.405
  -800.210
  -288.302
 -1557.046
   301.209
 -1854.582
  -267.075
   220.787
  1694.634
   219.429
   106.949
  -108.941
  -267.510
  -320.175
  -276.555
  -168.630
   -33.454
    95.169
   191.214
   239.027
   234.350
   183.665
   101.912
     8.996
   -74.094
  -128.682
  -140.675
  -101.539
    -8.162
   -22.413
    65.331
  -276.262
  -237.922
    53.114
   170.475
   472.840
   189.091
   -77.507
   -84.403
  -107.439
  -442.017
  -232.797
  -486.968
   360.376
   -52.926
  -226.396
  -707.094
  -275.720
  -548.165
 -1059.520
   219.429
   106.949
   219.428
   106.948
  -108.942
   219.428
  -108.942
  -423.397
  -467.100
  -163.394
   264.579
  -561.546
   684.118
  2436.049
    65.690
   383.871
    39.983
   285.182
   791.462
  -449.351
  -749.988
   150.077
   352.945
  -369.833
  -311.961
   600.513
  -120.553
  -349.634
  -539.588
  -520.242
  -212.527
    22.426
   138.831
   156.894
   107.939
    22.480
   -73.447
  -159.886
  -223.336
  -256.192
  -255.659
  -222.476
  -159.714
   -71.770
    36.397
   159.805
   293.793
   434.219
   -74.600
   609.519
  -333.284
  -361.044
   362.494
   201.680
  -354.687
    14.908
   109.148
  -683.717
 -1009.465
   307.034
  -289.455
   707.729
  1357.862
   388.754
  -327.278
 -1538.466
  -304.699
   610.040
   157.962
  1218.148
  1619.757
   -92.440
   580.578
  1620.611
 -1758.941
 -1249.700
   318.346
  -113.131
   318.346
  -113.131
  -822.474
   318.346
  -822.474
   299.033
   221.854
   469.563
   514.746
  -586.900
   945.198
  -606.022
   -67.043
   223.510
  -285.178
  -137.261
   738.949
  -876.895
   261.192
  -335.815
    27.355
  -162.386
   339.315
   492.187
   -56.867
   141.843
   321.415
   -65.262
  -131.034
  -110.608
   -82.371
   -59.996
   -43.862
   -32.318
   -23.875
   -17.518
   -12.658
    -8.964
    -6.211
    -4.197
    -2.740
    -1.688
    -0.929
    -0.377
     0.024
     0.317
  -453.683
   699.814
  -978.153
  -330.534
   715.925
  -295.384
   165.340
   229.072
  -743.163
  1298.015
   666.438
  -677.645
  -399.569
  -619.035
 -2067.248
    70.203
  -453.776
  2001.674
   -74.057
  -825.360
   816.624
   147.066
   693.581
 -1332.349
 -1067.521
   732.696
   796.419
   851.379
   292.578
  -188.899
   199.193
  -365.482
  -289.537
    78.181
  -613.607
   223.889
   -58.595
   223.889
   -58.595
  -123.209
   223.888
  -123.209
   -69.006
  -596.928
   360.058
  -337.077
  -682.578
  1105.861
   215.710
  -180.226
    50.038
  -316.563
   391.207
   -47.363
  -646.207
   592.066
   249.716
   211.869
   119.186
   343.182
    93.899
  -443.985
  -233.271
 -1546.107
   940.618
   236.106
   431.184
   515.632
   465.351
   375.120
   288.092
   214.696
   153.866
   102.088
    56.293
    14.438
   -24.622
   -61.427
   -96.157
  -128.816
  -159.339
  -187.658
  -213.731
    17.221
  -417.870
   -35.817
  -627.996
   -57.381
  -183.503
  -737.027
   -94.649
  -636.337
  1325.219
   247.466
   171.812
  -717.625
  -685.002
  -196.174
    41.033
  -908.590
   950.004
  -237.428
  1089.921
 -1107.930
   270.253
  -705.266
  -710.949
  1519.121
 -1443.369
   266.966
  -461.420
  -105.645
   300.475
  -706.457
   631.756
   567.709
  1052.410
  -790.712
   207.617
  -381.808
   168.969
  -650.242
   115.825
    28.391
  -414.816
   -26.003
  -287.044
   -26.003
  -287.044
   215.729
   -26.003
   215.729
   468.375
   204.338
   259.294
   343.759
   357.863
  -641.250
   147.356
    -8.228
    42.499
  -211.015
  -835.170
   218.627
   929.005
    61.033
  -718.780
   684.866
   -29.075
   401.449
  -139.779
   191.474
  -356.173
   169.002
   110.832
  -337.034
  -456.159
  -357.668
  -205.634
   -81.342
    -3.926
    34.960
    49.905
    52.797
    50.706
    46.600
    40.794
    32.257
    19.523
     1.237
   -23.589
   -55.493
   -94.589
  -694.054
   541.597
  -426.419
   713.032
   316.763
   142.776
   403.680
   -25.650
   -55.730
  -120.596
  -308.073
   281.144
  -175.134
  -145.236
  -211.683
  -734.710
  1748.086
  -233.570
   543.333
  -576.121
  -519.240
  -843.309
   885.017
   126.133
  1589.297
 -1169.521
  -186.740
  -898.103
   173.759
  -998.175
  1078.122
  -925.966
   377.292
  -141.722
   292.778
  -882.386
  1044.176
 -1479.986
  -593.542
  1304.939
  2300.950
  -918.465
  -112.081
 -1178.246
   283.774
 -1897.425
  -529.979
  1284.773
  -518.998
   119.332
   292.184
   119.332
   292.184
   634.210
   119.332
   634.210
   652.568
   -31.215
   404.093
  -624.092
   427.328
  -326.310
   322.454
   574.172
 -1233.197
  1208.790
   194.502
 -1241.816
 -1255.824
   894.475
  -709.252
   127.111
  -845.229
   790.990
  -544.058
   101.027
   587.768
   352.240
   292.323
   466.052
   139.682
   -91.363
  -149.762
  -110.934
   -42.077
    21.288
    66.256
    91.822
   101.958
   101.945
    96.684
    90.066
    84.852
    82.768
    84.701
    90.894
   101.142
    54.026
  -310.313
   -91.048
   697.853
  -241.032
    -3.521
  -162.994
  -406.602
 -1213.560
  -437.851
 -1926.999
   731.366
   907.716
   984.542
    11.556
   173.242
    63.882
   203.690
  -187.751
   -25.136
   211.008
  -709.635
   203.756
  -238.801
  -282.082
  -679.794
  1317.628
   376.731
  -763.566
   618.687
  -550.313
  1428.011
  -480.547
    47.385
  -786.353
  -491.592
  -928.373
   250.861
   526.987
   679.372
   425.621
  -361.254
    67.585
  -917.828
   841.996
   -14.611
  -306.309
  -844.243
   685.776
   231.355
   390.197
   217.863
   491.313
  -373.109
  -201.410
  -497.501
  -209.929
    45.224
  -209.929
    45.224
  -457.238
  -209.929
  -457.238
   125.757
   470.338
  -627.776
   535.074
    99.215
 -1328.176
   576.094
   893.044
   559.192
  -901.813
  -849.836
  -476.583
   378.747
   744.948
 -1181.872
  -325.919
  -987.539
   375.176
  -391.552
  1199.212
   128.057
  -822.622
  -637.171
  -560.530
  -313.355
  -110.972
    14.228
    81.698
   112.634
   121.825
   118.619
   108.775
    95.804
    81.813
    68.036
    55.154
    43.501
    33.201
    24.249
    16.568
    10.044
 -1069.564
   -87.975
  1539.746
   937.137
   759.629
  -570.217
 -2054.336
   567.272
  -144.135
   744.089
   253.394
 -1480.960
   755.611
  -933.176
   297.522
  -260.509
   333.127
  -195.532
  -670.497
  1088.949
   504.224
   311.772
   146.771
    41.867
   -44.372
    71.743
  -166.515
  -121.826
  1691.506
   507.679
  -539.603
 -1345.004
  -305.250
  -207.425
 -1131.508
 -1643.518
   659.555
 -1389.402
  -436.530
  1934.668
  -172.731
   110.926
 -1753.261
  -225.831
   781.497
   706.585
   602.510
   965.693
  -862.846
   548.436
   378.014
  -905.103
  -425.345
  -234.043
   -10.360
   717.327
   875.059
   189.013
   631.462
    34.693
  -438.286
   294.117
  -413.451
   464.398
   154.475
   464.398
   154.475
  -128.856
   464.398
  -128.856
  1076.366
   646.193
   465.597
   -25.370
   168.871
  -367.570
 -1442.030
  1186.948
   277.275
   261.831
  -731.388
  -265.496
   -73.889
  -912.919
   628.955
   494.749
   223.750
  -561.546
   833.111
   239.532
 -1406.135
   374.948
    21.009
    69.914
    70.921
    70.970
    71.799
    73.081
    74.528
    75.954
    77.262
    78.407
    79.381
    80.191
    80.854
    81.392
    81.824
    82.168
    82.441
    82.657
    82.828
  -384.427
   914.761
  -271.326
  -486.026
   110.609
   672.464
  -152.777
  -839.038
  -105.583
   378.788
  -539.804
    90.808
  -566.762
   -42.028
   503.856
    70.571
   555.171
    73.260
    71.872
   556.281
    71.962
  -445.287
   -18.377
 -1119.672
   -44.344
    68.837
 -1481.178
    67.810
  -565.207
   -29.115
  -729.352
   -32.052
    68.869
  -874.139
    70.031
   364.113
   -78.243
 -1794.014
 -1530.694
    67.713
  2268.429
  -134.048
     0.971
  -266.694
    16.286
  -417.000
   -23.987
  -362.233
   -95.069
 -1905.273
  -117.629
   757.486
   -63.521
   190.277
   288.793
   199.069
    58.137
  -200.162
  1105.678
  -205.986
    21.066
    92.150
   -18.669
  -318.514
   -20.982
   231.028
    -0.475
    70.777
  1434.022
    77.578
  -401.815
   -27.101
  -401.815
   -27.101
    68.076
  -401.815
    68.076
    74.417
   -36.683
   773.593
   -40.164
    71.261
  1799.545
    80.231
   323.632
    53.107
  1005.477
   103.035
    66.166
   715.708
    77.996
   987.523
   -15.719
   917.256
   -79.549
    54.670
   195.410
    20.271
 -1155.469
   208.633
   293.985
   269.850
   239.840
   186.107
   118.116
    53.300
     2.358
   -31.796
   -50.628
   -56.881
   -52.876
   -39.959
   -18.565
    11.458
    50.503
    98.926
   156.863
   224.134
  -161.588
  -614.227
   264.849
   175.282
  -871.467
    90.887
  -468.111
    -8.893
   277.398
   712.245
   298.580
  -780.486
  -828.921
   422.649
   455.517
 -1033.249
   -43.206
   458.214
   510.802
 -1481.261
  -508.796
  -233.304
   251.883
   -63.103
  -553.702
   948.659
     0.089
  -498.072
   184.224
   950.616
  -138.286
   552.902
  -236.663
  -410.368
 -1358.960
   -52.060
  -803.270
   304.979
 -1021.720
  -280.360
  1039.377
  -411.838
   178.861
   247.580
   352.937
   843.852
  -818.653
 -1257.398
   867.243
   690.042
  -582.379
   557.546
  -931.438
   920.252
   203.718
    65.405
   105.029
  1182.878
  -966.797
   463.974
  -893.979
   167.261
   -46.177
  -254.656
    22.857
    61.348
  1550.634
   -77.360
 -1073.596
 -1133.607
   370.676
  -576.890
   738.359
    53.001
 -1504.607
  1103.648
   231.596
    13.763
  -262.960
    13.763
  -262.960
   191.710
    13.763
   191.710
   982.938
   312.616
   127.565
   126.630
  -236.913
 -1363.129
   596.513
  -718.140
  -737.602
  1136.504
   313.948
   185.682
  -346.825
  -249.669
   416.842
   429.236
   167.809
   286.878
 -1064.118
  -330.404
   -87.940
    93.350
   -61.910
   -44.814
   -27.284
   -10.949
     3.626
    16.268
    27.015
    36.012
    43.443
    49.499
    54.362
    58.199
    61.156
    63.363
    64.935
    65.970
    66.553
    66.760
    66.653
   147.907
   -50.164
   122.299
   -57.538
   -21.620
    95.094
   -32.810
   702.823
  -151.683
   473.725
  -105.926
  -147.179
  -699.515
   -58.588
   -10.479
    19.163
    -6.656
    22.891
    35.687
   -16.446
    33.134
    48.790
  -287.081
   670.860
  -341.711
  -265.790
  1617.761
  -324.669
   -17.533
   -53.220
   -26.472
   -56.469
   -79.042
   -25.759
   -81.744
    59.971
  -106.898
    48.371
  -145.723
   -99.883
    51.389
  -186.234
    59.612
   -57.084
    50.183
   -52.060
   -39.185
    33.502
   -27.535
   372.853
  -399.662
  2178.294
  -365.224
  -371.232
   293.587
  -320.545
   -95.089
   439.692
  -560.857
   573.229
   382.888
 -1313.673
   562.658
    81.548
   114.856
    18.987
   161.494
   112.427
   -34.388
   124.414
   221.591
    36.681
   131.825
    57.111
    23.979
   105.854
    50.178
    74.031
   -73.091
    99.230
   -79.374
   -49.059
   140.552
   -50.000
    62.227
   -62.371
    62.227
   -62.371
   -44.818
    62.227
   -44.818
    76.812
   -80.661
    87.817
   -93.585
   -54.781
    96.796
   -68.673
  -126.579
   -26.583
  -114.957
    -5.351
   -46.207
   -89.783
   -61.793
    36.476
  -135.358
   -57.671
  -219.254
  -119.023
  -179.774
  -292.364
   -87.923
   108.100
  -439.910
  -926.231
  -889.422
  -427.385
   151.402
   617.007
   878.059
   938.501
   845.604
   656.217
   420.441
   176.169
   -50.932
  -245.321
  -399.020
  -509.311
  -576.911
  -604.631
   577.708
   471.704
   -12.764
  -107.840
  -692.659
    77.381
    73.816
   669.027
   828.649
   -17.392
   335.907
    71.273
  -702.421
  -648.340
   613.819
   869.962
  -383.624
  -903.394
   902.759
   -67.891
    10.947
    85.813
  -317.541
   -94.713
   819.183
   260.429
 -1783.152
   -86.418
  1334.886
   939.746
   232.349
   -31.373
   366.815
  -164.375
   -12.952
   462.687
   571.003
   106.943
    -4.323
    46.756
   150.095
  -702.864
  -175.565
  -100.910
   304.315
   561.020
 -1327.631
  1186.080
  -160.632
  -284.228
   117.995
  -352.908
  -443.796
   950.764
  -710.972
   -19.697
   982.003
   278.771
  -579.453
   -36.634
  -290.496
 -1144.805
  -673.371
  -370.861
    43.430
  -531.463
    25.859
   525.768
 -1041.659
   429.518
   648.285
    40.511
   409.758
  -655.233
   170.696
   605.058
  -564.660
  1287.133
   928.671
  -785.337
  -405.454
 -2068.806
   537.507
  1534.642
  -763.633
  -943.047
  -492.748
  -405.876
 -1922.788
   621.339
   644.227
  -541.752
   309.794
  -541.752
   309.794
   719.099
  -541.752
   719.099
   188.918
   494.292
  -114.434
   289.213
   -68.547
  -502.480
  -288.659
  -852.643
  -517.122
   351.326
   914.008
  -358.459
   166.023
  -177.126
  1037.054
  1190.223
  -243.298
   199.770
   632.637
 -1746.783
  -128.692
  -209.058
   -99.109
   391.067
   -71.260
  -560.923
  -823.209
  -887.378
  -826.884
  -701.096
  -549.639
  -396.782
  -256.270
  -135.027
   -35.730
    41.467
    97.808
   135.237
   155.971
   162.247
   156.190
 -1484.022
  -801.209
   381.321
  1684.375
  -504.127
     2.539
  -267.692
   384.659
   232.528
  -127.557
 -1283.777
  -133.679
   159.622
  -249.258
  -786.369
  -189.889
   281.636
  -164.604
   387.863
   971.050
   138.369
   -35.485
  -530.808
   217.922
 -1248.267
   661.652
   689.028
   695.657
   -14.985
  -456.342
  -296.395
  1181.026
   108.162
   622.666
   620.257
   -94.899
     3.873
   821.681
   482.602
   170.046
   178.725
  -512.135
  1159.709
   538.021
  -423.834
   -96.926
  -259.658
  -219.773
  -482.071
   454.164
  -460.155
   580.710
 -1125.220
   -52.772
  -199.411
     9.901
   165.409
  -231.084
   253.795
  -476.908
   235.807
    44.640
  -195.288
  1531.893
 -2278.896
  -651.696
 -2496.536
  1412.737
  1582.089
  -946.390
  -319.506
  -335.080
   212.486
  -826.913
  -262.098
   302.094
   360.813
  -163.082
  -572.659
    16.086
  -413.535
   559.509
    55.628
   105.813
 -1609.026
   920.108
 -1082.050
  1635.663
   103.733
   485.570
  -458.745
   -37.299
  -113.548
  -582.526
  -875.796
   635.854
 -1442.190
    57.690
  -209.058
   -99.109
  -209.058
   -99.109
   391.067
  -209.058
   391.067
  1139.677
  -167.459
   665.328
 -1089.606
   390.566
  -680.017
  -737.108
   255.964
    41.739
 -1089.218
   679.665
  -590.039
   990.613
 -1196.315
   228.712
  -365.598
   347.939
  -582.824
    12.988
   644.769
  -383.897
  -439.916
   126.587
    61.858
   627.659
   892.116
   821.120
   591.092
   330.676
   100.587
   -80.116
  -211.930
  -302.551
  -361.086
  -395.754
  -413.206
  -418.530
  -415.484
  -406.786
  -394.364
  -379.573
  -338.593
  -949.921
   -22.613
   -21.838
     4.008
   -17.972
   -30.443
   455.945
  -252.674
  -725.718
 -2223.501
   300.781
 -1350.390
  -790.404
   572.888
  -817.686
   312.613
  -176.855
 -1840.885
   201.777
   -80.425
 -1313.726
   388.771
  -589.814
   988.452
   255.148
  -115.139
   814.024
  1189.482
  1957.595
  -223.375
   598.288
   731.935
 -1438.360
  -836.330
  1161.739
   538.806
 -1676.497
  -193.253
 -1282.637
  1323.989
   393.473
  1107.243
 -1391.194
  -275.844
   195.713
   794.776
  -163.603
   590.621
  -468.234
 -1912.856
   628.703
   155.381
  -148.502
   632.067
  1679.785
  1445.786
   775.993
   664.036
   506.808
  -448.085
 -1671.649
  -716.571
    92.785
   194.025
   421.867
   250.262
   230.199
   515.763
   628.557
   297.272
  -381.781
  1141.565
  -254.871
 -1607.103
   679.820
 -1439.174
   493.288
  -561.995
  1565.844
  1252.183
 -2204.038
 -1566.477
  -458.386
   655.815
   143.391
  -824.774
  -116.035
   -84.541
  -594.750
   641.247
   191.445
  -226.316
  -441.882
 -1034.527
   189.688
   318.195
   272.812
 -1583.708
  -450.878
 -1376.654
  -163.401
  -422.854
   607.487
  -223.098
  -439.916
   126.587
  -439.917
   126.587
    61.858
  -439.917
    61.858
  -275.746
   -85.783
  -280.049
  -209.120
  -143.788
  -192.828
  -658.403
 -1033.433
 -1061.866
  1503.442
  1528.216
 -1705.103
  -497.934
  1071.450
 -1178.232
  -159.571
  -174.698
   -62.609
   237.164
  1875.438
   362.611
   121.650
   502.992
  -103.397
  -363.291
  -522.883
  -587.696
  -550.036
  -434.590
  -275.801
  -102.322
    66.801
   220.760
   354.487
   466.498
   557.376
   628.788
   682.889
   721.963
   748.229
   763.739
   698.432
  1413.054
   668.830
  1564.574
  -524.403
 -2354.369
   555.220
  -157.191
  -464.930
   -11.239
    27.353
  -696.469
   -14.921
    28.989
   798.073
  1360.170
   726.378
  1431.152
  -343.031
  -132.732
  -326.818
   896.023
   -73.083
   213.076
   820.337
 -1871.325
   189.547
  1586.214
  -550.004
   559.686
    88.933
   701.788
  -104.482
   382.320
  -137.557
   285.775
  -231.080
   430.937
  -982.129
 -1220.841
   497.714
  -288.029
  1010.359
   375.349
 -1992.527
   -12.790
 -1123.868
  -134.109
   -41.230
   -20.893
 -1080.080
  -245.018
  -139.402
   709.343
  -149.578
  -242.459
  -189.807
   -61.891
  -419.335
    28.533
  -229.630
  -254.617
  -156.097
  1135.450
   549.530
   612.383
   260.370
   -10.316
 -1203.603
   952.008
   226.237
   236.047
    21.491
  -141.104
  -117.010
  -515.476
  -238.153
 -1257.953
    48.143
  -921.974
  -125.567
  2953.921
   785.631
  1196.358
   171.801
  -294.957
   655.982
  -115.239
     9.015
  -666.309
   873.349
  1193.981
   232.754
  -564.375
  -607.116
   335.872
    -0.624
   741.324
   258.096
   378.410
  -277.468
   427.286
  -467.322
   902.235
 -1148.721
  -286.457
   839.635
   162.684
  1315.708
    45.968
  1824.855
   346.966
   121.650
   502.992
   121.650
   502.992
  -103.397
   121.650
  -103.397
   766.784
   578.593
   747.953
   179.874
  -162.456
   543.184
 -1232.299
   304.465
   316.462
  1128.313
  1365.824
  -234.656
 -1551.136
 -1334.766
 -1427.325
  -655.970
 -1163.279
 -1071.749
  -187.565
   500.370
   318.003
  -744.773
   104.000
   325.461
    89.030
  -180.616
  -321.353
  -328.322
  -248.652
  -131.969
   -14.415
    82.717
   149.538
   183.504
   186.131
   160.740
   111.076
    40.551
   -48.101
  -152.919
  -272.675
   674.090
  -390.274
   -61.774
  -667.131
   264.940
   213.814
   584.509
   602.948
   478.320
   203.194
  1454.916
  -733.528
 -1638.277
   512.731
    59.140
    71.962
    48.985
    89.922
     2.033
    44.737
    87.061
  -662.304
   500.593
   128.646
  1303.993
  -620.069
  -117.730
 -1021.548
  -423.307
  -503.243
    64.221
    60.183
  -431.687
    90.763
    83.020
  1496.735
  -639.091
   633.415
  -226.588
 -2383.740
   115.425
   599.343
 -1026.993
   371.069
   408.993
  2267.911
   -24.756
  -697.267
  -953.808
   520.933
   758.048
  -826.497
   553.259
  -579.845
   730.757
  -933.603
   -41.996
   385.579
  -296.656
 -1038.704
   234.798
    65.382
   399.587
  1252.734
  -864.830
   -17.079
 -1238.404
   323.507
    28.792
   360.965
 -1597.231
  -133.536
  -440.091
  1285.977
   173.676
  -608.013
   -27.611
   -72.594
   -80.567
  -356.339
     5.352
   262.000
  -314.816
   949.447
  1305.869
   364.837
 -2859.667
  -268.978
  -951.355
  1180.028
   810.618
  -202.547
   887.937
    84.473
   274.849
  -569.436
  -315.903
   -13.032
   850.359
   288.994
 -1007.955
  -118.727
  -422.988
  -327.697
   597.593
  -615.399
   -72.182
  -191.077
  1507.200
   486.274
   147.768
 -1408.350
  -717.273
 -1167.743
  -143.067
 -1020.779
  -726.567
  2088.707
   453.591
   441.642
     5.640
   441.642
     5.640
   222.679
   441.642
   222.679
   265.161
   -59.857
  -288.015
  -517.074
   700.092
 -1178.694
   230.802
   210.393
   669.666
  -948.670
   869.869
  -979.605
   -69.643
  -146.032
 -2018.779
   167.223
 -1436.505
   955.088
    55.119
  1741.159
  -927.850
 -1691.507
  -470.023
   156.278
    91.547
   -52.914
  -110.775
   -96.797
   -50.665
     1.105
    45.687
    78.304
    97.959
   105.095
   100.526
    84.999
    59.074
    23.114
   -22.680
   -78.224
  -143.510
   623.856
   -40.347
  -575.707
  -294.257
   314.526
  -711.875
   445.599
   252.902
 -1101.467
   549.475
   568.482
   125.746
  -131.999
   805.952
   102.900
  -774.097
   546.319
   131.497
 -1351.594
  -363.456
  1086.781
  -327.792
  -366.483
    82.072
    79.150
  -407.772
    76.815
    65.881
   374.802
   263.408
  -416.218
   249.658
  -650.990
  -546.107
   262.496
  -700.028
  -160.889
  -176.843
  -653.092
   810.802
    37.902
   -28.733
  -507.086
   486.494
  -428.498
 -1270.180
   782.682
  1746.545
 -1115.853
   633.222
  1049.469
 -1351.629
  -398.907
  -692.233
  1131.091
  1045.116
  -148.635
  -120.822
  -252.174
    74.551
   636.354
   515.965
  -418.453
   852.643
    53.617
 -1267.225
 -1097.280
  -430.829
 -1068.910
  2147.819
   379.965
   440.936
  -253.816
  -219.099
   489.572
  -516.719
  -323.034
  -264.900
   -52.638
   130.254
  -555.356
   772.191
   284.175
  -650.866
   169.499
   328.406
    25.698
   488.474
  -124.081
  -167.888
  -656.072
 -1590.376
   826.429
   191.465
  1198.076
   -39.361
  -336.645
  -965.607
   634.069
   598.519
 -1302.228
   134.502
  -711.185
   909.659
   192.364
  -226.022
   331.289
  -303.881
  -454.569
    -3.580
    26.522
   383.464
  -370.410
   430.643
  -402.534
  1049.748
  -272.619
   776.308
  -948.701
   633.518
   348.482
    10.889
  -415.066
   605.378
  -810.589
  -276.266
   244.328
    13.339
   244.328
    13.339
  -242.206
   244.327
  -242.206
  -250.404
  -452.841
  -143.351
  -248.240
  -375.480
   419.172
   710.056
   562.614
  -128.599
  -331.356
   783.219
  -966.986
 -1035.393
   461.093
 -1171.594
   467.538
  -341.440
  -204.820
  1878.070
  1165.387
 -1102.375
  -213.753
  -573.837
  -223.331
   -41.975
    26.184
    47.753
    44.296
    22.451
   -12.337
   -53.380
   -93.527
  -126.079
  -145.251
  -146.263
  -125.275
   -79.266
    -5.933
    96.396
   228.831
   391.971
  -311.928
   489.027
   213.012
  -310.421
  -368.193
  -669.456
    29.775
  -348.401
  1291.687
   966.588
  -221.194
  -933.278
   110.188
  -367.104
   398.735
  -258.653
    94.052
  -348.101
   152.772
  1276.619
   435.177
   -71.433
   387.741
  -274.669
  -122.561
   887.258
    -4.834
  -118.267
     8.382
    -9.789
   -37.153
    13.415
    17.796
   -20.934
    86.464
   511.468
  1209.984
 -1688.394
   297.112
 -1396.969
  1656.891
  -361.784
   254.745
   495.487
  -127.208
  -113.468
   192.072
   -88.834
   -96.543
  -783.928
  -431.288
  -497.048
   424.785
   -76.285
    91.508
   726.510
  -828.950
   -50.946
   -21.074
  -308.150
   757.633
   315.809
   243.553
  -547.156
   775.649
   537.057
   658.117
  -295.699
  -168.483
  -684.969
  -748.685
   107.941
   388.195
  -171.635
   141.154
     9.504
  -976.965
  -200.797
   370.409
  -125.635
   377.735
   -91.035
  -169.714
  -503.481
   276.701
  -815.469
  -314.192
 -1542.380
  -103.481
  -317.056
   823.843
  -593.652
  -419.362
   -81.177
  -523.255
  -347.778
   779.132
   -60.852
  -386.286
   540.857
  -889.695
  1224.276
  -697.126
    20.628
  -385.462
 -1449.346
   836.907
  1420.247
   718.167
  -320.027
  -370.989
  -470.924
  1251.396
  -606.704
   403.651
  -531.738
   -85.144
  -976.369
   676.923
   164.072
   -19.766
   133.494
   770.336
  -105.908
  -793.502
    21.410
   353.951
  1190.249
   212.829
  1293.049
   919.112
 -1196.641
  -337.243
  -714.870
   100.167
  -714.870
   100.167
   100.871
  -714.870
   100.871
    -7.863
   394.481
    72.142
   243.619
  -197.628
   593.077
 -1337.001
 -1056.903
  -131.852
   475.848
  -522.084
   359.492
   964.650
  -370.663
  1184.451
  -717.534
   948.956
  -672.006
  -794.467
  -884.662
   483.355
  1558.603
   -31.678
 -1019.834
 -1358.114
 -1147.585
  -689.541
  -217.951
   150.047
   381.267
   487.023
   496.095
   439.861
   345.536
   233.955
   119.608
    11.615
   -85.065
  -168.480
  -238.735
  -297.238
  -543.014
  -686.388
   487.546
    65.895
  1120.706
     0.760
  -255.508
  -485.259
   888.622
   -19.916
 -1201.858
   991.910
  -973.473
 -2566.323
   640.178
  -784.782
  3832.209
  1891.253
 -1828.547
   643.304
  -770.664
  -498.865
  1029.196
  -526.037
     2.333
  -243.698
  -143.059
  2316.187
  -131.604
  -251.964
  -554.518
 -1038.874
   662.703
   438.593
  1530.988
    85.127
    73.715
  -123.303
  -164.850
   130.745
  -112.733
  -178.551
 -1084.755
  -375.055
   936.320
  -390.602
  1646.375
   623.898
 -1924.225
  2750.474
 -1475.461
   158.240
 -1063.802
  -835.463
    29.969
   976.196
  -912.397
  -381.447
  -534.090
   575.067
  -623.798
 -1091.516
  1666.014
   934.717
  -830.613
  1410.358
   524.200
   310.237
   -87.496
    61.846
   160.670
  -554.281
    80.808
  1164.090
   214.392
  -793.336
  -137.607
 -1485.217
  -161.536
  1141.492
  -770.836
  1042.064
   818.432
 -2259.497
    -7.956
  -715.179
  -245.204
  -869.614
   528.687
  -150.628
   658.674
   377.042
  -144.514
   158.446
  -819.200
   801.048
  -320.609
  -223.584
   207.099
   329.742
   183.057
   285.255
   338.595
  -168.366
   665.027
  -759.939
  -162.978
   644.621
 -1100.310
  1542.167
   261.904
 -2109.053
  -439.248
   875.076
  -379.360
  -437.477
   765.014
   429.685
    47.061
 -1415.303
    86.476
   402.163
   528.365
   511.844
   279.661
  -740.114
   371.899
   128.335
  -321.141
   -81.768
  -208.612
  1163.265
  -893.021
    77.418
   445.028
   -27.451
   461.062
  -281.144
   -82.047
  -954.459
   -67.374
    14.525
   -67.374
    14.525
  -548.310
   -67.374
  -548.309
   -77.864
   248.626
  -133.225
   461.445
  -278.632
  -191.290
  1004.368
  -753.624
  -171.822
  1291.355
  -858.329
  1964.615
  -517.921
  -197.146
  1241.534
   102.844
   307.625
    70.236
  -849.618
  -963.242
   306.465
   599.623
    63.394
  -239.829
  -463.654
  -545.608
  -492.048
  -355.903
  -189.713
   -29.508
   104.419
   202.538
   261.751
   282.566
   267.461
   219.974
   144.179
    44.370
   -75.144
  -210.188
  -356.816
    71.163
 -1224.535
  1406.491
   356.991
   815.978
  -703.379
  -828.872
 -1004.271
   -97.170
  -301.722
   903.320
   207.782
   279.372
  -461.224
   -81.456
  -199.679
    70.118
 -1128.958
 -1632.809
   814.230
   326.597
   487.452
  1350.393
 -1997.638
  -947.136
   470.606
  -907.660
  2647.800
 -1038.018
  1154.168
  -106.420
  -236.331
   748.652
   179.040
   670.688
  -527.138
   -58.869
   957.048
  1720.489
   195.997
  -591.289
 -1500.093
   239.241
    85.681
  -108.124
  -144.330
     8.773
  -101.103
  -141.973
 -1280.348
  -431.711
   385.981
   640.358
   880.232
  -482.661
   329.069
   286.491
   493.500
   118.046
   100.045
   -15.132
   129.078
    75.087
   -15.041
   281.219
   126.916
  1102.406
  -310.594
 -1030.220
   -13.402
   483.119
   783.363
  -130.511
   269.009
 -1459.202
   451.132
    63.693
   283.222
  -250.467
   525.243
   621.346
    94.244
  -716.635
  -435.376
 -1686.469
  -502.496
  1457.054
 -1176.763
  1549.647
   187.545
  -786.543
  -423.773
 -1040.291
   324.178
    37.152
   -26.272
   252.292
   937.247
   394.847
  -641.883
  -277.350
  -861.817
 -1262.628
   484.287
   196.960
   529.704
   234.351
   316.244
   128.773
   292.480
  -415.030
   -75.299
  -965.948
  -461.486
   218.359
  -207.232
  1234.066
 -1136.251
   577.790
  -133.551
    22.751
   395.696
   455.858
  -138.279
  -198.965
  -209.603
  -786.938
   434.690
  -213.744
  -249.971
   470.054
   686.161
  -520.049
   757.044
    66.815
   758.829
  1418.278
 -1061.174
  -931.027
  -870.634
   372.526
  -686.930
   433.235
 -1137.788
    50.409
   230.536
   402.149
   166.444
  -187.652
   166.444
  -187.652
  -235.450
   166.444
  -235.450
  -461.991
  -886.760
  -516.936
  -677.899
  -248.994
  -402.136
  1660.646
   573.407
   326.416
  -546.348
  -424.466
   514.334
  -202.866
  -174.291
   152.729
   151.532
  -197.173
   492.019
  -422.726
  -573.883
   227.709
   265.231
  -398.145
  -444.627
  -500.777
  -583.427
  -539.805
  -319.288
    -4.331
   278.878
   444.477
   471.398
   385.572
   232.634
    58.027
  -102.858
  -227.359
  -304.373
  -331.654
  -312.914
  -255.310
  -361.192
   -82.330
   338.478
   770.968
  -764.460
   -27.046
  -189.614
 -2677.654
 -1837.245
 -1586.646
 -1374.645
  2305.323
  -419.151
  1492.390
  -322.704
  -185.631
 -1309.687
 -1866.458
   471.045
   348.780
  1244.914
  -149.291
  -837.360
   438.148
    -7.750
 -1039.252
   339.410
  1001.688
   129.389
    18.934
   434.822
   686.462
    72.931
  -228.882
   368.288
   509.225
   553.864
  -155.925
 -1363.309
   571.472
  1054.918
  -303.366
  1265.957
   328.869
  1997.596
  1078.863
    -6.115
    45.048
 -1781.171
   179.472
   247.775
    14.092
    56.848
   312.307
    15.974
    65.572
  -480.700
  -258.851
   123.254
  -220.028
   475.627
  1499.633
  -652.676
    78.978
  -113.871
     1.598
     9.638
  -387.883
    80.944
   110.772
  -342.107
  -163.995
  -585.159
  -146.742
  1353.805
 -1080.072
  1475.901
  -388.037
  -462.105
   597.228
   811.640
 -1256.475
   874.835
  1044.899
   161.141
   -62.234
   128.623
  -136.468
  -242.063
   447.728
  -139.829
   496.064
   510.821
   176.542
  -776.363
  -879.883
  1099.499
  -375.378
  -414.922
  -253.919
  -254.254
   164.754
   422.598
  -249.727
  1067.380
   150.006
  -236.540
  -141.762
  -223.048
   447.981
 -1024.385
   -76.091
   465.207
   -37.842
    40.358
  -179.776
    60.595
  -723.966
   106.704
   641.021
   483.409
   270.128
  -437.715
    57.771
   666.675
 -1575.824
  -468.000
  -733.588
  -300.436
    87.289
  1457.195
 -1310.728
   200.273
   274.813
    94.703
   342.547
   302.865
  -675.072
   670.611
  -663.741
  2228.973
   943.113
  1472.996
   606.235
 -1433.004
   659.908
 -1574.854
   655.082
   269.539
  -139.454
  -177.241
   608.530
  -969.799
   220.423
   265.231
  -398.145
   265.231
  -398.145
  -444.627
   265.231
  -444.627
   440.983
   338.784
    54.587
   -44.470
   994.212
   -82.464
   125.765
  -460.561
   155.750
  -996.877
 -1339.228
   755.692
     0.198
  1039.987
   949.935
   600.756
    60.374
   -17.479
   191.083
  -453.337
 -1088.846
   -18.195
    48.828
    41.672
    33.401
    27.071
    22.355
    18.907
    16.411
    14.616
    13.327
    12.405
    11.745
    11.273
    10.936
    10.695
    10.523
    10.400
    10.312
    10.249
    10.204
 -1482.792
    81.540
   334.142
    85.724
    94.030
  2163.705
    94.224
  1236.595
   259.058
  -640.787
  2384.524
    37.269
  -461.451
    -5.824
  -413.266
   136.454
  1715.904
  -723.921
    37.376
  -704.915
  -322.012
   661.032
    -0.148
   791.164
    -3.128
    11.721
   985.377
     9.953
 -1137.587
   113.241
 -1152.000
   909.607
    34.045
 -1761.229
  -341.707
  1630.644
   129.709
  -980.783
   403.876
    24.873
    38.902
   -52.909
   138.701
   186.564
  2685.885
  2820.321
    73.769
    69.518
 -1787.622
 -1551.258
    38.902
 -2290.569
    34.812
    47.761
 -2060.803
    61.702
    33.212
    64.730
    -7.788
   118.440
    55.282
   -16.637
   114.115
  -939.093
    -9.275
  -910.910
   -31.503
    10.109
  1295.436
     9.448
 -1081.652
    39.696
    -7.840
    51.013
    33.233
   143.059
    32.044
  -652.348
    41.608
  -551.122
    43.582
    41.630
  -496.807
    41.641
  1534.566
   -17.917
 -1185.528
  -653.946
     8.620
  -662.605
  -477.441
 -1690.646
   762.172
   181.084
   748.152
     4.775
   868.975
  -764.567
  1011.285
    -6.713
  -286.477
  -947.990
    32.095
   413.082
  -167.087
  -404.598
  -343.879
   219.988
  -319.715
   -44.746
   427.320
   -11.410
   -85.739
    68.573
    37.249
   131.580
    48.378
    43.680
    66.471
   121.280
    53.952
   179.685
    58.276
    43.205
   165.860
    46.384
 -1579.950
  -870.037
  1980.059
    50.922
  1493.781
  -120.243
 -1334.287
   -43.226
    46.963
  -804.023
    66.342
    92.305
   975.106
   108.998
   -55.603
    47.529
  1579.485
    92.929
    21.888
 -1154.871
    14.063
    24.723
    62.903
   139.300
    24.181
    76.277
  -231.694
    87.029
  -789.220
    38.158
 -1589.591
    27.800
    37.917
 -2422.059
    31.460
   -18.195
    48.828
   -18.195
    48.828
    41.672
   -18.195
    41.672
  -489.859
    48.682
  -968.521
    49.142
    44.383
 -1408.552
    50.290
   -31.761
     7.706
    91.486
   -65.709
    23.483
   416.613
     8.802
  -347.937
    72.112
   227.282
   107.287
    52.580
  2512.736
    76.748
  -453.993
    73.063
   223.539
   -49.425
  -335.835
  -479.738
  -519.206
  -501.785
  -443.656
  -350.855
  -233.257
  -104.772
    20.896
   133.359
   226.524
   298.112
   348.605
   380.166
   395.766
   398.588
   354.436
  -322.277
   195.722
   -76.571
    42.311
  1072.275
  -182.673
  -967.859
   393.147
  -360.639
  1710.129
  -873.805
 -1995.199
     7.340
   734.057
   232.344
  -373.785
   119.090
  -300.638
   -76.163
  -131.640
   129.077
  1228.701
  -432.071
  1042.135
 -1332.692
  -166.649
  -883.966
  -714.675
  -976.738
   323.861
 -1413.869
  2524.726
  2366.374
 -1043.556
   117.998
  -109.680
  1149.099
  1191.052
  1460.603
    -5.964
  -671.521
   160.016
  -758.401
     7.394
   878.150
  -861.979
 -1186.167
    40.278
 -2016.279
 -1837.477
   494.583
  -448.610
   751.936
  1978.979
   736.745
     3.569
    47.998
   320.252
   356.433
  1214.340
 -1365.237
   890.263
    48.610
    26.875
   -41.543
   -34.833
    70.193
   -36.233
   -26.899
   508.827
  -403.234
   409.921
  1299.831
  -907.403
 -1333.002
   156.528
  -425.839
  -989.538
     9.389
     2.052
  -951.382
   100.650
   172.645
 -1688.479
  -738.345
  -376.559
   160.684
  1014.586
   637.639
   370.078
  1368.233
   282.099
  -131.548
 -1161.899
  -977.600
   915.615
   902.197
   497.647
   272.706
   138.091
  -361.372
  -818.999
   837.378
   535.735
   555.837
  -599.999
  -272.694
  -694.970
    14.429
  1007.439
   812.982
  -162.427
  -347.568
   330.591
    66.903
  -144.213
   323.120
    53.213
  -123.331
  -662.320
   552.868
  -871.143
   637.688
   745.648
   331.306
   283.630
   -24.185
  1091.895
   243.163
  -637.087
  1983.850
 -1028.232
   827.953
  -846.059
  1316.781
   356.241
  -230.851
  1429.631
  -378.655
 -1441.338
  -675.271
 -1095.664
 -1890.142
  1710.262
  2124.506
   419.951
  -149.597
   701.825
   799.919
   270.386
     4.823
  1501.985
  -873.353
   -79.556
  -724.754
   428.052
 -1083.319
   709.797
  3257.706
  -114.939
   173.761
   397.543
   398.277
   836.559
  -923.384
   778.924
  -876.016
  -453.993
    73.062
  -453.993
    73.062
   223.539
  -453.994
   223.538
 -1259.365
  -485.971
  -802.945
   497.599
 -1342.815
   678.927
  1360.173
   795.707
  -504.133
   243.900
 -1279.217
   544.473
  1166.105
  -141.747
  -297.166
  -677.004
   -36.669
 -1135.252
    91.866
   759.598
   425.497
  -116.369
   -61.735
   -50.964
   -50.751
   -50.749
   -50.749
   -50.749
   -50.749
   -50.749
   -50.749
   -50.749
   -50.749
   -50.749
   -50.749
   -50.749
   -50.749
   -50.749
   -50.749
   -50.749
   -50.749
  -334.536
   -32.027
   159.250
     3.148
   -22.650
  1389.040
    21.178
  -936.136
    16.026
  -823.983
    43.492
    21.804
  -764.701
    55.556
 -1140.678
  -115.528
  1223.174
  -813.115
    15.504
   639.132
   -93.086
  1134.471
  -111.122
   952.502
  -113.530
  -127.826
  1057.220
  -129.771
  1092.447
  -158.183
  -785.760
 -1569.678
   -87.420
  1246.875
  -545.934
  -549.739
   -84.049
   253.375
  -574.700
   -83.677
   856.785
   137.395
  1711.694
    13.322
  -106.425
  -209.260
    58.010
  -342.033
   524.336
   234.441
   -34.583
 -1358.762
  -901.090
    57.057
 -1998.773
   364.126
    45.336
    28.422
   442.884
   322.285
    58.758
  1994.787
   672.327
  -266.281
   -45.957
  -577.903
   -43.419
   -21.924
 -2468.538
    20.493
  -103.481
   -53.402
   -71.552
   -56.627
    -3.176
   -31.777
     2.926
  1897.629
    -7.726
  1451.662
    12.661
   -22.406
  1015.999
    20.979
  -643.163
    29.670
  -106.496
    37.344
    47.368
    36.026
    58.328
   -35.477
    30.996
   117.349
    43.209
    47.080
   391.692
    57.852
   527.257
    -0.050
  -416.665
    14.232
    -1.059
  -657.378
    44.299
   823.806
  1909.461
 -1180.641
 -1030.704
   -82.776
  -181.346
    93.989
  1105.835
   -89.663
    37.726
  -299.626
   -58.490
  1268.566
   -68.989
  -661.276
  -138.896
  -657.927
  -138.370
  -130.243
  -673.367
  -129.970
  -150.327
   -29.065
  -368.966
    -5.575
   -12.570
  -769.418
    34.902
  -195.800
   -75.667
  -249.924
   -88.138
   -63.488
  -266.477
   -85.170
  -204.938
    31.407
 -1465.917
   -59.938
    57.735
   700.188
    51.228
  1154.303
  -139.627
  2096.871
   140.366
  -131.147
  -987.034
  -332.650
  -232.249
    40.104
  -833.176
    27.047
    57.914
  -411.870
    57.683
  -494.759
   -61.593
 -1689.083
   -37.332
   -35.857
   -63.428
    26.126
   346.436
   -45.124
   752.712
   -29.527
   -41.278
  1142.947
   -22.150
  -116.369
   -61.735
  -116.369
   -61.735
   -50.964
  -116.369
   -50.964
   154.719
   -53.805
   471.781
   -46.723
   -45.830
   791.278
   -35.588
  -354.638
  -103.286
  -333.865
  -141.821
   -90.421
   330.823
  -122.362
   -53.325
   -87.722
   159.769
  -106.760
   -76.126
   476.209
  -108.432
   -91.325
  -163.507
  -278.876
  -375.404
  -404.850
  -357.291
  -251.003
  -115.201
    22.124
   139.829
   224.754
   270.645
   276.360
   244.129
   178.155
    83.612
   -34.031
  -169.427
  -317.596
  -474.058
  -421.811
  -369.427
    40.435
    44.576
   312.852
    28.676
    16.556
   489.374
   683.059
  -541.231
  -415.968
   943.341
  -519.422
   247.979
   104.760
     5.343
  -199.581
  -256.121
   -74.784
  -123.458
  -198.356
    25.719
   -19.606
  -115.725
  -325.126
  -463.132
  -252.513
  1149.609
  -705.860
  -562.277
    45.002
   105.207
  -194.083
   272.336
   469.044
    88.020
    54.819
   271.080
   837.135
   399.310
  -577.556
   205.674
   380.248
   247.652
   -62.164
  -306.352
   -44.437
   517.628
  -393.250
   -94.414
  -221.833
   462.931
    71.170
   264.537
  -276.001
 -1214.554
  -395.712
   -79.570
   -21.623
   -47.247
   708.883
    73.581
   603.400
  -252.820
    44.633
  -193.219
  -316.189
   986.751
   271.728
  -295.921
  -499.958
  -528.884
    79.079
  -244.623
  -698.340
   938.393
   479.670
   102.572
   125.868
   -46.221
   -34.807
   137.955
   -44.164
   -38.165
   137.791
   170.059
  -274.544
   -72.067
    43.442
  -276.103
   657.715
  -217.154
    22.656
    -1.268
    26.937
   268.307
    83.574
   122.876
   174.823
  -262.849
   211.431
   306.282
  -216.079
  -228.801
   598.119
   -68.793
   127.044
  -149.154
  -339.874
    65.236
  -487.709
 -1086.427
   208.000
    95.040
   259.090
   138.789
  -356.084
   300.271
  -366.887
   147.581
   308.973
  -344.313
  -327.113
   275.569
   150.759
  -101.187
    94.657
    24.752
   -51.346
    96.905
   218.637
   -65.958
   611.902
     7.262
  -278.024
  -185.088
  -218.659
  -468.168
  -458.328
    38.500
   383.934
   324.023
   292.595
   256.698
    66.825
  -185.325
  -782.242
    19.252
   -26.554
   112.597
   129.987
  -243.895
   106.664
   173.381
   700.042
   769.884
  -179.187
  -705.250
   747.294
   474.407
  -688.557
  -122.407
    95.519
  -532.854
  -885.940
   286.712
   -85.562
  -746.531
    35.118
   -64.184
  -167.546
  -528.847
   341.133
   324.247
 -1378.481
   758.466
   439.775
   557.828
    62.544
  -109.792
   313.858
 -1966.564
   -91.325
  -163.507
   -91.325
  -163.507
  -278.877
   -91.325
  -278.877
  -175.471
   259.572
  -436.855
    99.404
   411.509
  -206.833
   277.038
  -182.401
    84.218
  -393.404
  -639.164
   469.733
   -34.017
  -395.779
   143.745
   295.170
  -422.290
  -245.362
   469.503
  -190.386
    95.041
    56.524
   -87.814
     6.668
   322.928
   540.077
   473.826
   189.533
  -147.913
  -411.516
  -550.589
  -569.961
  -499.246
  -372.223
  -217.321
   -55.007
   101.620
   245.170
   372.237
   481.980
   575.073
  1427.746
    68.626
  -342.544
  -223.061
 -2155.372
  -830.715
   501.237
   410.496
  1094.427
    56.372
    74.324
  1361.384
    57.261
    85.864
  -304.025
     5.292
    80.901
   622.137
  -191.773
  -128.439
  -370.904
   286.052
    78.347
  -124.089
  -345.910
  -352.321
  -501.108
   656.920
  -236.753
  -627.184
   271.289
    -4.191
   543.621
 -1035.335
   -64.197
  -602.293
  -245.067
   176.438
   451.260
  -469.327
  -197.505
    55.349
   519.431
   921.894
  -506.206
   471.481
  -312.700
   459.090
  -639.218
   510.988
    98.580
   188.662
  -805.010
   856.781
  -626.959
  -247.361
   556.226
   809.795
   518.565
  -941.522
 -1717.846
   333.349
 -1484.188
  -472.023
   623.239
   458.998
  1104.148
  -366.492
    30.013
  1572.425
   -75.053
  1022.392
   134.933
    11.410
  -423.931
   619.562
    76.292
  -288.594
  -434.846
   628.195
   256.187
  -128.438
   190.919
 -1043.255
   -16.194
   -92.777
   -86.403
  -110.091
  -171.594
   -42.387
   -59.722
  -243.158
  -497.968
  -185.248
   537.873
  -128.061
  1119.211
  -163.922
  -849.318
  -660.091
   -93.562
  -127.206
   -28.685
    27.219
     8.844
   608.467
   -69.322
   -27.189
   138.166
 -1969.296
   104.852
   648.609
  -459.320
  -226.666
   441.281
   398.322
   871.578
  -317.908
  -711.006
   -91.154
  -897.472
   329.228
    -2.033
  -233.131
  1256.987
   626.484
  -415.327
  -438.944
   -76.429
   294.955
   793.406
   355.816
 -1122.406
   493.515
   668.456
   -64.658
   536.925
  -620.792
  -238.657
  -252.657
   599.471
   258.560
    74.604
   129.071
   -47.569
 -1307.625
   214.002
  -207.253
  -372.087
  -233.922
  -396.740
   172.567
    84.371
  1177.572
   -30.879
  -324.057
  -411.827
 -1186.583
   551.184
   354.366
  1162.336
   -45.445
  -562.899
  1119.841
   793.087
  -809.906
 -1473.049
  -166.230
  -478.196
     9.845
   331.653
  -249.793
   821.832
   494.172
  -431.162
   628.175
   913.557
   248.684
  -461.265
  -784.447
   -14.755
   156.798
    73.258
  -503.716
   -33.402
 -1276.523
   176.238
  -116.824
  -606.856
    56.524
   -87.814
    56.524
   -87.814
     6.668
    56.524
     6.668
  -618.943
    37.299
  -768.273
   208.104
   967.749
  -696.070
  1510.044
  -365.104
   285.992
   343.513
   429.360
   710.500
  -621.655
  -678.423
  -468.065
  -412.252
  -179.100
   267.471
  -693.475
   582.470
   648.615
   155.488
    50.222
    40.088
    33.182
    28.438
    25.157
    22.864
    21.249
    20.105
    19.292
    18.712
    18.299
    18.004
    17.793
    17.643
    17.535
    17.458
    17.403
    17.364
    17.336
  -335.979
    70.352
    -7.905
    43.453
    69.899
     3.228
    59.375
    68.908
    50.764
   -28.081
    58.726
    41.678
   532.526
    49.227
   220.724
     9.209
    83.164
    83.334
    10.866
    70.940
    77.280
   126.656
    55.845
    38.850
    60.224
    45.613
  -173.378
    56.887
    32.816
    60.461
  -270.703
    56.967
    60.106
  -394.703
    58.601
  -107.992
    18.100
   -71.839
    16.526
    18.303
  -119.638
    17.263
  1613.558
    84.755
   734.826
    65.952
    68.909
  -764.704
    52.956
  -741.877
    57.119
  -696.753
    36.504
    69.143
  -584.826
    52.619
   918.885
    50.246
  -527.278
  -263.979
    48.031
  -325.080
     5.279
 -1668.250
    14.938
 -1630.050
     0.901
    19.108
  -259.528
    17.984
  -208.296
    21.583
   884.518
    56.730
    18.873
   371.999
    19.423
 -1906.568
    12.830
  -740.539
     4.649
    18.947
   165.159
    17.816
  -305.984
    46.188
  -550.748
    43.778
    39.399
  -879.868
    38.986
   118.185
    43.919
    14.375
    66.727
    34.454
    25.727
    93.675
  -364.285
    62.074
    66.105
    66.693
    56.285
   416.442
    63.364
  -443.048
    28.443
   -86.152
    19.533
    25.679
    86.142
    18.554
   -79.984
    44.093
  -232.550
    39.103
    35.711
  -362.321
    29.424
  -503.083
    61.319
  -918.014
    49.340
    64.548
   260.588
    59.437
  -119.408
   376.061
  -204.646
  1227.151
    57.129
  -631.019
   -64.533
  -227.519
    44.477
 -1032.207
    37.688
    37.085
    20.243
    33.442
    10.605
    44.736
  -353.721
   104.099
    36.092
  -314.086
  -240.194
   250.340
    45.590
   254.764
    42.808
    34.760
   190.390
    30.131
    80.242
    49.970
    -2.005
    49.689
    40.199
   -87.135
    40.423
 -1197.663
    40.360
  -370.234
     0.961
    52.673
  -581.429
    40.659
 -2388.235
    41.669
   -74.288
   224.004
    68.304
   825.788
   242.508
  -292.457
    46.318
  -198.625
    48.402
    37.037
  -153.211
    40.001
   -43.143
    52.871
   613.657
    65.987
    41.185
  1422.353
    55.312
     7.460
    48.551
   -97.007
    47.342
    39.655
  -169.846
    38.999
   155.488
    50.222
   155.488
    50.222
    40.088
   155.488
    40.088
   -31.337
    46.443
  -133.477
    43.574
    38.303
  -182.270
    35.441
   688.306
    60.842
   946.717
    86.932
    42.534
  -758.255
    59.267
    91.999
    53.329
    34.602
    57.234
    41.892
   103.526
    47.997
  -163.954
  -136.510
  -309.847
   407.695
   746.058
   716.200
   563.254
   407.008
   280.701
   185.869
   116.297
    65.495
    28.332
     1.044
   -19.077
   -33.976
   -45.055
   -53.329
   -59.534
   -64.207
 -1077.028
   637.835
  -897.616
  1506.057
  -394.191
   738.449
  -302.686
  1325.481
  1005.385
    25.172
    46.428
   548.773
    25.491
    55.903
 -1255.020
  -807.527
   838.279
    21.884
   830.204
   613.978
  -390.125
   507.148
   193.106
   103.935
    97.037
   155.230
    94.221
    93.819
   453.257
   377.292
  -133.058
   312.335
   245.233
  -747.252
   598.986
   451.679
 -1134.350
  1220.823
  -412.780
  1128.839
  -771.830
   212.732
   489.862
   441.265
  -755.235
   666.153
 -1062.391
  -543.982
   391.779
 -1012.558
  -646.886
  -267.933
   895.694
    34.045
   557.175
     3.085
  -976.898
  1410.578
   113.492
  -262.697
  -188.016
   116.213
  -327.255
   323.512
  -301.200
   296.559
   128.514
   -10.302
  -654.566
   141.272
  1331.895
   390.981
  1142.749
  -513.375
  -512.469
   842.643
  -441.702
  -227.317
   220.141
  -281.265
  -519.492
  -444.715
   -80.084
  -206.269
  -870.449
  -393.870
  -411.644
  -182.802
   608.864
  -356.848
  1198.369
 -1442.532
    -3.102
  -365.143
  -151.004
    18.186
  1627.085
  -951.647
   135.154
    88.368
    15.322
   -13.185
    -1.785
    37.332
   -68.629
   192.681
   313.702
  -463.999
  1303.861
 -1208.407
 -1238.349
   612.924
   -88.190
  -338.447
    14.670
    -5.293
  -397.578
    75.500
    71.584
   292.653
   425.458
  -102.928
   536.095
   489.467
  -377.838
   817.586
  1783.762
  -701.147
  1046.721
   239.667
  -813.973
 -1620.585
   295.582
  -691.071
   266.837
   156.611
   656.288
   -32.946
   -68.053
  -679.680
  -319.293
   256.611
   188.251
   777.012
  -167.064
   716.116
  -569.627
   776.831
   972.311
  -488.964
  -292.683
     3.204
  -552.189
  -596.899
   224.463
   163.615
   236.939
   -97.644
  -264.091
  -201.565
  -501.260
   747.954
   203.298
   815.704
    76.131
  -464.340
   167.541
 -1149.032
   376.735
  -779.002
   297.339
 -1151.944
   316.265
  2027.471
   370.472
   515.134
   860.921
  -881.750
   301.676
 -1333.239
  1051.748
  -499.688
 -1057.123
   210.811
  -315.552
  1826.498
  -134.593
  -296.820
  -765.620
   345.517
    54.038
  -312.545
    52.522
  -437.353
 -1160.444
   762.175
   -35.635
  -124.202
   115.206
   -58.086
    86.930
   -51.503
   746.136
  -163.954
  -136.510
  -163.954
  -136.510
  -309.847
  -163.954
  -309.847
   151.007
   187.922
   246.761
    21.057
  -111.422
  -263.947
 -1049.150
   500.654
  -170.129
  1418.074
  -124.177
   129.667
  -177.021
  -787.707
  -541.589
  -513.121
  -283.601
  -719.152
  -175.321
  1122.439
   252.167
   -31.784
   107.574
    94.967
    81.199
   161.608
   308.623
   467.371
   594.883
   667.296
   676.355
   624.011
   517.879
   368.064
   185.173
   -20.816
  -241.123
  -468.375
  -696.615
  -921.197
 -1138.628
   420.686
   395.886
   756.011
  1460.588
  -257.149
 -1242.374
  -510.367
  -273.424
   -53.551
  -282.986
   130.072
   241.464
   254.278
  1405.548
   395.191
   407.241
   -22.409
    13.306
    53.734
   -28.099
    10.961
   145.761
  -493.723
  -296.892
  -866.133
 -1041.047
   439.587
  1545.627
  -592.317
  -365.973
    63.737
    79.004
   422.159
    56.221
    84.376
  -956.066
  -227.637
  -633.143
   203.270
    53.116
  -415.125
   566.604
  -249.586
  -240.537
  -395.749
 -1371.918
    21.409
  2208.661
   410.357
  -730.016
  -102.363
  1124.935
  1318.105
  1320.028
  -992.152
 -2115.023
   472.537
    -3.084
   910.413
   -21.764
    -2.700
   675.281
  -787.276
   112.042
   393.747
   351.612
  -174.273
  -868.816
  1821.244
  -190.837
   437.108
   228.517
   172.051
    96.027
  -598.521
   739.104
  -283.420
 -2353.811
 -1075.619
 -1448.081
 -1635.609
  -954.320
   358.849
  1016.670
 -1379.619
  1074.070
  -826.804
   -46.524
  1696.349
    54.675
  1243.742
  -152.895
  1015.221
  -288.750
  -766.732
  1762.574
   721.866
   121.126
   771.773
   155.316
  1387.219
   741.027
 -1454.655
  1142.309
 -1410.297
   119.502
   170.785
    35.874
   131.030
   202.018
    34.179
   177.351
 -1554.664
   -91.515
  -541.804
   -52.701
   606.261
  1094.092
   133.599
  -690.199
   260.098
   -24.610
    21.529
  1062.069
    77.519
    83.105
   703.025
   411.889
 -1039.106
  -750.387
   -33.452
 -1808.813
   534.864
   560.333
   410.262
   763.645
  1225.107
  -361.451
   -32.634
  -534.700
  -998.159
    -3.692
  -147.815
  -420.108
   718.189
   471.898
  -177.877
   544.649
   519.755
  -428.171
  -458.426
  -334.572
   111.861
  -145.643
   249.190
   753.565
  -457.746
  -176.077
   481.114
  -494.545
  -507.911
   938.925
   -56.673
   513.101
    -1.218
  -478.557
  -614.339
    48.930
  -370.845
     0.699
  -682.981
    12.961
   371.529
  -843.227
  1370.445
 -1092.698
  -146.791
  -223.388
   182.940
  1464.777
  -278.860
   -61.174
  1023.904
  -281.278
  1952.902
  2432.425
 -1686.731
  -486.086
  -969.515
  1325.015
   190.302
   819.036
   932.214
 -1322.282
  -342.685
  -357.227
  -668.468
  -483.639
 -1497.205
  -953.099
   923.338
  -824.486
  1187.283
   202.307
   396.972
    28.694
   723.325
    68.799
  -155.618
   609.191
   -31.784
   107.574
   -31.785
   107.574
    94.967
   -31.785
    94.967
   -50.580
  -231.428
   365.444
  -237.485
  -763.429
  1262.911
 -1722.203
 -1059.751
  -886.361
  -155.009
   347.462
  -188.831
    58.374
   626.093
  -263.652
  -749.180
   520.169
  -331.584
  -997.170
  1844.260
  -331.653
  -149.262
    44.282
  -312.442
   427.899
  -378.301
   233.371
   -57.121
  -108.840
   242.087
  -333.044
   379.830
  -384.833
   352.606
  -288.641
   198.672
   -88.268
   -37.394
   173.651
  -316.417
   462.199
  -187.314
  -606.153
  -162.286
   387.561
   689.738
   -64.536
  -519.454
  -596.525
   -99.237
  -222.244
  -181.736
   220.285
    71.715
    -5.170
    36.709
   104.393
   284.428
   138.423
  -541.519
   554.667
  -987.637
  -598.223
  -157.741
     5.123
  -300.154
   147.174
    -0.748
   309.250
  -212.288
   -56.587
    35.416
  -118.860
   -53.924
  -304.453
  -137.937
  -544.995
  -302.320
  -364.023
   255.502
   747.849
   -49.341
   -55.715
  -368.422
   370.138
   335.652
   -50.543
  -739.687
  1437.353
   -80.581
  -176.537
  -378.853
  -145.708
   -68.649
  -253.925
   344.061
  -625.784
  -146.850
    24.350
    -5.994
  -388.579
  -243.437
  -470.523
   120.736
   439.377
   314.808
  -729.381
  1000.559
  -195.495
    68.682
   996.655
    89.206
  -178.042
   -10.358
  -607.476
  -519.036
  -614.661
    88.833
  -589.445
   243.216
   549.226
  -541.312
    63.098
  -210.037
  -940.153
    21.900
  -353.472
     3.952
   273.239
   578.922
   602.187
   337.904
  -799.463
    78.485
  -337.608
   201.301
   339.605
     9.348
    -5.247
   395.159
   -10.134
   -43.579
   607.050
  -415.345
   632.409
   264.136
   296.903
  -562.029
    14.096
  -125.964
   237.624
  -116.242
  -747.007
  -116.466
   107.307
  -102.795
   102.103
  -104.415
  -102.844
  -102.057
  -571.246
  -170.514
  -274.812
  -377.586
  -424.613
   476.156
   189.852
   215.241
  -685.171
   319.823
  -667.493
   364.640
   -31.545
  -984.802
   310.852
  -513.667
  -567.267
   183.426
   537.877
 -1148.024
  -321.266
   -48.389
  -264.920
     7.482
  -231.500
  -427.064
  -171.086
   -46.631
  -256.278
   226.578
    91.901
   -11.509
  -265.728
   358.777
     5.555
   922.647
   -45.258
    14.578
   555.263
  -518.551
  -455.599
 -1012.707
   217.926
 -1149.228
  -431.962
  -352.189
    70.154
  -439.921
  -814.503
   -82.093
  -228.492
   -13.713
  -249.533
   168.388
    -4.239
    -0.494
    14.704
  -162.334
   225.023
  -416.795
   -39.986
   490.805
   643.723
  -393.648
  -342.508
 -1012.968
  -179.613
   386.892
 -1077.918
   707.528
  -217.783
   263.548
   603.711
   210.660
   329.361
    34.861
  -360.522
  -862.973
  -271.470
   405.313
   180.610
   536.968
  1054.007
 -1019.027
   304.809
    15.212
   -40.315
  -294.925
  -356.596
  -601.673
   600.285
   -21.180
  -131.144
   -84.227
  -110.788
  -153.616
  -285.606
  -304.691
  -149.262
    44.282
  -149.262
    44.282
  -312.442
  -149.262
  -312.442
     7.953
  -217.227
    27.779
  -324.640
   -99.937
   -56.118
   -48.014
  -390.901
    -5.893
    -8.446
  -596.758
   324.132
 -1200.145
   887.063
   570.657
  -447.001
   414.730
    33.221
   187.355
  -180.262
 -1240.004
   138.507
  -110.344
    86.710
   -22.648
   -23.975
    51.623
   -66.793
    74.819
   -78.995
    81.157
   -82.279
    82.865
   -83.174
    83.339
   -83.429
    83.478
   -83.505
    83.521
   -83.529
    83.534
  -154.826
   -35.983
   174.954
  -202.710
    73.129
   370.359
   189.072
  -162.102
    40.284
  -154.136
  1072.949
    88.199
   -66.892
  -568.531
   -87.849
    16.518
   -37.487
    40.850
     1.429
   145.142
   -26.021
   217.656
  -171.145
   293.546
  -204.871
   130.534
   323.605
   132.976
  1137.317
  -340.036
   235.200
  -127.086
    75.704
     8.137
  -201.118
  -669.193
   357.823
   144.436
   -37.448
   -52.950
   -44.965
   -60.918
   870.789
  -352.291
    -0.389
   216.638
   301.484
   -41.771
  -243.083
  -326.466
   167.609
  -316.369
   198.971
   -33.692
   327.312
    69.832
   -78.012
   -83.159
   -90.467
  -152.270
   -42.251
   -26.058
   -37.437
  -205.214
  -140.729
  -675.736
    21.064
   161.803
    40.279
   746.121
   408.427
  -198.384
   481.412
  -279.376
   127.117
  -501.928
    98.109
  -113.447
   -62.672
   -63.217
  -190.130
    99.304
  -273.788
   153.709
   226.190
   397.916
   525.541
   708.951
    99.993
   801.836
  -416.339
   296.727
   -82.488
    50.809
   -25.242
   -43.030
   -68.877
   -30.965
   579.977
  -254.502
  -156.923
    53.470
    22.467
  -403.806
  -172.419
  -493.410
   300.153
    27.983
    16.035
  -180.594
    -9.468
   -15.896
  -853.361
   444.034
  -420.203
   314.772
  -218.478
  1167.950
    63.955
   439.680
  -182.158
  -152.317
  -538.302
   -64.101
  -154.899
   107.320
   376.076
  -733.013
  -297.698
  -433.289
   124.683
  -429.712
    15.779
 -1047.825
   461.832
  -137.267
   238.086
   -28.913
     1.757
   874.002
   397.094
  -278.411
  -112.828
   -68.867
   174.221
  -271.718
   124.442
  -581.803
   199.722
  -408.354
   211.472
  -270.800
   755.284
   -54.195
   407.099
    43.083
    -0.592
   306.066
   -47.383
   146.232
    12.747
   -18.932
   364.395
   584.844
  -457.050
  -226.658
     5.441
    -4.201
  -140.733
  -121.114
  -177.784
  -140.634
    66.991
  -173.563
   146.740
    57.979
    26.468
   125.585
    60.368
    11.979
  -128.127
   -91.697
   -82.483
     7.153
  -316.075
   135.701
    51.595
  -543.260
   -30.142
  -126.933
   145.795
   421.428
   -43.053
  -215.431
   743.313
   242.939
   -21.487
   -26.286
   565.042
  -464.007
    77.984
  -376.146
  -467.429
  -323.914
   -86.423
   333.128
  -610.531
    11.971
  -437.122
   258.714
  -170.451
   -15.389
  -228.346
  -577.656
    68.150
  -959.405
   899.299
   148.813
  -116.757
   245.390
  -158.113
    45.143
   321.915
   -14.666
   138.507
  -110.344
   138.507
  -110.344
    86.710
   138.507
    86.710
  -104.278
    22.238
   -73.494
    24.172
   -12.293
    52.892
   -92.620
  -142.649
   221.143
   584.245
   164.559
    51.261
   -45.988
  -122.409
  -138.930
    43.009
  -136.160
    99.008
    38.671
   193.883
    18.068
  -147.903
  -220.508
    15.436
   169.871
  -281.298
   329.451
  -327.968
   288.403
  -224.491
   152.416
   -85.487
    30.316
    12.099
   -43.489
    66.266
   -82.636
    94.347
  -102.711
   108.679
  -112.937
   358.432
  -141.729
  1287.369
  -532.031
  -456.635
   386.221
 -1986.682
   -74.558
  -112.314
   -69.553
  -392.107
   -35.384
  -371.009
   126.030
  -401.421
  -161.605
   -76.522
  -506.867
    82.360
   -62.995
    92.042
  -347.447
  -430.264
   -25.996
  -589.902
   126.819
   397.019
  -575.283
   -48.906
  -112.533
   129.725
   -49.302
   -35.150
   324.303
   -55.976
   337.068
  -354.958
  -134.419
  1389.664
  -287.885
     5.773
  1044.687
   739.782
  -742.876
  -354.229
   416.096
   620.637
    18.102
   222.604
  -220.660
    78.471
   179.388
  1404.536
   204.707
   -47.781
   804.044
  -236.169
    -4.901
    40.741
    47.242
  -439.198
   844.622
 -1034.135
     3.717
   229.791
   603.381
 -1001.418
   -92.839
  -857.647
    71.308
 -1131.387
  -930.567
   438.252
 -1515.899
   233.959
  -469.144
 -1565.897
    83.244
    51.199
   337.210
  -784.894
  -172.316
  -836.972
   209.176
   661.817
   286.873
   161.711
  -149.615
  -184.319
  -641.796
   464.744
    44.850
  -285.384
   955.987
   128.438
   237.243
  -190.314
  -949.890
  -658.359
 -1289.046
   -80.358
  -478.637
   482.405
  -930.185
  -840.714
 -1180.152
  -767.510
  -884.934
  -137.603
   201.657
    75.430
   589.256
  -557.758
  -425.794
   763.961
  -311.649
  -604.239
   167.209
  -262.620
  -586.449
   -59.125
  -541.107
  -229.700
  -209.182
   384.581
   513.624
  -411.884
   344.679
   321.656
  -414.295
  -335.287
   264.806
   429.842
  -566.820
   -64.696
   434.227
  -553.943
   188.176
  -204.165
  -342.985
 -1064.336
  -366.107
  -605.178
 -1378.924
   379.149
  -292.454
  -338.771
   319.487
  -726.269
   412.929
  -611.171
   553.531
  -745.822
 -1229.493
   490.233
   -43.039
    15.314
  1067.051
  -425.951
  1016.588
  -281.540
   -50.510
  -478.537
 -1337.543
   877.254
   576.339
   384.193
   807.791
   441.897
   211.732
   -50.155
    61.205
  -579.484
   329.447
   629.077
  -925.733
   807.849
   583.287
  -630.983
  -730.875
   594.171
   717.421
    75.055
 -1298.156
 -1169.769
   -88.836
  1607.632
  -940.288
   531.316
   -90.300
  -251.787
  -153.293
  -180.900
    58.280
  -333.364
  -128.127
   831.712
   143.236
   160.583
   472.151
  -460.662
   265.501
    67.079
  1085.758
   193.753
    -8.239
   535.524
  -886.263
   712.623
  -226.705
  -263.340
  -357.114
   194.490
   234.265
  -176.592
   722.349
  -350.879
  1401.434
  -753.766
 -1774.470
  1178.135
   107.961
   201.735
  1458.327
  -392.265
   -89.514
  -336.791
  -216.913
   -82.032
   -18.419
   449.670
  -147.903
  -220.508
  -147.903
  -220.508
    15.436
  -147.903
    15.436
 -1232.485
   811.924
  -855.542
   505.965
 -1033.092
   953.273
   823.823
    78.875
    44.372
   127.084
   278.077
  -176.223
  -447.758
   453.073
   177.834
   140.356
   407.005
   363.095
  -778.483
  1082.777
  -965.408
  -279.187
  -598.516
  -249.952
   268.288
   615.421
   736.906
   693.012
   557.968
   388.393
   220.170
    73.139
   -43.570
  -127.376
  -179.401
  -202.641
  -200.865
  -177.966
  -137.625
   -83.148
   -17.407
  -166.655
   -53.074
  -283.639
  -326.233
   312.819
  -171.533
  -349.305
  -656.930
  -800.931
  -148.327
  -151.377
 -1304.773
  1136.208
   437.482
   -53.596
   374.005
  -319.028
  -362.691
   537.049
  -388.966
   -57.796
   355.380
   615.306
    41.273
    34.420
   614.153
    31.719
    22.704
    48.345
  -176.811
   645.735
   936.030
    71.153
   593.909
 -1396.979
    66.844
    78.417
   260.963
   522.809
  -112.361
   648.320
   -26.827
  -139.486
   244.807
     4.719
    49.117
   136.816
     3.960
    48.852
  -444.314
  -152.149
   293.139
   695.650
 -1081.942
   620.103
  -405.665
   -61.913
   928.281
  -104.683
 -2158.517
  -703.606
    93.834
    -3.252
    86.496
  -124.998
     7.918
   335.571
 -1022.421
   416.437
  -467.214
  -547.194
 -1449.008
  1519.995
  1618.851
   746.715
 -1634.032
  -766.449
  -391.878
 -1689.223
  1289.086
  1216.910
   668.598
 -1112.860
  -157.721
   175.775
   460.069
  -124.691
    15.155
  -670.261
     7.642
    16.739
  -262.400
   570.966
  -744.309
    87.977
  -406.232
  1371.793
  -449.379
   435.609
  1343.802
  -515.315
  -108.277
 -1621.470
   174.738
   275.176
   165.164
    49.558
   773.008
   109.588
 -1757.213
   925.396
   347.001
   -34.694
   512.694
  -442.883
  -382.525
   126.699
   948.954
  -405.191
   129.869
   848.195
  -601.977
 -1437.184
   327.095
   -99.695
   542.970
  -498.816
  -284.510
  -269.390
  -336.939
  1201.821
 -1652.265
  1650.542
  -191.716
  -193.865
  -195.996
  -175.092
  -138.785
  -142.642
   -74.876
   335.860
   943.135
    22.069
   329.733
 -1563.021
   305.493
  -268.890
  -136.093
  -969.988
    83.791
   248.260
   207.747
    65.784
   179.093
  -180.250
  -541.612
    -5.417
   410.548
  -297.263
   416.765
   169.832
   -41.445
  -302.196
  -552.190
  -359.339
   480.959
   629.278
   -81.024
   177.059
   393.598
   919.312
   333.970
 -1057.442
 -1099.551
   402.473
  -552.875
   609.732
   592.204
  -278.313
  -251.243
    58.346
  -347.466
   378.096
   -68.812
   183.855
     5.320
  -414.045
   295.161
  -369.466
  -471.592
  -743.090
   -98.901
    33.795
  -554.773
   751.556
    94.027
   -91.704
   -46.976
   -69.257
  -123.216
   118.418
   224.829
   168.412
   747.451
  1505.151
     5.691
   231.323
 -2095.127
  1328.822
 -1126.094
   904.436
  1535.588
  -167.176
  -630.269
 -1992.078
  1953.041
 -1116.061
  1037.860
  1496.585
  -623.266
  -665.515
 -1245.400
   796.816
  -262.350
    64.330
  -259.811
   122.946
  -130.529
   529.914
   272.953
  -648.305
   -12.669
  -240.249
   128.111
   -80.277
  -651.259
   743.857
   195.466
    65.313
    -8.394
    65.313
    -8.394
   -52.968
    65.313
   -52.968
   295.244
   557.774
  -182.267
   179.559
   305.559
  -535.378
  -577.396
  -444.166
  -463.963
    89.909
   126.910
   862.865
  -204.580
    43.386
   -19.697
    72.053
   -56.904
    14.548
   720.817
  -404.503
   100.647
   290.916
  -127.702
   -55.209
   -15.116
  -177.562
   -19.583
  -138.485
   -20.224
   -89.348
   -16.854
   -52.948
   -13.267
   -29.041
   -10.554
   -14.037
    -8.719
    -4.814
    -7.535
     0.797
    -6.784
  -637.796
   -90.502
   214.518
  -298.476
   -50.857
  -147.046
    34.806
   181.435
    -5.482
  -160.547
     5.670
    -7.254
   143.900
    -6.475
   160.042
  -203.037
   190.788
  -261.791
    40.329
   140.257
    27.096
    66.616
  -363.517
   355.937
  -404.996
   -28.932
   702.878
   134.764
   -20.533
   -22.225
    32.714
   -11.499
    94.101
    28.856
   173.482
    44.697
   -37.032
   223.926
    61.142
   -73.656
   259.829
  -234.743
     7.747
   -35.058
    42.928
    -8.950
   141.141
   137.253
   255.161
   -29.743
  -139.327
   -67.958
  -176.749
   -57.615
  -129.461
  -204.313
  -279.023
    -5.210
  -330.737
   116.859
   196.363
  -263.255
   485.726
  -774.836
   -39.749
    48.591
   164.794
   144.407
   100.735
   208.177
  -237.095
   -70.230
  -515.877
  -103.454
   192.301
  -867.846
   416.440
    31.946
    34.805
  -578.201
   188.782
   217.248
  -736.735
   263.274
    15.025
  -492.778
   297.834
  -364.629
  -138.527
   367.109
   490.443
  -377.849
   -69.586
   245.716
    49.897
   -97.045
   484.452
  -189.848
  -153.747
   -81.658
   309.353
    64.742
  -322.875
   416.127
  -362.005
  1368.771
   161.255
   189.626
    85.480
   204.235
  -356.996
     0.300
  -731.192
    -2.517
  -218.764
  -297.091
   404.644
   219.316
   137.316
  -576.837
  -113.365
  -136.187
  -668.836
   365.139
   545.253
   899.740
  -672.484
   108.383
  -163.633
  -149.501
   416.294
    73.977
   -31.388
   341.044
   -23.546
  -169.732
    36.509
   141.296
 -1025.303
   467.051
   -63.223
    57.228
   -27.923
   -49.001
   106.821
   -33.896
    83.606
   254.413
   178.974
   -14.376
   246.154
   445.700
  -158.984
   415.519
  -151.183
    54.008
  -312.603
   258.262
   140.867
   -74.114
   574.924
   393.198
    18.186
   427.991
   135.456
    23.706
   430.331
   128.289
  -620.632
  -124.737
  -454.638
  -148.142
    36.288
  -303.720
    76.947
   392.602
  -133.226
   204.228
   -47.236
    73.783
   162.143
    13.179
   542.544
    19.671
  -305.859
   458.749
  -118.207
   426.583
  -355.281
    61.223
  -206.814
   218.838
   -30.936
  -302.590
   219.555
  -134.085
   253.753
   -88.874
   166.236
   -31.962
  -109.089
    39.974
  -195.077
    -1.925
   -20.176
   -34.093
    -4.964
    82.557
   -75.587
    83.559
    13.375
   138.364
   -91.947
    31.457
   200.189
  -357.050
   -44.048
   156.276
  -355.987
   179.326
   -13.194
   181.785
   488.361
   348.663
  -443.304
   196.967
    45.693
    58.374
   182.145
   235.936
    13.482
    99.292
   -91.206
  -465.828
  -115.288
   171.598
  -925.425
   -23.543
  -226.345
   -37.204
  -453.506
   -56.444
   115.615
  -646.261
   216.022
    20.510
   -36.585
    20.510
   -36.585
    76.458
    20.510
    76.458
   -55.958
    -4.852
  -129.906
    25.054
   176.654
  -186.633
   346.612
  -308.036
   -44.401
  -113.619
   -95.347
   -22.615
  -366.860
   255.656
  -122.530
   -49.608
  -439.131
    77.964
  -108.900
  -665.854
  -181.293
   212.604
  -735.336
  -452.010
  -159.300
    66.278
   191.911
   227.230
   202.115
   146.662
    83.242
    25.702
   -18.839
   -47.821
   -61.436
   -61.350
   -49.875
   -29.460
    -2.419
    29.213
    63.726
 -1149.592
   670.428
    67.487
 -1678.926
  -713.967
  -287.391
  -266.135
    69.193
   292.817
   458.198
   339.446
    -5.976
  -294.197
  -327.303
   286.478
    65.641
    53.129
   130.599
   310.001
  -485.085
    33.006
   645.945
  -134.224
   892.969
   146.560
  -661.067
   537.875
  -951.423
  1114.423
   780.619
  -650.842
  -150.385
  -765.805
  -331.929
   195.187
    78.400
   -91.190
    61.924
    65.054
  -243.943
    53.762
    66.737
   306.062
  -500.259
   285.285
   267.896
  -258.065
  -147.275
   278.618
   -61.533
   -54.274
  -166.750
   334.364
   112.403
  -143.093
  1004.524
   737.979
  1099.470
  -130.704
  -138.915
   286.510
  -130.066
  -130.875
  -121.260
   553.264
  -265.267
   865.069
 -1370.214
  1745.240
 -1259.015
  -404.580
   321.126
    33.546
    30.192
   748.665
    35.994
    27.199
 -1415.580
  -446.252
  -694.663
   578.947
  -191.637
  1337.800
  -442.165
   423.356
  -604.123
  -442.282
  -486.023
  -249.247
  -219.650
   874.855
   331.739
  -969.207
   539.645
  -722.727
  -325.451
   213.392
    81.004
   222.494
   166.293
  -377.554
  -418.218
   -44.017
   437.360
   109.523
   364.066
  -356.642
   261.129
  1379.550
  -533.884
  -504.264
  -390.187
 -1028.061
   372.596
  -360.572
  1064.475
   148.167
   193.687
  -350.170
  -767.811
  -143.166
  -471.763
  -865.419
  -211.712
   722.904
  -276.947
    15.365
   474.400
   331.951
   493.128
  1009.583
  -469.987
   978.982
  -234.024
   932.324
  -902.502
 -1094.858
   416.070
  1908.026
  -369.421
   -24.196
   682.892
  -487.617
    38.978
   626.306
   251.206
 -1109.875
   121.233
   180.879
    18.915
    40.646
   184.310
    34.541
    51.799
  -320.598
  -174.005
  1566.120
   933.809
  -615.205
  1248.733
 -2193.547
  -665.247
  -422.949
    77.997
    92.320
   -94.775
    79.663
    75.970
  -975.585
 -1305.131
   811.496
   589.953
  -726.150
   729.827
   693.752
 -1226.412
   -91.402
   342.092
   945.614
  1063.501
  -435.384
 -1050.323
   421.733
   503.082
  -460.557
 -1242.839
   331.639
  1295.313
  -245.938
   148.674
   312.284
  -177.965
   -90.301
  -273.850
    77.168
   689.147
   175.399
  -603.579
    99.003
  -505.763
   752.974
   -76.867
   717.673
  -353.015
  -796.801
   194.487
  -102.190
  -552.068
   588.572
   119.618
   796.654
   247.628
   815.810
   -54.715
   356.818
   255.896
 -1278.106
  -554.515
   324.344
  -240.765
   295.912
   931.277
   292.573
   231.155
 -1134.869
   334.795
  -284.109
  -965.353
  1879.333
   973.531
   927.520
   740.590
   156.458
  1041.981
  -174.147
  -230.840
  -441.176
  -506.324
 -1535.557
  -531.527
  -214.393
  -690.467
  2096.512
  1678.706
  -242.834
  -537.540
  -161.460
  -871.712
  -242.046
   444.682
  -137.316
   900.728
    79.284
  -232.288
    79.284
  -232.288
   -13.362
    79.283
   -13.363
  -146.892
   222.003
  -424.924
   354.326
   560.913
  -403.888
   397.774
  -468.972
  -138.393
  -243.606
  -177.438
   795.287
   361.189
  -334.342
   976.078
   200.889
  -304.644
   -59.848
   155.546
 -1145.761
   759.207
  -119.285
  -127.702
   -32.985
   -15.116
   -16.522
   -19.583
   -20.764
   -20.224
   -18.721
   -16.854
   -14.978
   -13.267
   -11.790
   -10.554
    -9.540
    -8.719
    -8.061
    -7.535
    -7.116
    -6.784
   -45.804
  -412.094
   376.890
  -655.683
  -190.933
   725.444
  -544.897
   -84.344
    50.689
    84.516
    17.284
    50.759
  -104.075
   -31.961
   295.609
   -90.502
  -354.200
  -298.476
  -215.681
    88.173
  -176.254
   197.348
    -5.482
  -179.886
     5.670
    -6.713
   164.389
    -6.475
  -259.765
  -203.037
  -299.293
  -261.791
    18.871
  -198.211
    42.615
    77.264
  -363.517
    33.420
  -404.996
  -227.371
    58.578
  -265.881
   273.659
   -22.225
    40.821
   -11.499
    57.646
    28.882
    57.889
    29.279
   -37.032
   -23.944
    61.142
    75.920
   -20.608
   294.462
    54.631
   -35.058
    48.748
    -8.950
    31.036
    24.185
    53.621
  -287.613
  -139.327
  -276.220
  -176.749
   101.857
  -131.392
   337.160
   112.085
    -5.210
   364.723
   116.859
    94.850
   559.986
   199.838
    86.236
   -39.749
  -153.242
   164.794
   -20.744
  -363.484
    68.445
     4.198
   -70.230
    -1.519
  -103.454
    29.927
    35.325
   -26.922
  -408.142
    34.805
  -244.994
   188.782
   138.210
  -271.040
   250.729
  1311.705
  -492.778
   801.908
  -364.629
  -465.545
   103.688
  -145.268
    54.611
   -69.586
  -132.181
    49.897
   -45.925
  -166.616
    95.554
  -200.002
   -81.658
    11.631
    64.742
   -65.906
   256.847
   158.101
  -808.152
   161.255
  -319.805
    85.480
   268.513
  -237.484
    35.984
   532.205
    -2.517
   373.481
  -297.091
   127.356
   403.040
  -233.810
   546.588
  -113.365
   509.148
  -668.836
    52.315
   431.457
  -797.890
   404.664
   108.383
   222.596
  -149.501
   183.159
   282.894
  -146.533
  -324.213
   -23.546
  -504.660
    36.509
    57.315
  -636.050
   169.153
   237.197
    57.228
  -143.490
   -49.001
    70.383
  -151.178
   -74.903
  -337.338
   178.974
  -239.226
   246.154
   141.360
  -172.484
   207.487
   255.815
    54.008
   246.970
   258.262
    13.149
   -54.482
   150.102
   -51.001
    18.186
    11.247
   135.456
    76.930
    64.590
   237.149
  -218.568
  -124.737
  -252.665
  -148.142
  -121.036
  -237.466
  -132.135
  -592.036
  -133.226
  -276.034
   -47.236
   -34.619
  -142.824
     0.200
  -822.428
    19.671
   -53.358
   458.749
    76.336
   302.605
   383.527
   311.030
  -206.814
   361.489
   -30.936
  -262.672
   360.942
   -38.152
   -74.214
   -88.874
    40.565
   -31.962
     7.312
   191.140
    96.883
    82.307
   -20.176
   126.106
    -4.964
    58.489
   179.704
    77.264
   -45.893
   138.364
  -135.118
    31.457
    68.363
    14.808
    45.424
  -760.294
  -355.987
  -382.105
   -13.194
     7.419
   -32.171
   268.078
  -126.672
   196.967
  -256.072
    58.374
   200.945
   -15.754
   258.103
  -205.781
   -91.206
  -518.418
  -115.288
   107.278
  -505.954
   106.669
    28.972
   -37.204
   -23.152
   -56.444
    24.530
   -97.033
   -55.924
    47.677
   -36.585
    47.677
   -36.585
    45.795
    47.677
    45.795
   -68.083
    -4.852
  -158.136
    25.054
    39.224
  -171.051
    27.999
   805.272
   -44.401
   675.265
   -95.347
   126.414
    68.707
   119.630
    19.804
   -49.608
   293.037
    77.964
     4.962
   596.494
   134.993
# -----------------------------------------------
# 
