# -----------------------------------------------
# 
  2746.188
   219.301
  -251.959
  -230.046
   -27.999
   159.740
   246.065
   222.025
   122.312
    -4.496
  -115.855
  -184.842
  -201.763
  -171.073
  -106.443
   -25.903
    52.005
   110.793
   137.420
   122.787
    61.629
  -501.373
   -26.284
   396.386
   166.551
   -55.033
  -127.743
  -121.593
   -95.116
   -67.467
   -39.068
    -7.564
    26.391
    58.887
    84.273
    96.682
    91.020
    63.434
    11.407
   -66.363
  -170.173
 -1204.053
  -631.795
   152.122
   641.466
   742.848
   535.807
   171.091
  -197.149
  -454.600
  -545.948
  -473.406
  -281.343
   -35.149
   198.368
   364.551
   427.176
   368.807
   187.558
  -107.480
  -500.680
   -31.530
   -31.529
   -31.528
   -31.528
   -31.527
   -31.526
   -31.526
   -31.525
   -31.524
   -31.524
   -31.523
   -31.522
   -31.522
   -31.521
   -31.520
   -31.520
   -31.519
   -31.518
   -31.518
   -31.517
   878.826
   348.258
  -119.505
  -342.507
  -375.545
  -291.361
  -151.578
    -3.316
   120.787
   201.694
   232.370
   215.548
   161.134
    83.559
    -0.640
   -74.830
  -123.793
  -134.728
   -97.797
    -6.300
   168.914
   188.646
   159.060
  -399.162
  -432.903
   -81.490
   279.892
   459.985
   440.506
   283.038
    64.674
  -150.603
  -319.275
  -416.338
  -430.590
  -359.983
  -207.972
    19.054
   313.428
   667.226
  -679.417
   740.987
   156.165
  -243.083
  -225.977
   -74.822
    46.990
   101.427
   100.801
    67.645
    21.212
   -24.987
   -62.295
   -85.484
   -91.598
   -79.158
   -47.662
     2.725
    71.369
   157.305
  -164.677
   755.042
  -192.605
  -275.604
  -216.464
   -96.569
    40.008
   144.740
   190.961
   177.069
   117.514
    33.224
   -54.726
  -128.251
  -173.308
  -179.813
  -141.102
   -53.266
    85.472
   275.272
   615.981
 -1710.618
   843.449
   989.187
   303.745
  -285.069
  -558.034
  -559.883
  -393.599
  -152.874
    93.223
   299.148
   437.824
   495.541
   467.793
   356.144
   165.963
   -95.178
  -418.603
  -795.279
   315.848
   307.146
   126.006
   -74.365
  -211.949
  -252.974
  -196.878
   -73.973
    64.806
   174.361
   234.366
   245.727
   218.455
   163.669
    90.743
     6.984
   -81.924
  -171.409
  -257.651
  -337.363
  -389.239
   324.800
   383.074
   198.460
    -2.912
  -137.077
  -193.845
  -191.422
  -153.549
  -100.344
   -45.930
     1.121
    36.480
    58.709
    68.169
    66.220
    54.678
    35.476
    10.464
   -18.700
     6.296
  -432.347
   -76.576
    39.029
    79.485
    97.054
   106.078
   109.716
   107.754
    99.129
    83.272
    61.182
    35.659
    10.164
   -12.695
   -31.754
   -46.949
   -58.754
   -67.795
   -74.665
    -1.169
    42.288
  -354.033
    39.034
   240.328
   212.131
    91.513
   -26.151
  -101.256
  -127.582
  -114.056
   -74.700
   -23.881
    25.702
    63.730
    82.374
    76.123
    41.494
   -23.303
  -118.702
  -123.600
   194.272
  -151.605
  -166.135
     4.029
   145.102
   184.154
   139.590
    56.372
   -27.124
   -88.380
  -119.127
  -120.667
   -99.469
   -63.999
   -22.773
    16.669
    48.202
    67.184
    70.345
   -79.990
   521.267
  -536.557
  -374.574
  -114.176
    72.525
   170.992
   197.216
   174.326
   124.157
    64.141
     6.813
   -39.649
   -70.597
   -84.120
   -80.362
   -60.949
   -28.497
    13.818
    62.621
   512.504
  -205.718
  -314.449
  -220.802
  -127.656
   -65.109
   -26.329
    -2.358
    12.813
    22.747
    29.506
    34.294
    37.828
    40.540
    42.696
    44.462
    45.946
    47.213
    48.310
    49.267
  -429.109
   940.717
  -307.591
  -357.349
  -162.061
    -1.274
    82.001
   106.265
    96.912
    72.796
    45.323
    20.447
     0.708
   -13.291
   -21.946
   -26.084
   -26.661
   -24.587
   -20.660
   -15.536
  -860.664
   630.868
   375.870
   245.321
   149.916
    81.839
    33.943
     0.473
   -22.841
   -39.058
   -50.331
   -58.166
   -63.610
   -67.393
   -70.022
   -71.849
   -73.118
   -74.000
   -74.614
   -75.040
 -1163.949
  1638.119
   491.832
  -165.149
  -438.011
  -476.423
  -389.134
  -247.819
   -96.843
    38.075
   143.416
   213.361
   246.779
   245.244
   211.774
   150.039
    63.888
   -42.929
  -166.912
  -304.880
  -251.825
  1147.353
   763.570
   -43.730
  -519.100
  -552.362
  -333.356
   -64.384
   139.842
   243.802
   256.939
   206.676
   123.267
    32.920
   -44.535
   -95.821
  -113.457
   -94.693
   -40.417
    45.844
   557.619
 -1297.351
   593.443
   391.422
   142.926
    35.032
   -40.693
  -112.329
  -163.227
  -177.705
  -154.161
  -102.257
   -36.681
    27.792
    79.082
   108.879
   112.658
    89.148
    39.617
   -32.862
  -257.306
   175.339
   -37.102
   237.341
   170.832
   -98.571
  -302.764
  -347.775
  -258.323
   -97.296
    76.257
   220.939
   313.440
   344.393
   313.653
   226.435
    90.595
   -85.124
  -292.126
  -522.520
  1126.909
 -1106.539
   -17.568
   260.877
   265.410
   181.521
    58.000
   -57.125
  -128.953
  -146.815
  -119.407
   -64.943
    -3.037
    50.037
    83.221
    90.736
    71.226
    26.583
   -39.219
  -121.094
    92.463
  -296.694
  -235.692
    15.977
   199.797
   270.322
   250.574
   174.038
    69.973
   -38.773
  -135.280
  -207.731
  -248.595
  -253.843
  -222.193
  -154.418
   -52.742
    79.666
   239.093
   421.586
   -21.338
  -396.558
   107.759
   145.485
    56.272
     1.194
   -10.798
    -3.444
     5.699
     9.245
     6.179
    -1.651
   -11.537
   -20.796
   -27.087
   -28.460
   -23.321
   -10.382
    11.383
    42.772
   117.630
    60.142
  -322.107
  -364.125
  -193.195
    10.252
   157.262
   226.318
   227.769
   182.365
   111.269
    32.348
   -40.634
   -97.677
  -131.876
  -138.726
  -115.542
   -60.993
    25.252
   142.790
  -114.651
   499.341
  -255.237
  -574.652
  -443.232
  -150.279
   112.459
   271.519
   323.135
   293.141
   214.243
   115.599
    19.267
   -60.009
  -113.672
  -137.872
  -132.071
   -97.899
   -38.287
    43.161
   -72.883
  -140.985
   155.206
   156.490
    52.711
   -35.716
   -79.308
   -83.639
   -62.204
   -27.687
     9.965
    43.498
    67.874
    79.782
    77.228
    59.206
    25.439
   -23.827
   -87.976
  -166.142
  -113.246
   591.670
   230.787
  -286.391
  -490.502
  -313.402
    50.505
   349.935
   448.619
   353.744
   147.416
   -81.070
  -266.887
  -374.851
  -393.420
  -326.404
  -185.925
    12.557
   253.320
   522.069
   -35.116
     7.403
    83.389
  -100.304
  -156.570
   103.273
   -71.097
   100.867
    33.316
    29.883
    83.830
   -29.260
    91.857
   -63.932
    78.571
   -80.515
    57.800
   -86.536
    36.443
   -87.103
   298.238
  -661.334
   -17.387
   482.432
   335.541
   -89.824
  -382.622
  -415.094
  -254.351
   -17.215
   203.746
   356.918
   424.124
   408.035
   321.752
   181.950
     5.025
  -194.740
  -405.805
  -619.351
  -244.586
   101.379
   130.592
    99.451
    72.253
    50.001
    31.964
    17.418
     5.724
    -3.659
   -11.178
   -17.198
   -22.017
   -25.873
   -28.957
   -31.425
   -33.399
   -34.978
   -36.241
   -37.252
   104.498
    24.657
    33.849
    73.931
   106.283
   111.815
    88.235
    43.534
   -10.453
   -62.428
  -103.809
  -129.303
  -136.592
  -125.641
   -97.942
   -55.870
    -2.181
    60.338
   129.084
   201.765
   232.716
   203.899
    55.344
  -123.150
  -185.323
  -120.890
   -10.310
    79.090
   123.471
   127.562
   105.827
    72.133
    36.331
     4.195
   -21.565
   -40.197
   -52.059
   -58.040
   -59.214
   -56.645
   116.952
    65.413
    40.174
   -29.217
   -79.186
   -97.265
   -89.451
   -66.061
   -36.436
    -7.371
    16.943
    34.409
    44.406
    47.232
    43.694
    34.814
    21.655
     5.221
   -13.597
   -34.033
  -202.346
   372.829
  -255.869
  -218.530
    52.457
   190.180
   177.636
    92.674
    -1.970
   -74.718
  -116.106
  -128.242
  -117.741
   -91.930
   -57.169
   -18.325
    21.191
    59.179
    94.353
   126.075
   395.905
   -59.429
  -251.726
  -241.977
  -144.580
   -29.716
    69.467
   140.944
   183.068
   198.662
   192.065
   167.779
   129.909
    81.983
    26.937
   -32.833
   -95.396
  -159.216
  -223.086
  -286.071
  -101.216
  -159.542
     4.553
    -9.267
    24.943
    -6.361
   -30.522
    63.106
   -78.337
    73.023
   -50.432
    17.077
    19.491
   -51.986
    74.063
   -80.597
    67.736
   -32.820
   -25.752
   108.679
 -1232.332
  -613.058
   610.304
  -306.623
    33.929
   132.156
  -193.460
   188.680
  -154.040
   110.597
   -68.202
    30.734
     0.769
   -26.517
    47.205
   -63.647
    76.623
   -86.815
    94.796
  -101.033
  -932.869
 -1263.656
   822.211
  -211.304
  -193.687
   397.807
  -451.497
   404.818
  -306.123
   195.140
   -95.240
    14.811
    46.249
   -91.203
   123.781
  -147.204
   163.978
  -175.968
   184.532
  -190.647
    12.591
   -36.983
   -43.837
   -25.777
    -8.709
     3.296
    13.329
    22.927
    31.323
    36.941
    38.579
    35.874
    29.270
    19.791
     8.772
    -2.370
   -12.289
   -19.812
   -23.987
   -24.096
  -182.806
   -66.090
   196.404
   -69.368
   124.055
   -70.413
   -82.544
   -32.979
  -159.278
     8.796
  -134.581
    39.101
   -57.866
    51.527
    38.113
    44.728
   133.946
    20.855
   218.776
   -15.649
   177.693
  -133.975
  -217.737
   -31.617
   110.679
   152.204
   124.624
    67.132
     6.131
   -44.542
   -79.339
   -97.337
   -99.889
   -89.289
   -68.063
   -38.627
    -3.132
    36.582
    78.990
   122.852
   360.315
   -66.090
   -48.336
   -69.368
   -77.550
   -70.413
   -53.840
   -32.979
   -11.337
     8.796
    25.930
    39.101
    47.728
    51.527
    50.465
    44.728
    34.686
    20.855
     3.853
   -15.649
# -----------------------------------------------
# 
