# -----------------------------------------------
# 
  2897.238
 -3581.716
  -825.709
   918.685
  1474.408
  1284.224
   795.621
   279.974
  -146.159
  -449.367
  -624.587
  -671.144
  -590.862
  -395.502
  -114.468
   201.385
   480.613
   635.688
   569.608
   183.198
  -618.001
 -1154.954
   -57.004
  1359.238
  1867.485
  1210.831
   588.769
   319.447
   202.851
    61.731
  -135.920
  -341.791
  -498.810
  -573.347
  -558.011
  -462.403
  -302.671
   -94.116
   152.563
   432.280
   744.949
 -3051.996
 -4328.601
 -2001.375
  1139.424
  3174.897
  3379.976
  2012.342
   -88.237
 -1973.633
 -2972.723
 -2867.082
 -1848.318
  -347.631
  1149.643
  2234.248
  2632.400
  2211.131
   954.156
 -1072.351
 -3752.677
  -482.877
  -482.883
  -482.890
  -482.896
  -482.902
  -482.909
  -482.915
  -482.921
  -482.928
  -482.934
  -482.941
  -482.947
  -482.953
  -482.960
  -482.966
  -482.972
  -482.979
  -482.985
  -482.992
  -482.998
  -218.401
  -218.403
  -776.332
  -776.333
  -218.405
   143.936
   143.938
  1834.542
  2109.119
  2305.168
  2314.041
  2037.079
  1562.942
  1036.377
   566.430
   198.327
   -75.132
  -286.902
  -469.584
  -637.460
  -778.503
  -854.874
  -809.109
  -573.093
   -77.463
   740.167
  1929.045
  1769.543
   425.437
   635.190
  -540.274
 -2157.208
  1677.452
   528.943
  4287.615
  2773.447
 -1011.854
  -776.527
 -5394.317
 -2893.567
  2209.930
   522.565
  -738.805
  2227.311
  -373.928
 -3636.292
 -3870.453
 -1878.035
   484.061
  2057.697
  2536.313
  2125.047
  1214.253
   182.647
  -688.692
 -1234.669
 -1391.505
 -1170.448
  -631.029
   141.327
  1052.011
 -2660.555
 -1995.970
 -4625.318
  3250.344
-11044.943
  4169.529
  2060.429
  4191.467
 -6494.917
 -2884.581
  5955.868
   -78.746
  -877.371
 -1899.679
 -3517.901
 -1804.927
 -1925.413
  3756.305
  5003.347
  2428.267
 -3011.966
  -847.554
  -991.293
  -674.154
 -1304.818
    -7.638
   766.376
   757.497
   412.970
    12.573
  -358.925
  -684.804
  -947.121
 -1113.390
 -1145.596
 -1011.355
  -690.448
  -176.445
   524.823
  1398.235
  2422.603
  -847.552
  -991.292
  -847.551
  -991.291
  -674.154
  -847.549
  -674.154
  5283.428
   -98.783
  4118.201
 -7205.311
  4045.640
 -2584.486
  1339.435
   447.060
 -5437.318
   863.672
 -2819.492
  4146.166
  1770.516
  1120.007
  1636.835
  4850.291
 -5434.008
 -1515.272
  7252.503
  3115.987
 -3967.856
 -1164.490
   729.897
   869.299
 -2526.847
 -3907.492
 -2195.075
   373.331
  2212.104
  2863.444
  2505.857
  1533.432
   338.217
  -772.600
 -1592.179
 -2001.756
 -1950.100
 -1433.272
  -477.791
   872.125
  2563.651
 -2756.017
  2155.748
 -5223.977
  4007.406
  8633.029
  5695.834
 -7152.231
  4104.227
 -3234.134
  4104.227
 -3234.133
  1055.824
  4104.228
  1055.827
 -5443.977
 -1154.589
 -8361.058
  5959.712
  2396.088
  2416.743
 -1128.807
 -3155.364
  3999.269
  -690.055
 -1201.888
 -3304.252
  2177.692
  1356.394
 -1060.959
 -1279.327
 -1172.870
 -2151.810
  5466.916
  2257.390
   -96.402
 -5566.588
  1481.348
  -928.201
  2241.799
  3289.619
  1963.532
    28.708
 -1384.038
 -1963.188
 -1840.472
 -1288.892
  -570.406
   118.138
   651.123
   961.949
  1026.720
   849.548
   451.165
  -139.176
  -889.088
  -285.685
  1023.485
 -1870.973
  1260.922
 -1935.102
   921.541
   103.803
 -1690.000
  2478.919
   439.043
  1907.091
 -1088.294
   206.172
  -931.683
  1243.001
  1180.509
  1243.001
  1180.510
 -1091.158
  1243.001
 -1091.157
 -1577.336
  2606.044
  2171.303
   162.487
  3470.652
 -2320.735
 -2463.652
 -2125.043
  2521.152
  2100.610
  1212.710
 -4254.382
 -1270.245
  -603.725
   936.112
 -4822.786
  1518.066
-10076.984
  3654.094
   179.345
  6766.775
  1609.652
   993.588
  -340.881
 -1237.932
 -1373.179
  -862.415
     9.495
   928.241
  1623.908
  1914.219
  1728.265
  1111.484
   210.819
  -757.799
 -1552.506
 -1948.637
 -1772.104
  -917.456
   649.500
  2900.714
   289.842
   343.675
 -1047.811
  -125.432
   157.810
 -1236.698
   743.709
   222.698
 -1526.409
  1737.299
  4354.494
 -3078.582
 -1378.361
  -480.069
  -366.899
 -2168.414
 -1623.511
 -2995.669
 -2480.737
 -1050.057
  2858.955
  1609.645
   993.582
  1609.639
   993.576
  -340.886
  1609.633
  -340.897
  -231.975
   165.039
  -952.072
   201.396
  -932.410
  1876.080
  2572.626
  -977.553
   -98.442
    26.979
   191.088
  2920.167
   517.486
 -2713.153
  1211.011
   694.031
   466.783
  -625.142
   272.849
  2319.992
 -1461.518
  2559.512
 -3014.469
 -1932.559
   201.397
  1945.690
  2844.303
  2837.065
  2097.003
   911.616
  -414.071
 -1619.713
 -2517.788
 -2997.215
 -3013.140
 -2571.112
 -1710.786
  -491.790
  1017.266
  2746.632
  4630.526
 -1521.286
  4556.854
 -2873.072
   382.558
 -1817.264
  -470.272
   441.959
   212.035
 -1782.917
  2452.014
 -4774.247
  2137.416
  1694.478
  1404.490
  2926.914
 -3202.748
  -522.673
 -1741.809
  1896.824
  3807.990
 -1244.496
  3129.731
  5864.480
 -2916.005
  -241.722
  5320.126
 -5891.753
 -1254.306
    84.917
   648.778
    84.914
   648.777
 -2271.584
    84.912
 -2271.585
   890.183
  1298.546
   796.644
  2116.552
 -5267.880
  4364.520
  -915.357
   567.894
  1429.124
   705.506
 -1455.962
   627.067
 -2148.432
   739.015
 -3035.683
   -39.149
  -750.264
  2467.194
  2194.443
  2120.422
 -1880.346
  3684.410
 -2658.082
 -2116.895
 -1025.705
  -232.384
   250.311
   506.997
   602.252
   578.100
   468.499
   309.295
   136.263
   -23.873
  -157.999
  -263.779
  -344.387
  -404.689
  -449.377
  -482.348
  -506.631
 -1362.114
  1920.356
 -2046.947
  -220.179
  1968.440
 -3425.941
  2305.437
  4057.390
 -2815.944
  2270.350
    52.041
 -2258.432
 -3776.418
  1724.106
 -6506.442
  1444.206
 -3382.279
  8409.070
   574.231
 -4654.369
  3187.047
 -1727.488
  1947.381
 -2372.047
 -4687.226
  3547.702
  4412.109
  1087.111
  1561.691
  -150.998
    14.776
  -858.062
  -242.294
 -1178.717
  -666.294
    66.117
  -435.592
    66.116
  -435.593
   181.877
    66.116
   181.876
  2605.612
 -1463.481
  5022.784
  -686.764
 -1454.195
  3516.059
 -2813.806
   -25.277
   910.795
  1864.337
 -1289.278
  1683.548
 -1722.915
   240.842
  2536.294
   405.517
 -1845.540
  -151.728
   656.445
 -3019.120
  2911.681
 -2624.885
  2986.616
    39.204
  3944.099
  3375.934
  1494.904
   144.568
  -478.650
  -625.927
  -539.829
  -372.931
  -205.587
   -74.054
     9.417
    44.601
    36.694
    -7.165
   -79.628
  -173.939
  -284.247
  -500.369
  -498.527
  -453.641
   809.747
 -1816.079
  1084.022
 -5236.547
    11.451
 -1708.735
 -2656.188
  5688.743
   -71.500
  2352.797
 -5100.946
  2505.756
 -3619.007
 -5880.552
  5037.839
  1697.956
  3359.933
 -2740.583
 -1812.748
   208.922
  2414.264
  2690.420
 -3385.013
 -3099.117
  -729.692
   -48.483
 -2427.910
 -1423.979
  2783.820
  3042.421
  2102.764
 -2378.932
 -2177.382
 -4353.624
 -1552.673
 -5374.367
  -897.893
  4670.276
 -2616.740
   430.338
 -2384.807
   430.337
 -2384.807
  -699.788
   430.337
  -699.788
  3195.152
  2507.975
  1278.468
  4251.473
  3591.025
 -4218.923
  5316.923
  -142.891
  6062.960
 -1561.445
 -3043.063
 -4677.174
  1679.407
  1608.144
  -214.534
   602.583
  1693.910
 -1699.971
  -156.548
  -813.345
  2612.595
 -1288.030
  2459.685
  -702.878
 -2356.742
 -1435.018
   219.405
  1296.835
  1478.394
   990.999
   201.435
  -583.240
 -1171.349
 -1475.496
 -1481.325
 -1217.128
  -731.073
   -76.510
   696.343
  1544.343
  2432.678
 -4020.018
  1669.202
 -1251.359
  -443.647
   484.311
  2141.705
   672.363
 -2554.862
 -3682.755
 -1152.211
 -4911.563
 -1175.691
  3590.196
  2430.736
 -1796.370
   381.339
  5877.681
 -3778.028
   727.510
 -2218.142
   769.314
 -1330.072
  3125.276
 -2861.661
  4305.935
 -2908.107
  2029.363
 -3427.376
    12.836
   680.755
  2714.047
 -3484.439
 -1148.290
 -1244.373
  2797.122
  1152.365
  -429.128
 -6172.784
  2287.368
  2660.951
  5165.889
 -3335.639
   656.248
 -5298.496
  1781.355
-10303.391
 -2164.814
  3624.347
  2338.950
  -578.832
  1469.878
  -578.833
  1469.878
  2014.731
  -578.834
  2014.730
  5634.537
  2145.385
  1756.534
 -3231.256
  4124.398
 -2938.088
   811.383
  2513.989
 -5617.413
  3854.709
  -841.964
 -1421.165
 -3600.332
  3627.160
 -1739.195
  1580.928
 -2703.174
  4560.324
 -4379.296
   519.452
   -41.119
  2543.756
   479.086
  3928.192
  1680.202
  -862.772
 -1769.213
 -1396.754
  -489.141
   424.313
  1082.593
  1410.309
  1433.113
  1220.133
   850.986
   399.164
   -75.044
  -526.487
  -924.480
 -1250.871
 -1497.617
  4353.025
 -2951.006
 -3881.208
  3398.063
 -1179.347
  -538.270
   558.388
  3421.109
 -7803.242
 -1817.051
   123.996
 -3610.295
  1014.136
  2095.832
  2908.825
  1645.739
  2140.042
   719.368
  1525.474
 -3715.910
  5041.345
 -1502.380
  5119.991
 -1617.056
 -4257.920
 -4272.324
  3216.572
  4022.855
  -805.488
  2308.329
 -1409.489
  8237.065
 -5643.271
 -1767.303
 -2780.947
  2688.596
 -7760.880
 -3686.330
  5258.381
  4752.128
  1460.513
  -653.428
  1300.149
 -2575.556
   868.297
 -1678.903
 -2254.525
  -837.858
  2357.735
  6677.804
  4101.208
  5167.366
  3540.855
  -718.648
 -6673.845
 -4675.926
 -1299.335
  -351.765
 -1299.336
  -351.765
 -1995.365
 -1299.337
 -1995.366
  2172.787
 -1756.012
 -1615.753
   423.724
 -3029.432
  -220.549
  3355.005
  5938.523
  6843.662
 -8839.960
 -2395.068
 -2290.918
  3823.080
  1601.352
 -2434.200
 -2495.242
 -5754.158
  2013.710
 -1375.556
  4911.804
   770.438
 -4288.471
  -241.723
 -2354.737
 -1684.749
  -787.809
  -239.559
    35.074
   157.852
   204.268
   213.868
   206.582
   192.456
   176.563
   161.411
   148.137
   137.137
   128.416
   121.777
   116.935
   113.585
 -4550.506
 -1524.687
  8285.815
  1623.047
  3902.361
  -688.886
 -7632.388
  -338.919
  4048.657
  -117.058
  5998.084
 -7497.140
  1573.611
 -4004.317
  5615.361
  1790.173
 -3382.688
 -7256.966
 -2207.946
  4722.555
  3244.871
 -2090.555
  1104.346
 -2348.013
   917.124
  1070.936
    52.825
   504.052
  6571.420
   116.476
    21.784
 -2129.909
  -346.780
 -4808.397
 -2389.047
 -5450.123
  5700.285
 -2709.991
 -1508.792
  1070.689
  1875.336
 -2153.335
 -8162.444
   658.544
  8173.630
  7906.676
  -531.654
 -2882.929
 -6315.426
  3840.123
  5093.361
 -8141.855
 -2030.759
 -4609.068
  2554.222
  5150.414
  2720.178
 -1801.827
  2767.407
   149.051
 -8145.039
 -1895.797
  1874.005
  -475.456
   505.883
  -475.458
   505.882
 -1602.887
  -475.459
 -1602.890
  6557.937
  5785.142
  2291.394
  2109.067
   986.011
 -4265.485
 -2916.299
  7368.706
   772.707
  1720.201
 -6296.095
  2151.139
 -1194.121
 -1076.676
  -367.279
    78.911
  1117.159
 -7391.203
  7502.242
  4246.248
 -3014.379
  -174.668
  -341.861
   604.519
   562.403
   492.935
   440.811
   403.734
   377.784
   359.717
   347.130
   338.323
   332.120
   327.718
   324.565
   322.288
   320.628
   319.408
   318.504
   317.830
   317.323
  2927.149
  -566.524
 -1876.194
 -2602.340
  -572.664
   835.448
  1371.305
 -1660.009
 -2462.252
  2344.994
 -7908.020
   525.369
  -232.847
  -770.359
  1691.388
   700.259
  3029.322
   759.886
   650.506
  3102.431
   652.292
  5667.081
  -114.884
  -283.956
  -257.251
   612.938
 -5838.472
   607.842
 -2011.782
  -548.219
 -2256.887
  -588.325
   590.537
  -448.841
   580.433
   855.704
  -599.456
 -5042.338
 -4068.589
   190.291
  7705.527
  1609.441
  1221.420
 -3060.107
  2885.251
 -5903.480
  -295.311
 -3716.291
 -1227.053
 -1474.411
 -2411.596
  -983.699
 -2724.607
  1165.965
   970.295
  1428.489
  -327.236
 -1496.031
  1360.335
  -137.573
   792.547
   607.416
  1472.549
 -3065.421
  -570.310
 -2298.658
  -590.632
   643.487
  2356.405
   746.241
     2.804
  -485.683
     2.803
  -485.683
   594.256
     2.803
   594.256
 -1604.013
  -917.057
   231.670
 -1365.322
   693.776
  7253.514
   896.983
  3280.849
   532.315
  3063.040
   800.993
   394.010
 -2127.550
   329.071
  5254.241
 -1182.125
  4954.674
 -2508.768
   498.715
 -3344.443
   207.740
 -3321.583
    87.424
  -365.638
  1105.159
  1851.392
  1226.064
   -39.897
 -1161.047
 -1727.550
 -1673.400
 -1133.314
  -321.032
   544.993
  1277.366
  1731.455
  1804.444
  1428.975
   565.375
  -805.624
 -2688.911
 -3292.330
 -3385.446
   898.722
  2404.375
  1878.417
   -11.644
 -4064.568
 -4922.299
  4001.856
  9448.813
 -5053.899
  -918.618
 -3775.325
  1435.242
  2894.959
 -6934.671
  -410.582
  1846.768
  3770.148
   -50.000
 -1658.989
 -2834.526
  1428.219
   412.830
 -1525.405
   739.620
  2167.378
  -533.775
  2174.066
  -566.818
 -1430.993
  -386.940
  1406.610
   267.427
 -1326.783
 -4388.032
 -2947.422
 -2243.130
 -2897.878
 -1229.362
  5807.258
   681.854
  -776.719
  3175.798
   452.195
  6612.221
 -4183.080
 -4582.823
  -218.868
  -177.760
 -1665.519
  2729.026
 -3624.274
  3135.396
  1098.539
  -263.476
   631.375
  1891.633
 -5526.513
  4876.399
 -2332.387
  2886.683
 -2560.633
 -1192.457
 -5037.959
   876.510
  7667.806
  1652.257
 -1582.494
 -4132.008
  2381.626
    27.170
  2542.312
  -492.770
 -4954.518
 -1264.235
  1570.399
   689.229
   360.051
   689.228
   360.050
  -625.592
   689.227
  -625.594
  3858.496
  2460.385
  -499.206
 -1969.991
 -4879.024
 -1157.644
  2076.959
 -3179.426
   802.397
  6818.066
  1007.431
 -2304.723
 -4624.724
  -103.305
  3892.296
  5508.812
 -1777.211
 -1186.650
 -4579.782
  -522.164
  1030.620
   104.956
    62.084
  -160.769
  -286.949
  -338.811
  -340.736
  -312.195
  -267.135
  -214.815
  -160.990
  -108.976
   -60.480
   -16.194
    23.796
    59.745
    92.075
   121.269
   147.812
   172.155
   194.699
   669.866
  -580.096
   490.489
  -682.955
  -600.166
   258.391
  -699.453
  4208.886
 -1074.667
  1960.377
  -328.109
 -1327.560
 -1418.710
  -160.186
  -618.312
   355.451
  -754.334
   119.854
   461.627
  -739.872
   148.239
 -1040.079
 -1529.755
  1898.509
 -1859.380
 -1464.284
  5794.389
 -1675.985
  -215.197
   783.923
  -333.765
   741.444
   381.047
  -304.921
   344.266
   711.674
  -399.016
  1779.878
  -656.188
  -643.060
  3022.408
 -1125.042
   495.994
   254.198
   628.957
   443.392
    24.191
   686.142
   381.929
   824.656
  -179.549
  7215.589
 -1095.941
  -237.989
   955.847
 -1858.854
  -709.852
  3240.210
 -3504.595
  3337.692
  2443.576
 -7483.254
  2459.554
   -27.731
  1505.147
 -1578.192
  1432.726
  1284.787
 -2822.091
  1050.676
  2037.245
  -462.231
  1510.179
  -602.077
  -665.145
  1531.563
  -489.165
   157.228
  -287.518
    83.204
  -566.609
  -345.262
   105.648
  -612.339
   301.521
    58.148
   301.521
    58.148
  -160.807
   301.521
  -160.807
   299.088
  -352.279
   200.367
  -640.070
  -365.829
    57.374
  -602.552
 -1705.756
  1049.956
 -1430.953
  1409.352
   234.742
  -477.305
   423.307
  -409.618
  -236.631
  -962.011
  -557.359
  -452.870
 -1635.225
 -1070.561
  -926.216
  2252.425
    10.644
 -3078.952
 -3275.857
 -1274.651
   952.824
  2275.080
  2530.261
  2031.986
  1181.808
   295.041
  -436.703
  -924.425
 -1146.837
 -1120.283
  -878.142
  -458.661
   101.320
   769.051
   773.250
  3262.754
 -1237.243
 -3091.912
 -1931.843
   541.410
   239.365
 -1786.894
  1997.850
  -191.821
  2806.030
  1374.065
 -1766.021
  -725.210
  -556.895
  2407.793
   505.972
 -6518.580
  2141.255
  4435.404
   614.968
  3327.988
 -3834.909
  2653.342
  2629.313
   556.849
 -6014.876
   -98.510
  6423.862
   951.823
 -6061.760
 -2258.016
 -1968.407
 -2849.266
  3591.375
 -2193.528
  3577.506
 -2359.876
  2809.148
  1155.324
  -198.622
 -3880.687
 -2667.637
  1010.891
 -2142.816
  2529.640
 -2150.786
  3308.244
  -528.799
 -1264.225
  -709.804
  -909.229
 -2729.590
  6606.616
   -44.148
   922.118
  3907.859
   624.372
 -3108.615
 -5161.936
   176.790
 -1074.356
  -112.455
 -2372.522
   676.365
 -2491.779
  5119.767
  -314.607
 -2003.166
  -804.396
   238.314
 -2721.912
  3636.416
 -3281.781
  3543.580
  2983.140
  -323.455
  4173.650
 14524.217
-12262.918
 -4005.565
-10227.056
  1327.876
  4818.317
  2564.142
 -3608.510
   187.282
 -4717.124
 -6052.366
 -2568.903
  7258.408
  -493.223
 -1224.713
  -493.225
 -1224.713
   141.261
  -493.227
   141.262
  7772.656
  2279.994
  2790.948
 -6098.314
  4901.442
 -2576.882
 -1866.845
 -7432.722
  -161.658
  -591.075
  4885.347
  -263.436
  3542.490
 -2021.966
  1516.329
  5244.626
 -1888.844
   836.259
 -2154.500
 -2928.464
  -273.397
 -1066.590
  -653.138
  1036.200
   828.155
  -943.852
 -2520.769
 -3341.308
 -3460.051
 -3093.139
 -2450.647
 -1693.068
  -929.954
  -230.070
   367.339
   843.210
  1191.705
  1415.300
  1521.439
  1520.287
  1423.271
  1060.651
-11435.944
   308.928
  9419.357
  1045.118
 -2904.041
 -2554.461
 -1170.282
  8041.958
 -2862.213
   465.573
   701.593
   900.761
 -4072.649
 -4397.209
 -2059.898
  2177.556
  -225.678
  1413.058
  4039.421
  2188.150
  2010.333
  1198.388
 -4241.889
 -6298.628
  4726.137
  3531.052
  -574.002
  -542.776
 -8420.849
 -1166.337
  8805.953
  3289.167
  1857.074
  4535.030
 -2171.252
 -2012.469
  4151.542
  2654.447
  4428.257
  -323.621
 -4097.858
  7293.257
  6794.369
 -6073.126
  -749.596
  -241.122
  -515.176
 -3292.262
    94.980
  2562.518
  2529.680
 -1067.024
 -1971.785
  -626.226
 -1700.642
   419.309
 -1232.881
   812.525
 -2841.295
    18.825
   -12.854
 -3993.192
  2909.614
 -6189.266
  -617.108
 -2369.506
  6358.109
  1030.910
 -2676.010
  -562.422
  3521.888
  2627.371
 -5111.671
 -2720.144
 -1560.920
  1576.368
 -3883.982
  3450.724
  5191.034
  -219.039
 -4876.890
 -2687.436
   149.771
 -3134.838
  4913.766
  -209.768
  -600.439
  3337.378
  1108.402
 -1510.943
 -1552.491
   360.459
 -2194.512
 -3679.562
  1836.041
 -1662.330
 -2468.565
 -1066.590
  -653.138
 -1066.590
  -653.138
  1036.199
 -1066.590
  1036.199
  5900.912
 -1130.093
  3299.256
 -4767.732
  2274.638
 -1460.243
  1882.477
  5811.726
 -1905.476
 -9269.070
  3000.420
 -9785.623
  5048.079
 -1811.324
  7424.772
 -1760.720
   828.318
 -3332.814
  -299.892
 -1319.844
  -163.580
  -329.227
  -936.498
 -1455.069
  3133.536
  3946.719
  2665.500
  1056.623
  -196.983
  -981.173
 -1379.200
 -1510.319
 -1475.620
 -1347.315
 -1172.469
  -979.815
  -785.831
  -599.248
  -424.105
  -261.729
  -111.962
 -3093.465
 -4641.907
   299.828
   -18.933
  1369.883
   198.989
  -127.560
  2971.994
   128.878
 -4736.065
-11672.415
  5120.993
  1253.585
 -1142.879
  5277.954
   317.134
   792.604
 -1937.245
 -5347.645
  1276.051
   480.743
 -6826.756
  1709.006
 -1963.309
  8483.286
  2045.233
   736.443
  9860.229
  3916.805
  6659.662
 -3389.256
  1219.678
  1822.843
 -5453.907
 -2700.062
    75.615
  4139.222
 -5633.801
  -738.727
 -4420.190
  5305.253
  1180.302
  4555.012
 -6362.056
 -1323.677
 -1512.471
  4530.953
  2658.962
  2125.259
  -457.182
 -9548.951
   675.337
  3789.015
  -983.356
  2009.248
  7094.024
  3021.353
 -1567.651
  2338.885
  3954.266
-10339.595
 -3337.154
  1833.009
  2855.181
  1779.544
  2698.176
  3524.401
   764.260
  -899.636
  4780.845
  -487.113
  5083.413
 -2529.562
 -5114.342
 -6001.187
  7595.359
 -1438.495
   340.385
  -599.462
  6689.825
 10240.166
-10808.265
 -9467.940
 -5264.595
  5037.028
  1311.987
 -3631.163
 -1099.054
  4989.394
   289.118
  -676.827
  -758.949
 -1722.571
  3064.067
 -1905.270
 -4586.473
  -650.450
  1453.339
 -7285.566
 -2428.847
 -9026.754
  -654.188
 -2435.866
  1659.221
  1598.295
  -329.228
  -936.499
  -329.228
  -936.499
 -1455.069
  -329.228
 -1455.069
  5184.365
  2002.064
  3201.552
  1505.254
 -1077.384
 -1479.016
 -5429.868
 -6825.037
 -6885.784
  6267.732
 -2402.386
  2767.897
  -811.006
  6999.922
 -3010.239
  1047.977
 -1471.708
  4847.971
 -3991.483
  4811.612
 -5170.971
   509.310
  2108.512
  -931.427
  3071.261
  3633.792
  1908.350
    12.689
 -1196.391
 -1643.879
 -1523.457
 -1059.535
  -431.175
   238.413
   872.164
  1426.305
  1879.474
  2224.698
  2463.820
  2603.775
  2654.151
 -2889.983
  9211.936
  3890.648
  7358.409
 -7956.941
 -4983.688
 -1825.135
 -2437.630
 -4396.410
   777.849
   806.018
   810.978
   524.296
   500.408
   371.874
  2916.954
 -1974.676
  7388.804
  -745.427
  2871.611
 -3830.496
  -525.783
 -1762.786
 -1646.934
 -3798.531
 -8726.760
  1113.101
 11471.873
  2394.918
  1242.630
  1837.853
   714.148
 -1641.312
 -2282.969
 -2053.405
 -4196.878
 -2601.483
  4032.490
 -3196.125
 -2817.668
 10202.963
  2831.836
  5582.833
  2845.690
 -6472.788
 -5084.850
  1340.390
  1421.509
 -7278.497
  1176.519
 -4296.044
 -1596.855
   704.443
  4158.047
 -1165.147
 -1392.689
  -846.699
   687.954
 -2956.181
   -12.756
  -599.033
  1757.088
 -1369.390
  1300.525
  -480.720
  1711.654
  1446.082
 -7248.345
 -3324.798
  2358.809
  2651.294
  1911.025
  1398.211
    64.509
  -981.401
 -3350.932
 -3501.699
 -1258.548
 -2039.088
 -2935.072
  3016.555
  4663.558
  2250.710
   174.577
 -3442.492
    86.634
  -256.809
 -3818.988
  3423.782
  4606.709
  3451.604
  3338.319
  2051.350
 -6733.490
 -5563.878
 -2233.740
  4354.525
  5620.735
   204.921
  1982.614
 -2533.479
   624.249
 -2526.734
  1149.293
  -233.680
 -5154.405
  5283.140
 -3998.580
  8260.409
   708.254
  8798.911
  2658.098
   509.310
  2108.512
   509.310
  2108.512
  -931.427
   509.309
  -931.428
  4882.816
  2527.712
  1783.919
  -756.586
  -283.112
 -2281.157
 -5041.025
  3394.149
  6135.283
  3054.794
  5644.141
  1875.517
 -4870.014
 -6490.946
 -3172.361
 -3557.175
 -5552.436
 -5527.287
 -1030.213
  3406.920
  5411.563
 -2912.449
  1705.259
  3387.158
  -316.776
 -3292.971
 -3939.571
 -2934.161
 -1313.510
   181.878
  1186.044
  1612.119
  1538.233
  1119.538
   531.243
   -63.785
  -530.728
  -768.207
  -707.795
  -310.550
   437.662
  -876.893
  5539.251
 -4676.070
  -668.737
 -3665.799
  1974.195
  3286.619
  3090.706
  1431.325
 -1246.886
  1191.538
 -2716.354
 -1201.099
  1451.488
   269.110
   772.960
   889.857
   929.091
   403.024
   739.842
   909.720
  -691.890
   733.753
 -5910.608
  7080.331
 -1842.874
  1658.567
 -3109.006
 -4075.508
 -1875.778
  -540.768
  -500.336
  4284.118
   356.954
   291.381
  6719.186
 -2192.908
  1915.317
 -8539.872
 -3667.328
  -177.966
  4726.114
  3210.276
 -3171.259
 -5098.765
  5910.823
   592.452
  1987.613
 -1369.406
  1229.082
 -2267.586
 -2733.775
  8358.675
  -233.387
  1927.150
 -4988.253
   811.183
 -1213.806
  1779.588
 -3708.991
  1253.814
 -2142.194
  2286.245
  7985.476
 -2908.726
 -4698.849
 -3156.666
 -2514.128
 -1581.777
  4939.446
 -3791.477
 -1109.690
  1042.800
  3504.315
 -1167.838
 -3474.624
  -309.664
 -3196.085
 -1564.076
 -3362.669
  1215.836
 -1347.239
  1178.463
  2090.671
  1779.193
 -2092.905
 -6670.057
  1834.501
   -58.785
  1819.600
   316.356
 -1624.728
  3150.448
  1498.444
 -2078.660
 -1233.260
   -43.536
  1069.043
  1065.811
   363.957
 -2480.445
  1125.642
  -858.269
  -526.288
   152.185
  2429.080
 -3485.621
 -6254.547
  9375.612
  -129.861
  2315.876
 -4088.226
 -5511.688
 -3756.276
 -3408.101
 -2501.829
  -901.303
  6616.659
  2372.748
  1107.315
  -588.102
  1107.315
  -588.101
  3526.417
  1107.316
  3526.419
  2663.213
  -416.341
  2475.324
 -1168.901
  2532.861
 -5291.256
   107.217
  1520.300
 -1715.104
 -3211.694
  5502.699
 -1954.777
   462.284
 -1309.589
 -4580.586
  4417.008
 -8743.228
  6236.826
  2188.337
  6925.442
 -5014.511
 -4330.425
 -1587.476
  1176.530
  -603.008
 -1862.889
 -1856.528
 -1223.939
  -498.483
    78.567
   444.152
   613.251
   627.779
   535.258
   380.599
   202.809
    33.525
  -103.607
  -192.990
  -226.664
  -203.553
  1350.594
   298.930
 -2745.800
   802.245
  -372.005
 -3697.720
  2804.843
   565.030
 -2765.432
  2520.530
 -1321.254
   999.238
 -3390.561
  5337.466
  2050.477
 -2108.678
  1361.728
  1063.335
 -3916.674
 -1719.156
  2697.665
 -5290.588
 -3023.669
  1350.126
  1689.964
 -1473.262
  1172.111
  1851.907
  1748.096
 -3957.743
 -2338.097
  4097.315
   534.471
 -1295.517
  -779.249
   316.772
 -1341.346
 -1684.591
 -6332.461
  2143.634
   943.935
   438.412
  -377.150
  6929.275
 -9284.821
-10080.095
  1996.843
 11213.734
 -1106.404
  1085.568
  5488.969
 -6822.377
    54.435
 -3669.522
  2889.185
  5937.127
 -1565.813
   237.837
  2393.096
  1748.828
   201.060
 -1237.820
 -1124.616
   135.653
  2889.876
  2038.965
 -5518.543
 -2140.742
 -6653.153
  6202.963
  5754.067
 -2106.955
 -1383.938
 -2812.925
  1041.755
 -3553.183
  2120.412
  1415.058
 -2228.327
  1529.066
 -6128.970
  6085.718
  -961.142
   396.461
   973.730
  2340.887
  -437.229
  1865.942
  2090.365
 -1552.843
 -1997.961
 -3460.974
   370.455
 -2150.149
  2818.277
   711.363
  1266.573
 -2546.648
  2907.435
 -1517.018
 -6216.314
  4374.167
  -603.720
  3675.918
 -1873.521
 -2190.703
  2663.797
  1743.674
 -1967.925
  -982.323
 -1064.344
   890.521
  -455.686
 -2952.177
  -188.561
  3634.988
  1727.574
   648.293
 -2033.182
  2673.776
  3451.404
 -1248.656
  1176.709
    19.393
 -1955.656
  -703.726
  1566.179
   194.252
  1566.177
   194.250
 -2057.895
  1566.175
 -2057.899
   505.007
 -3465.668
   742.495
 -1267.681
 -6935.001
  1489.669
  2333.626
  5151.914
 -1600.170
 -5121.469
  3277.614
 -3399.229
   697.113
   634.536
 -3228.971
  5398.221
 -4946.648
 -3295.430
  8925.401
  6422.625
 -3728.053
 -3171.090
 -2361.667
  1736.282
  2536.026
  1690.724
   743.872
   179.398
   -33.207
   -53.415
   -21.705
   -24.296
   -95.623
  -229.655
  -391.540
  -527.708
  -574.251
  -463.668
  -130.087
   486.900
  1439.657
  -976.777
  1007.311
  -601.130
   328.884
  -933.405
 -1915.710
  -625.650
 -4005.606
  7500.388
    85.936
   866.552
 -3562.646
  4991.475
 -4077.973
  3232.476
 -4656.382
 -3645.238
   244.784
  2650.208
  7342.985
   718.927
 -2024.195
 -1373.590
  4344.383
 -3532.844
  4213.890
 -1489.906
   930.964
  1219.861
   115.653
  -576.571
  -127.271
  -221.659
  -929.987
     6.963
  1694.732
   816.470
 -7371.653
  3911.055
 -2498.844
  3830.359
 -1305.658
  -524.078
  1834.129
  -614.878
  -436.203
 -1145.524
   234.318
   206.416
   392.867
 -1488.076
 -3759.073
  9357.109
 -6158.018
 -1186.578
   125.202
   188.427
 -1007.057
   599.788
 -2419.824
  1971.899
   641.244
  1260.458
 -3302.507
  3653.213
  6377.428
  1762.511
 -2557.461
 -4025.586
 -1111.174
   766.115
  -296.998
 -5428.734
   625.350
   -72.353
  1263.887
  1609.338
 -1458.222
   688.225
  -525.231
  1868.785
  2591.243
  -660.450
 -4602.914
  3601.034
  1308.956
 -4788.872
 -4262.270
 -1760.248
  -664.601
  2506.044
 -1823.667
 -1148.373
   212.186
 -4255.959
   -21.834
  2753.679
   968.807
 -1952.974
  2164.167
 -4495.198
  3513.497
 -2114.891
  1154.159
 -1217.327
 -4669.370
  4452.270
  8528.351
 -3921.893
 -1477.867
 -3811.752
  1607.390
  3250.984
 -5584.602
  -190.903
  1629.335
  1740.842
 -1784.721
    47.294
  -163.577
   486.585
 -2176.914
  4360.399
  -933.335
  1343.551
 -2143.906
  2421.027
  3448.172
   986.598
  3311.176
   238.407
 -3179.165
  -881.414
 -2557.380
  2846.060
 -2557.382
  2846.059
  -206.165
 -2557.383
  -206.166
  -128.001
  2766.966
 -5901.430
 -1981.443
   189.400
  4471.225
 -1928.085
 -4542.429
  2046.346
  1898.885
 -2512.975
   332.543
  2490.292
  -119.413
  4335.884
 -4576.229
  6394.977
   438.955
 -4227.566
 -4475.321
  2004.882
  6839.166
  2974.081
  -379.894
 -5197.554
 -6669.803
 -5138.684
 -2406.075
   156.217
  1906.082
  2726.414
  2773.874
  2301.678
  1560.346
   752.933
    22.125
  -546.503
  -914.513
 -1079.000
 -1061.815
  -900.562
   215.252
 -5985.559
   206.615
  3989.404
  3972.217
  -680.193
 -1856.430
 -8224.773
  6691.631
 -2790.174
-10584.705
  9926.717
  3227.792
 -5409.117
  1753.750
 -2682.917
 13970.358
  2678.320
 -6320.971
  2406.163
   909.770
  -194.222
  4408.050
  4020.007
   865.062
 -7219.336
 -2194.245
  4237.159
 -1638.566
 -1533.337
  1138.649
 -6673.926
  6924.644
  1900.185
  2563.791
 -1990.829
 -1594.166
  -136.709
    31.560
  -235.318
  -144.979
   189.807
 -3770.748
  -629.858
  2817.240
   921.642
  2011.335
   119.138
 -3510.291
  8738.919
-10458.092
 -1724.180
 -8557.098
  5278.441
    40.514
 13646.972
 -8133.309
 -2190.290
  4767.371
  5099.075
 -1065.371
 -3329.015
  -144.721
  2435.428
 -5663.898
  8078.262
 -3619.357
  3850.465
  2547.106
   181.988
 -1108.529
  -586.868
  1808.472
  1622.810
   888.947
  -102.553
  -773.173
 -2581.593
  -634.341
  3064.120
 -2012.199
  2623.466
   856.954
 -5881.751
 -1214.821
 -2435.743
  -409.875
 -5053.545
  2518.341
  1344.518
  2173.815
 -4578.707
 -5307.491
  3101.349
 -8517.241
 13792.009
  -104.313
  -107.184
   -40.586
   303.110
   549.915
 -2351.841
  2725.816
  1340.865
  -253.282
 -6014.291
  -818.012
  4996.882
 -5302.417
  3083.312
 -1454.324
 -3050.267
 -1049.413
  4005.865
     3.090
 -2522.096
 -1091.453
  1397.191
  1204.438
 -2081.307
  -827.505
  1483.544
   264.607
  1638.709
  -767.933
  -809.634
  -762.799
 -5306.581
  2752.612
  1421.477
  3591.198
  2614.499
 -3328.420
   909.221
  1153.860
  1544.338
  2909.998
 -2545.517
  -572.885
 -2757.070
   263.586
  2012.563
   263.584
  2012.562
 -1275.363
   263.581
 -1275.363
   125.524
 -1014.654
 -1809.669
 -2264.499
 -2925.082
 -1996.930
  6057.719
 -3636.446
 -4752.738
  8376.643
 -5931.120
  7960.112
 -2529.608
  1322.603
  -913.732
   539.507
  3245.767
  7791.889
 -6471.428
 -3248.657
 -1277.917
  2281.731
 -1951.062
   702.880
   342.820
 -1456.920
 -2768.521
 -3080.764
 -2575.164
 -1584.774
  -402.195
   753.777
  1726.733
  2406.747
  2718.852
  2615.493
  2071.236
  1078.542
  -355.934
 -2214.651
 -4472.130
 -1336.721
 -2256.532
  4902.492
   445.986
  1816.787
 -2584.530
 -1262.319
  -961.572
 -1742.990
 -1343.849
  3805.737
   572.587
   163.024
 -1438.157
  3439.251
 -1634.485
  3986.297
 -3040.248
 -4398.459
  3283.329
 -1514.701
    69.591
  2221.206
 -5278.490
 -2342.890
  1867.772
 -5011.784
  7840.779
 -5258.408
  5440.774
 -2139.593
  -103.894
   299.602
   898.157
  1863.130
 -1670.119
 -1529.236
   207.618
  5502.911
  1865.455
  -640.336
 -3195.000
  2667.471
   893.659
  -610.897
  -919.942
  -375.917
  -778.380
 -1274.417
 -4670.020
   308.614
  8629.830
 -4694.482
  1424.241
 -4091.132
  1890.272
  2152.741
   -70.741
  1805.678
  1382.982
 -1693.919
   990.239
   514.313
 -2025.046
 -3790.549
  3985.958
  7330.008
   387.949
 -6231.060
  -517.631
  -653.175
  3345.045
 -2497.714
  2056.538
 -2471.086
  5259.019
 -2457.064
     3.625
 -2457.882
  1029.365
  7456.888
   698.924
   -34.222
 -5410.206
 -4421.243
   131.561
  7059.350
 -8008.052
  3911.529
  2249.774
 -2916.652
    66.141
 -2902.316
  -493.670
  1981.003
  -881.701
 -1961.597
  2305.532
  4991.805
 -2277.415
 -3951.553
 -5443.367
 -2063.390
   639.528
  3116.030
  5396.201
  4748.220
  3549.358
  1122.966
  4438.199
 -4920.181
 -3027.257
 -3581.633
   969.908
  3640.302
 -2915.488
   885.706
 -4720.430
  2461.007
   568.444
 -1967.830
  -331.040
  2266.563
   776.506
   510.052
 -1067.356
 -1879.269
   203.747
 -1638.362
  1806.236
   834.952
   784.138
 -1862.183
   345.143
 -1099.768
  2336.972
  2933.652
 -1324.709
 -1616.730
 -1172.316
  1258.371
 -2917.172
  3883.079
 -8406.660
  4874.195
  2205.820
  1364.116
  -160.707
  1060.078
  -160.706
  1060.079
 -1471.441
  -160.706
 -1471.438
 -5537.184
 -4654.701
  -870.306
  -278.859
 -1910.270
 -1591.158
  4511.902
   367.071
 -1868.870
 -1090.915
 -1507.091
  2725.009
  1835.162
  -138.244
   592.678
   460.541
   392.550
  4205.958
 -3157.365
 -1262.383
  -432.028
  3175.219
 -2625.714
  -715.814
  -724.677
 -2846.666
 -4295.003
 -3529.257
 -1079.048
  1560.224
  3189.148
  3401.490
  2439.730
   850.332
  -795.063
 -2049.108
 -2636.135
 -2440.919
 -1472.286
   178.420
  2374.108
  -105.582
    92.833
  2356.179
  2419.538
 -1911.643
 -2383.966
  -435.792
 -8044.496
 -7585.339
  1381.416
 -2590.909
  8399.988
  6540.959
 -1306.541
    86.068
  2653.747
 -4554.827
 -6847.462
   394.885
  5924.413
  2208.676
  -345.297
 -6928.953
  1818.978
 -3032.225
 -1921.844
  3545.168
  5032.136
  5655.066
   172.895
  2952.937
  3534.543
   272.267
 -2269.934
  -259.347
   140.669
 -1352.546
 -1102.355
-11227.282
  7045.847
  8288.375
 -2140.863
  1700.576
 -4908.142
 10188.044
  4110.626
  -338.727
  -321.098
 -4762.956
   713.199
  1201.847
   226.496
   286.860
  2092.541
   -41.192
   -47.324
   624.513
  2338.497
 -2008.409
 -5773.862
   234.678
 10638.868
 -1611.720
  -359.523
 -2122.738
   -30.431
   294.399
    62.162
   717.283
   990.684
 -4417.431
 -3650.741
    57.547
   308.746
  8501.898
 -4890.121
  1875.190
 -5583.724
  1162.908
  -142.581
  4565.133
 -1532.914
  3910.663
   730.828
  -265.909
 -1504.924
   357.626
  1156.164
   166.536
 -1375.687
  1460.118
 -1056.104
  2268.564
  2787.691
 -3689.057
 -1101.376
  7118.342
 -2230.188
 -4219.304
 -4901.288
  -612.080
  -215.935
    15.752
   896.215
  6214.752
  -124.213
 -4244.835
  2625.892
  2217.786
  1028.801
 -3503.332
  -251.512
  5320.220
   226.023
  1170.254
 -2202.872
  3363.338
 -6070.825
  2277.005
   950.145
 -1030.877
  1985.770
  2072.989
   692.229
   529.845
 -3338.035
 -1716.585
 -9735.588
  2123.773
  2810.390
  7838.924
 -3804.001
  -420.213
  1648.381
  3429.802
 -1818.322
 -3761.544
 -2566.794
  7269.894
   303.547
  4182.252
  -465.438
  4985.730
  3958.044
 -4054.618
 -2586.059
 -2223.582
  1034.333
    59.343
 -2247.878
 -1161.238
  4587.277
 -3496.546
  1535.143
  3175.216
 -2625.716
  3175.212
 -2625.717
  -715.815
  3175.208
  -715.816
   185.237
  -898.978
  -785.270
 -3367.112
  7377.575
  3763.257
  -700.634
 -1106.504
  3225.966
 -2937.811
 -3560.714
  1246.765
   954.990
  1009.033
  4604.005
  1471.200
  -449.567
  1717.441
 -2205.880
 -4438.704
  -876.325
  2576.146
   281.400
   328.253
   333.387
   334.462
   334.168
   333.397
   332.553
   331.801
   331.186
   330.708
   330.347
   330.079
   329.882
   329.739
   329.635
   329.561
   329.507
   329.469
   329.441
 -7005.954
  -135.809
   803.353
  -203.848
   120.156
  7532.667
    49.895
   826.892
  1832.327
 -2409.281
  8678.508
   330.582
  1013.775
 -5117.078
   465.168
  1927.686
   950.428
   -69.512
   340.605
  -877.143
 -2749.184
 -2013.452
   127.635
    84.969
   124.371
   329.546
   504.576
   327.669
  2691.862
  -881.169
 -3459.908
  5746.421
   309.880
-16522.940
 -1296.334
  3407.589
  -817.350
 -2374.832
 -1111.942
   314.603
  3009.959
    11.475
 -5534.504
 -2146.036
 15774.196
 10585.983
   228.563
 -5557.702
 -7798.637
 -3792.067
   -30.545
-11369.569
  -416.054
   320.607
 -1790.535
   293.987
    98.281
  -218.623
   282.408
   491.659
   310.395
   -38.568
  -147.881
   -81.109
  -601.585
 -5239.276
 -1673.500
   319.954
  4883.529
   276.746
 -4910.144
   232.416
  -829.414
   285.752
   331.920
   981.865
   405.688
   470.328
   171.158
  2035.865
   149.709
   327.124
  2306.095
   326.102
  3004.729
  -491.637
 -1317.040
 -3210.684
   297.981
 -4619.703
 -5547.250
 -1755.171
  -293.221
  1485.739
  2211.659
  -183.279
   249.663
 -1951.343
  1910.976
  -547.073
   885.864
 -9910.909
   344.427
  2910.705
  2450.106
 -6011.225
 -1133.233
   897.031
   139.413
  -336.658
  4788.526
  -101.030
  2386.572
   523.357
  1402.062
  1520.538
   326.155
 -1401.006
   363.204
  1930.924
   301.849
  1098.746
   317.675
   327.593
   236.266
   325.625
 -1990.273
 -1774.020
 10515.398
 -1507.356
  2269.273
 -7681.258
 -1186.766
   425.775
 -1423.699
 -1225.105
 -2289.085
   148.792
   382.676
   209.003
 -5900.895
   616.201
  6003.687
  1730.533
   339.709
 -2851.955
   408.037
 -5983.373
  -601.605
  9296.976
 -2291.978
   254.562
 -5745.262
   -66.457
 -1924.044
   345.295
 -4501.285
   422.542
   330.832
 -4790.808
   334.958
  2576.146
   281.400
  2576.145
   281.400
   328.253
  2576.145
   328.253
  1679.995
   342.863
 -1104.381
   403.213
   326.389
 -4091.496
   321.686
 -6101.286
  -225.449
   531.122
 -1884.875
   327.891
  1159.768
   199.564
 -5862.237
   320.421
 -6822.305
   449.104
   318.625
  8838.944
   273.660
  -809.287
  2425.300
    28.433
 -3030.738
 -2536.102
  -476.367
   603.765
   336.880
  -472.482
 -1085.434
 -1214.325
  -913.717
  -378.017
   196.349
   669.963
   969.325
  1073.558
   995.815
   767.079
   424.640
   159.090
   238.834
 -2917.545
   170.312
  1052.298
  3651.604
  -641.777
  1165.674
  3110.764
 -2176.078
  6995.140
 -4821.464
 -9449.422
   810.791
  4355.382
  1310.648
 -8524.542
  1053.304
 -1233.467
  1701.625
   583.208
 -3743.251
  4623.336
 -7413.251
  7957.129
 -3447.416
  1876.688
 -3436.216
 -3022.849
 -2919.644
   550.450
 -3600.105
  7340.761
  8310.638
 -2574.378
 -1298.110
  -447.946
  3433.631
  7670.788
  5902.662
 -1873.096
 -2135.037
  2243.801
 -3364.241
 -1471.513
  4274.277
 -4463.530
 -5446.207
  -925.075
 -3595.540
 -1623.475
   648.253
 -4011.423
    99.868
  5329.871
  -785.425
  3001.371
 -1108.950
  3021.376
 -4929.356
  2647.638
  1092.143
  1746.006
   208.288
   420.039
   287.759
   428.020
  1137.846
    10.155
   221.889
 -2921.856
  1185.656
 -3141.700
  7745.344
 -2625.685
 -3710.635
  -823.503
  6870.445
  -629.612
  -144.190
  -419.424
 -4094.812
   785.850
  1251.787
 -8671.732
 -2662.216
  1660.384
  2583.200
  6291.331
  5716.625
 -3865.232
  4370.127
   614.415
 -6047.515
 -1952.295
 -1834.608
  1560.477
  3756.405
   164.050
   683.522
  2643.163
 -4973.951
   460.398
  8355.037
   -23.415
  1733.146
 -3312.609
 -1738.459
 -2293.928
  1845.319
  4404.938
  3039.094
 -2785.332
  5754.798
 -1077.437
  2279.530
   808.357
  -122.120
 -5255.850
 -3814.041
 -5128.812
  3772.978
 -7669.990
  9294.711
  6141.951
   -87.575
 -2360.119
 -2554.498
  -300.995
  -603.835
 -7189.291
  5799.944
  1473.443
 10126.459
-10666.157
  3852.896
  -766.926
  3760.807
  3167.380
  -290.324
 -3053.828
 -1728.817
 -7138.581
  -738.999
  3210.896
  7053.423
   -37.023
 -5670.612
  4277.164
  2067.196
  -112.528
  -229.084
  6324.024
 -2448.227
  2937.474
 -1132.336
 -2329.643
 -5159.730
  2390.586
  8659.740
   370.007
  4502.786
  9811.359
  -723.991
  9334.626
 -4105.150
 -7012.995
 -5807.655
  -809.291
  2425.295
  -809.296
  2425.290
    28.428
  -809.301
    28.417
 -1846.893
 -2294.944
 -2476.237
  1330.718
-14854.295
    78.443
 10382.137
  3323.969
 -4776.943
  1535.873
 -2114.763
  2794.427
  3907.498
  -926.234
   -35.273
 -2478.841
  2921.202
 -5290.814
  3766.377
 -1998.353
  2469.629
   142.039
  -148.772
   -50.909
   -48.520
   -48.487
   -48.486
   -48.486
   -48.486
   -48.486
   -48.486
   -48.486
   -48.486
   -48.486
   -48.486
   -48.486
   -48.486
   -48.486
   -48.486
   -48.486
   -48.486
 -5896.729
   -34.227
 -5566.894
   149.702
   102.247
  2195.724
   323.377
 -2966.801
   392.800
  1242.694
   550.094
   328.253
  1379.703
   482.242
 -1920.873
 -1131.367
   220.953
-10782.147
   275.624
  3614.698
 -1452.137
  3595.366
  -477.617
   734.540
  -492.167
  -543.583
  4476.160
  -558.151
  5897.963
 -1022.115
 -6597.528
 -4727.837
  -266.221
  4569.061
  3554.321
  1245.570
  -359.933
  -809.522
 -1861.785
  -244.790
  -180.089
  3107.823
  7940.888
  -667.213
  2700.716
 -2958.787
   473.939
   398.824
  4499.154
  1523.237
 -1239.650
 -5508.701
-10870.952
   462.181
 -3759.381
  3211.943
 -5157.302
  -504.295
   804.984
  -237.357
   482.175
  5057.993
  5326.417
 -3110.890
  -187.597
 -2508.709
  -233.612
   104.181
 -7241.299
   314.548
  -139.321
  -195.022
  -417.206
  -489.814
   200.666
  -514.488
  -197.181
  9580.893
     7.399
  3172.036
    87.294
   101.104
   811.733
   318.882
 -7066.495
   162.028
  -837.789
   214.690
   440.626
   336.114
   491.024
 -8246.399
   166.999
 -4842.623
   251.722
   439.489
   673.018
   487.411
  7006.265
   225.463
 -4306.477
   372.727
   214.012
   463.880
   435.760
 -1537.242
  8860.489
 -4484.509
 -2076.635
  -262.829
   605.715
  -106.773
  4641.112
  -472.159
 -2305.909
 -1454.573
   -95.230
  6851.019
   376.606
 -6866.824
  -704.397
 -6561.134
  -701.130
  -563.620
 -6662.790
  -561.336
  2232.562
    93.547
  1802.018
   244.634
   155.759
 -2561.400
   388.214
 -2062.358
  -257.538
 -4296.836
  -361.260
  -122.483
 -6457.689
  -252.343
  -168.957
   196.875
 -6554.552
  -385.599
   485.977
  2595.118
   430.672
  2460.529
 -1243.245
  6642.662
 -1862.276
  -579.992
 -4707.797
 -1925.706
  3245.316
   427.306
 -2850.865
   518.591
   489.461
 -1863.496
   497.979
 -2891.219
     3.485
 -1862.037
  2711.655
    34.557
   260.805
   736.912
  3329.216
   -58.349
  5633.066
    16.643
     2.498
  6896.310
   104.245
   142.040
  -148.772
   142.040
  -148.772
   -50.909
   142.040
   -50.909
  1549.218
  -146.860
  3146.419
  -162.458
   -23.231
  2837.446
    29.894
 -2464.020
  -300.865
 -1735.840
  -372.796
  -282.111
   823.999
  -485.112
   342.700
  -347.782
  2496.739
  -498.093
  -197.278
  4755.656
  -403.596
  -486.883
  -762.912
 -1101.919
 -1285.315
 -1246.724
 -1038.249
  -746.099
  -437.002
  -146.747
   109.573
   324.090
   487.784
   588.148
   610.746
   542.231
   373.143
    99.702
  -275.565
  -744.146
 -1292.516
  1986.721
  2034.839
   326.357
   348.885
    21.161
   332.976
   330.669
  2416.519
  2026.948
 -2970.953
 -3420.023
  2552.706
   238.467
  -945.827
  -403.847
  -140.663
   -60.126
 -2357.608
  1282.759
  -700.025
  -616.102
   840.851
   534.576
   533.207
 -3054.689
 -2193.502
 -2095.143
  4477.812
 -2920.377
 -2602.787
  2670.227
  1921.193
  -671.511
  2710.570
 -2209.406
  1597.915
   512.836
   521.690
  3120.042
 -2198.652
 -2047.813
    65.388
   762.824
   556.289
  -566.911
  -487.752
   873.809
  5329.580
 -4911.678
    87.954
  -284.252
  1109.969
 -1277.763
    90.037
  -861.654
   457.071
   469.620
   659.111
 -2220.295
 -4411.415
 -1196.922
 -1138.363
  1619.897
  -735.869
  -144.095
 -2023.910
 -2433.349
   882.330
  1872.377
  5730.519
   596.690
   713.174
 -2395.198
 -4456.543
 -1907.068
  2325.568
  -742.239
   122.877
  -134.261
   296.514
   531.442
  -487.388
    29.889
   422.298
   544.631
   136.624
  1205.688
  2413.057
  -166.955
 -4608.285
  4502.125
   295.768
   367.613
  -401.276
  -327.735
  -140.077
   696.962
   962.886
 -2597.318
 -2162.063
  1689.895
  4106.708
  3550.623
 -3730.581
   517.939
  -910.665
  -663.649
   507.370
  2017.960
 -1750.913
 -1548.617
 -5611.848
  -477.850
  -476.610
  1147.277
    50.716
  -770.205
  -311.163
    83.615
   935.611
   839.810
 -1701.926
   532.916
  -595.848
  -171.399
  1085.888
  -614.517
 -1433.809
  -542.514
    89.876
 -1427.056
   629.484
  3974.509
   406.927
   169.873
  -982.787
 -2185.651
   249.193
   491.321
  -816.975
  1622.969
  1322.711
  1232.441
   987.291
   740.719
  -471.182
 -3112.283
  1239.059
   560.974
  1366.840
  2048.968
 -1308.159
  -769.238
   330.059
  4384.294
  3385.011
 -2859.556
  -824.574
   945.450
  4645.385
 -6485.812
  -686.954
   368.822
 -2485.887
 -5099.892
  2918.905
  -532.739
  -167.606
  -241.484
  -223.694
 -1452.552
 -2682.381
  2033.880
  5188.436
 -3027.359
  1796.231
  1259.698
  1752.344
  -162.702
 -1202.276
  4691.034
 -4669.090
  -486.890
  -762.919
  -486.897
  -762.925
 -1101.925
  -486.903
 -1101.937
   249.004
  3392.521
 -4159.149
 -2065.010
  4789.754
 -1496.880
  -284.048
  -529.819
   488.112
 -1142.555
 -2779.563
  1444.587
  3778.990
 -3642.284
   487.959
   263.292
  -659.824
  -274.838
  -238.351
   373.892
  -648.542
    12.649
  -671.510
  -844.267
   -95.894
   959.801
  1532.218
  1290.927
   442.082
  -571.281
 -1380.516
 -1811.798
 -1856.803
 -1596.819
 -1139.528
  -582.943
    -1.196
   556.934
  1063.790
  1507.074
  1884.537
  2768.139
  3563.049
 -3645.250
  -129.267
 -5482.739
   190.612
   760.757
  3014.028
  3822.366
   214.025
   129.700
  7373.242
   310.961
   219.054
  1672.382
  1744.567
  -512.722
 -1300.133
  -624.022
 -2155.309
   737.871
   485.122
  2850.632
  3834.615
 -2461.842
 -2299.517
 -3325.033
  1220.808
  -936.673
 -3489.211
  4568.676
 -2474.136
  3424.822
   604.330
 -1010.066
 -1506.118
   245.561
  2712.854
  1197.057
 -2417.690
 -5011.151
  1183.783
  1239.335
 -2596.402
  -491.360
  6929.068
  -448.717
 -1787.448
 -2722.439
  1781.569
  2337.723
  -542.820
  -186.345
 -1156.988
 -2027.928
   235.278
  1305.768
  1349.805
  4091.498
 -1698.121
 -2052.520
  -974.172
 -8555.884
 -2059.532
 -4507.121
  2149.963
 -1151.262
  3606.293
 -2050.855
  6961.385
 -1534.028
  -469.534
  2609.705
  5856.866
 -1162.609
 -1205.196
 -1096.224
 -1938.584
 -3049.886
  1216.342
 -1572.867
  4765.507
 -3752.418
  -756.071
   597.693
   469.404
  -380.100
  -547.987
   511.133
  -494.771
  -519.098
   818.296
  -147.919
 -1458.773
  -145.084
 -1688.356
  7682.693
   279.374
  -779.265
 -2380.103
  -685.263
  -945.053
  1191.042
   320.413
   258.774
  3103.749
  6510.937
 -1680.045
  2706.741
 -8208.404
  2745.215
   188.203
 -1856.122
 -1917.784
 -2076.956
    83.450
  2399.282
 -2603.415
 -1467.869
  -724.723
 -1086.068
  1987.464
  -852.664
    50.678
  6587.794
   540.899
  -805.660
 -3255.971
 -3688.547
  4877.778
  1964.439
 -2101.637
 -3131.767
  1707.578
   856.500
   -88.952
  3023.481
 -4655.592
  -947.105
  2128.844
  -497.893
 -1474.379
  3484.971
  3279.525
 -3573.566
 -7224.417
  1452.158
    11.791
  -324.892
  -221.699
  -702.897
   794.531
   115.053
  1814.793
  1071.827
 -2225.493
   557.577
  3132.331
  1500.192
 -1776.139
  -121.509
  2761.073
 -2042.154
 -3560.317
  2670.941
 -1532.494
 -6669.545
  1774.635
 -1018.528
  3053.391
  3175.110
 -2344.693
 -1317.541
 -1018.243
   486.385
  1851.798
  3897.050
   804.945
  -743.917
 -2775.248
 -3903.658
  1308.131
   191.639
  -675.339
  1069.208
 -3025.886
  5862.412
 -3236.596
  -443.997
    12.649
  -671.510
    12.650
  -671.509
  -844.266
    12.651
  -844.265
 -5063.750
  -470.580
 -1610.084
  3239.879
  5044.900
 -1847.246
 -1280.682
 -2143.918
  -710.008
  2389.199
   873.476
  1845.140
 -4397.306
  -679.941
 -1039.927
 -2160.322
  -578.504
   168.481
 -2399.325
  -312.151
  1853.903
  2190.434
    -0.003
    19.383
    34.024
    40.887
    44.092
    45.612
    46.355
    46.733
    46.936
    47.050
    47.119
    47.163
    47.191
    47.210
    47.223
    47.232
    47.238
    47.243
    47.246
 -3705.581
  -165.606
    50.394
    52.988
   -83.221
   233.891
   421.081
  1099.508
    49.619
 -3845.382
   135.034
    31.950
  3684.665
    36.580
  2224.916
    75.153
   169.076
    68.898
    54.654
   280.260
   111.366
  2735.281
    -7.888
  3304.730
   -20.421
    13.267
  3348.788
    -1.050
   562.176
    13.678
 -3994.922
   -21.756
    -4.105
 -6210.485
    -6.701
   703.728
    42.941
  -362.923
    37.336
    46.565
 -1499.496
    47.170
 10506.967
  -100.413
  3623.148
  -139.810
  -227.395
 -7745.339
  -305.375
 -4049.019
  -323.819
  -779.682
  -366.616
  -205.503
   702.632
  -309.312
  4296.875
  -215.014
 -2730.898
 -5503.548
    18.808
   218.986
  -861.853
 -6280.080
     7.839
 -9004.886
    41.374
    36.263
 -4316.747
    48.754
  3431.809
    55.211
  5264.823
   326.613
    37.896
 -3743.105
    44.383
 -5641.267
    -6.171
  5612.584
   232.214
    37.112
  2325.329
    54.508
  -374.225
    -3.160
 -2691.938
    -7.355
    26.186
 -5602.049
    33.839
  1120.854
    35.026
   354.250
   433.572
    31.160
    92.287
    65.106
 -3933.916
   -61.954
  4700.830
   -21.178
     3.531
  9485.181
   -12.906
  1091.300
    20.010
  -443.225
    22.692
    34.843
   635.916
    45.964
  -808.336
   -18.405
 -2403.555
   -28.455
    20.470
 -3800.913
    21.691
  -939.569
   -91.444
 -5873.806
  -166.951
   -26.390
  3841.869
   -11.280
 -2424.143
  1365.841
  -196.556
  5515.086
    29.012
 -4309.442
 -1235.220
  -431.294
    29.725
 -1049.735
    84.940
    30.818
  1753.682
    43.846
 -1121.503
    90.056
 -1742.677
  4222.375
   -18.908
    86.239
 -1579.969
  2804.061
    -6.132
  2944.004
   -16.734
    15.105
  2626.123
    -0.479
   833.131
    -6.835
  -602.919
   -14.011
    19.401
 -2072.632
    19.430
 -4972.647
  -340.481
   669.575
  -292.948
  -308.153
  -226.466
  -325.015
 -5054.728
  -248.619
 -1107.126
  2634.555
   -72.237
  4191.244
  1942.380
  2950.044
   -20.444
  -867.455
   -69.561
     5.198
  -655.581
   -61.238
 -7968.504
  -103.883
  1196.117
  -105.383
    -7.679
  3012.851
  -159.249
   552.768
    -0.510
  -179.155
     3.109
    22.570
  -468.225
    27.665
  2190.434
    -0.003
  2190.434
    -0.003
    19.383
  2190.434
    19.383
   237.676
     1.918
 -1063.418
     5.649
    25.504
 -2016.527
    33.703
   807.506
   -42.830
  5892.691
   212.812
   -17.451
 -4619.014
  -211.376
  1503.310
   -24.004
    48.309
   -61.806
     8.024
 -1112.557
   -33.541
 -2466.072
  -138.328
 -2548.443
  4457.865
  6625.023
  5141.848
  3040.367
  1425.408
   386.904
  -239.186
  -610.767
  -832.931
  -967.968
 -1051.486
 -1103.851
 -1136.944
 -1157.882
 -1171.052
 -1179.221
 -1184.163
 -1368.696
  3823.542
 -4911.696
  2197.074
 -2324.638
  3498.301
  -118.698
  5008.266
  3152.835
   131.871
   -29.825
  -295.527
   339.898
   461.435
 -2373.910
 -3181.261
  5203.810
  -774.565
  2319.569
 -2487.134
   841.313
  3838.922
 -1942.996
   110.017
    27.417
  -703.000
   111.230
    58.067
  2952.414
  1056.856
   814.404
  -429.891
   435.810
 -3479.945
  1723.228
  -344.126
 -5232.042
  6715.799
  2686.126
   579.635
 -5392.926
 -1097.128
   162.796
  2046.533
     6.358
 -1299.663
 -3681.313
 -1678.750
   385.912
   144.625
 -4455.585
 -3565.689
  5240.837
   846.176
  1914.663
 -2410.323
 -5585.090
  9019.774
  4997.137
 -6950.414
 -5141.496
  -630.727
  2188.546
  -667.352
   116.470
   780.054
    82.863
  -311.133
  -540.557
  -664.293
  7904.067
  3426.859
 -1244.665
 -4236.726
 -1819.339
 -3110.021
  3512.076
 -5388.561
  1697.893
  1926.556
 -1381.283
 -2513.838
  3541.281
 -2244.738
 -2587.967
 -6248.592
  2256.212
  3645.780
  4430.992
  -641.274
  -639.013
   959.906
  3328.580
 -8249.546
 -2464.638
  2848.493
  8982.404
 -3192.438
  1431.986
  1958.825
  -164.931
  -701.222
  1768.650
   -29.750
 -1095.179
 -1078.786
   751.603
  5739.165
  4736.074
 -6816.073
 -7662.175
   858.914
 -4491.436
  2705.811
  -669.608
 -1074.973
 -1938.047
   649.449
   572.567
  1066.503
   778.022
  -119.243
 -2839.187
  1093.359
  1151.486
   444.057
   988.096
 -5096.616
  9876.770
 -1190.427
  6079.805
 -6136.481
  -491.189
 -2174.139
  1311.546
  6600.149
  -628.855
  -743.191
 -5976.610
   253.878
   851.665
 -2944.873
 -1457.448
  3903.291
  2265.118
  -676.347
 -1226.440
  6789.293
  7641.458
 -2994.942
 -7122.925
  3277.107
 -3284.296
 -4177.821
   343.442
  1145.627
  1532.561
 -1077.861
 -1204.229
 -1341.711
  -294.506
  8030.889
  5378.895
  6059.860
  3379.944
  -334.050
 -7030.551
 -4205.678
   247.145
   474.219
 -2014.887
 -1898.280
 -1064.138
  4684.422
  1240.398
  1440.502
  5931.142
 -6584.740
 -1134.169
 -3967.432
  4933.070
  -962.143
  1077.763
 -4561.953
 -4228.816
  5126.085
  3541.518
  1665.974
 -1960.384
  1351.243
 -2468.253
   593.165
  -223.409
   613.343
 -1860.301
  1279.063
  -285.143
 -1069.290
  2808.294
 -1236.217
   122.422
  -374.021
  2685.415
 -2466.075
  -138.329
 -2466.077
  -138.330
 -2548.444
 -2466.080
 -2548.445
 -3314.301
  2803.203
   141.055
  3314.629
   580.715
 -1700.684
 -4601.027
 -2900.486
   528.731
  4955.062
   915.374
   210.920
 -1719.723
 -1592.313
  2601.502
   309.944
 -2134.192
 -1659.689
 -2873.860
  1538.041
  2303.133
    28.711
   105.068
   130.848
 -1204.556
 -1896.371
 -1581.558
  -622.523
   532.555
  1559.107
  2278.974
  2626.757
  2609.451
  2274.108
  1685.562
   912.455
    19.239
  -937.866
 -1912.415
 -2867.793
 -3776.466
  1894.469
 -1189.061
  3187.733
   940.425
 -2554.401
 -3695.604
   973.396
 -1029.731
   706.275
 -1134.233
  1762.373
  1333.891
   721.611
  -752.903
  2410.693
  2250.774
   118.993
   357.948
   652.507
    74.650
   275.800
  2212.173
  1485.758
  -131.606
 -1494.064
 -4997.821
   244.737
  1991.498
 -5784.119
 -3729.717
   230.786
   164.848
  4048.209
   313.047
   231.068
-10935.708
   718.990
 -4139.678
  5194.232
  2344.295
  5117.558
 -2296.248
 -3533.157
  2967.120
 -5391.202
 -3919.356
   879.495
 12756.927
 -1746.215
 -3340.668
 -4131.743
  8143.438
  6324.647
  3065.307
 -4688.437
 -5419.977
  7557.572
 -2319.383
  6257.799
 -3996.162
 -1246.626
 -1331.892
   755.618
 -3784.316
  7109.417
 -3639.191
  -788.862
 -3626.703
  7587.827
 -1096.993
  2718.523
 -1963.954
   -53.340
  -431.333
    12.687
  3236.316
  -796.633
 -6497.651
   -88.536
 -7148.271
 -6796.819
 -2736.354
  2905.026
  6634.396
 -3914.488
  7161.982
 -5443.163
 -1071.628
  1150.077
    35.974
  5796.165
  1948.932
  1047.647
 -1146.296
 -5738.291
  4167.864
  3918.796
  2365.312
  5194.271
  3060.070
   638.748
  2372.499
 -7009.264
  1235.254
 -1364.833
  -266.091
  -587.230
   855.555
  1530.765
  -757.475
   423.828
  1352.222
 -8481.533
  3970.718
 -2732.743
  2515.737
  1074.249
  4689.850
 -2924.726
 -3986.129
   188.455
  -454.411
  -112.667
  3925.807
   511.595
   388.864
  9334.145
  2826.033
 -3573.456
 -7695.303
 -6021.086
 -3833.859
  7039.948
 -3321.004
  4858.201
 -1903.960
  6935.333
 -3788.908
 -1203.573
  -298.516
   621.316
   397.016
    36.868
 -4243.500
  1339.463
  2430.953
  -300.463
   107.736
  -424.910
  1019.031
  3609.858
  -502.265
 -2832.266
 -4487.976
   825.572
  8281.395
 -3998.156
   673.217
  1300.965
 -2991.305
 -5784.226
  4023.692
 -2466.296
  2982.346
  1640.400
 -2485.387
 -6528.272
  1961.405
  1724.685
  1026.348
   -46.300
 -1010.413
  3474.415
 -3784.813
  1868.558
 -5892.938
 -2080.679
 -2383.320
  -419.090
  5794.644
 -2728.007
  2224.979
  3736.442
 -1598.833
  -722.629
  7377.955
 -2643.691
 -6380.098
  -247.400
  4748.077
 -1156.623
   962.479
  3160.895
 -2850.821
 -6350.233
  1087.589
  1392.585
 -2433.854
 -1519.230
 -2196.008
  2462.037
 -1750.756
  1594.633
 -2760.657
   888.077
 -1543.075
  5022.676
 -1573.304
  2668.235
 -1509.851
    28.709
   105.067
    28.707
   105.066
   130.848
    28.705
   130.847
 -1346.598
   960.080
  -736.807
  1993.934
  1237.171
   182.195
 -3092.793
 -4035.687
 -3068.137
  -166.462
  4882.315
  1451.517
 -1384.555
  -929.934
 -1865.820
 -2648.944
  1496.890
 -1992.974
  2689.295
  3449.413
  -816.732
  -998.798
   -84.102
 -1161.574
  1300.171
  -861.782
   244.624
   332.716
  -773.001
  1048.767
 -1168.285
  1155.372
 -1038.296
   844.176
  -596.527
   314.488
   -12.916
  -297.137
   607.804
  -913.773
  1211.707
   -46.396
 -3199.807
  -305.874
  1126.320
  2341.896
    36.382
 -1843.812
 -1721.242
  -554.946
   467.423
 -1149.823
  -691.720
  1032.401
 -1135.749
  -641.453
   131.394
   144.522
   159.415
 -1289.316
  1253.908
 -1697.956
 -2437.580
  -716.858
   -16.206
 -1339.684
   450.535
  -225.375
  -243.156
  -392.571
  -260.384
  1165.414
   333.428
   923.585
  -832.010
  -122.221
   897.104
   659.322
  -917.186
  3926.813
  1659.152
  -325.755
  3154.401
   414.236
   318.706
   946.686
   997.865
 -1223.407
  2636.004
  -836.647
   458.291
    72.534
  -259.357
   -66.836
 -1422.205
  -262.712
    87.373
   750.854
   231.114
  -934.863
  -975.509
 -1690.190
 -1887.031
  2158.820
  -384.700
  -193.002
 -2462.715
  2140.382
 -1158.615
  2039.306
  1460.640
  -969.424
    -9.557
  -120.921
 -1659.222
  -273.988
 -1147.930
   -27.811
 -2526.753
  -203.599
  1046.348
  -918.809
   666.720
  -451.972
 -1992.943
  -879.623
    66.490
  -307.161
  -356.561
   195.666
   927.125
  1918.882
  -906.607
  -853.852
 -1457.199
   500.659
  1559.316
  -554.419
   -78.013
   151.983
 -1135.721
  -638.317
    53.771
  -151.643
   700.184
  1305.798
  3371.636
 -1867.241
   957.745
  1212.847
  -764.655
   170.153
 -2900.546
  -814.063
   678.078
  -342.157
   336.042
  -569.927
  -339.406
  -334.715
  -781.517
 -2042.262
 -2840.988
 -2313.845
 -1881.689
   -96.120
  1912.458
   572.451
 -2305.409
 -1565.734
 -1855.211
  -691.413
  -697.598
 -1328.075
  -244.724
 -1242.585
 -1429.476
   442.951
  1547.221
 -1012.875
  -909.897
  -329.845
 -2080.318
  -873.330
 -2077.794
 -2432.222
 -1651.689
   687.254
 -1432.453
    28.022
   129.663
  -262.203
   316.329
  1101.956
  -415.867
  1796.789
   755.199
   503.442
  1520.275
  -508.859
 -1007.759
 -2451.777
 -1892.476
 -3948.632
  -866.401
 -3911.572
 -1724.193
  -846.728
 -2532.327
  -942.740
   404.055
  -488.225
   913.410
   643.575
  -149.906
  2056.994
   435.513
 -1356.580
  1101.795
 -2050.017
    91.255
  1103.835
  1442.388
  -982.707
 -1638.325
 -1749.944
  1021.020
  1726.690
 -1919.877
   499.639
  2470.443
  3313.055
  3527.484
  4441.973
  1879.489
  1766.742
 -1030.150
 -1822.549
  -273.819
   -15.692
  -341.748
   199.950
  2226.513
 -1002.946
   900.851
   684.364
   958.975
 -2447.044
 -2179.385
 -4516.074
  1812.008
  -485.544
  -824.776
  -593.239
 -1050.009
  -954.391
 -1370.420
 -1078.648
  -998.798
   -84.102
  -998.798
   -84.102
 -1161.574
  -998.798
 -1161.574
   556.422
 -1207.368
  1188.935
 -1641.627
  -998.329
   484.533
 -1913.320
  -934.156
   930.212
  2848.872
 -1594.670
  -491.442
 -4636.384
  2013.685
   151.358
 -1349.727
   322.807
  -848.622
   412.914
  -160.369
 -1680.483
   -49.130
   -62.785
   461.091
  -280.481
    35.122
   155.182
  -282.845
   363.564
  -413.199
   443.303
  -461.437
   472.323
  -478.849
   482.759
  -485.102
   486.505
  -487.346
   487.850
  -488.153
   488.334
  -744.941
  -617.102
  -418.921
 -1707.603
   891.201
  -267.710
  1824.778
  -277.069
    55.596
  -111.613
  2685.819
   859.899
    54.880
   149.403
  -557.303
    60.827
  -816.298
   187.614
   100.544
  -609.989
    -6.796
   178.397
  -130.734
   227.521
  -104.953
   626.864
   142.093
   671.870
  4219.696
    90.115
  1827.673
   499.886
  -579.228
  -160.539
 -1840.266
 -2959.305
  1805.087
   997.699
 -1369.992
  -416.793
  -838.152
   278.875
  6405.343
  1237.649
   738.234
  3782.209
   154.919
  -313.860
   648.361
 -1001.444
  1352.977
 -1258.629
  2191.059
  -192.687
  2143.892
    83.040
 -2876.679
  1559.097
  3297.033
 -3855.322
  -753.593
 -2434.740
   367.456
  2252.692
   847.342
 -3309.906
  -813.785
  -778.618
 -2521.210
  4437.707
   296.168
 -2095.485
   327.313
 -3344.261
  1484.346
 -2113.512
  1687.546
  -667.783
  -632.536
 -1268.180
 -1809.710
   545.561
 -2874.885
  2172.223
  2585.310
  2835.352
  3843.049
  3275.811
 -1101.508
  2329.819
 -2523.552
  1839.966
 -1174.984
  1740.131
 -1390.665
   425.904
  -699.070
   199.880
   -64.710
 -1150.448
 -1041.932
 -1940.825
   456.391
 -2872.303
   937.063
 -2842.838
  1204.080
   467.457
  -225.880
  -439.966
  -934.953
   -37.905
 -1315.811
   586.366
 -1947.399
  1109.366
  -335.186
  3044.021
  -319.639
  1481.606
  1392.626
  -931.192
 -1346.240
  -871.661
  -573.573
   970.214
 -3738.086
 -5454.974
 -1698.866
 -7114.836
   533.678
 -1614.741
  1264.664
 -2756.836
  1535.307
  -426.023
  1075.509
    87.349
  -406.983
  4361.110
  1895.325
 -1887.089
 -1464.658
  -599.191
  1259.916
 -1409.593
  1099.661
  -576.879
 -1864.946
 -3062.152
  1460.076
 -1179.986
  3934.067
 -2566.933
  3207.158
   698.681
  -914.862
  2351.634
  -750.847
   822.408
  1138.966
  1629.271
  3192.113
  3102.621
  -977.288
 -1586.408
   335.928
  -444.253
 -1136.338
  -512.777
 -1079.580
 -1038.365
   249.649
 -1086.357
  1091.771
  2647.662
  -965.224
  1974.212
  -376.338
  1020.052
 -2547.220
    -8.733
   249.364
    76.737
  -229.055
   612.208
   475.859
 -1406.161
    58.339
 -1207.187
  -887.906
  2845.513
  1091.646
  -583.438
  3177.491
 -1988.218
  -401.030
  1438.356
  3416.595
  2593.837
   230.740
  3985.124
 -3561.792
  -678.934
 -1444.330
   201.606
 -2878.340
   558.710
 -2081.618
  2816.800
  -110.350
  3184.093
  3086.281
 -1641.280
  -633.031
 -6064.241
  3765.907
  1826.243
 -1388.394
  1642.534
 -1537.658
   744.343
  -509.060
    34.261
   -49.130
   -62.785
   -49.130
   -62.785
   461.091
   -49.131
   461.091
   -92.864
   274.783
  -192.175
   624.446
    43.772
 -1017.095
  -938.076
  -666.954
  1263.403
  2737.525
  1513.976
   713.475
  -530.239
 -1385.807
   -34.948
   338.198
   117.468
  1233.688
   110.085
   147.212
 -1223.837
  -848.869
    -9.596
   -69.360
  -155.332
   328.479
  -412.231
   419.473
  -368.043
   279.562
  -178.477
    84.371
    -6.838
   -52.691
    96.683
  -128.566
   151.455
  -167.817
   179.494
  -187.823
   193.764
 -3854.603
  4197.465
  8702.057
 -7610.393
 -4203.287
 -2572.043
 -4922.608
   532.988
  -103.868
 -2715.376
 -2802.383
  -635.287
 -3370.646
  2918.859
 -7525.491
 -2386.617
  -871.326
   615.222
  5195.839
    28.787
  1236.023
 -1917.087
 -1328.318
   -12.449
 -1041.686
   654.360
  2240.745
 -2841.759
  -314.911
   574.292
   691.103
  1237.926
  -386.371
  1833.652
 -1004.668
   113.353
  -587.068
  -361.023
   715.183
  -966.992
  -251.952
   471.583
  2946.457
   638.905
   835.125
   600.379
  -419.252
 -4323.809
  4001.231
  1503.753
  -268.152
  8042.456
  6185.849
 -1841.921
  -309.429
   703.536
  -185.030
 -2861.485
 -3623.081
  1123.452
  1553.843
  4837.534
 -3145.943
    75.935
   328.011
   646.773
 -2431.176
  -592.359
    59.520
 -1919.865
 -4776.400
 -2049.577
  1105.707
 -4019.486
  1434.232
   826.587
 -5130.339
   968.731
  1141.024
  1311.915
   258.908
   -84.968
 -1615.186
  1137.513
  3496.611
  4500.583
  1420.986
  -811.749
   419.738
 -5320.113
  3957.494
 -1650.711
 -3034.232
  3493.947
  2217.583
 -1110.957
  -159.542
 -1166.877
 -2735.161
 -3818.548
  4190.144
 -1076.211
 -1168.663
 -3925.457
 -3463.251
   -33.693
 -3001.068
 -1051.836
  2271.671
 -2342.164
  1022.162
  1311.264
 -4455.120
 -3709.054
  3582.249
  1309.564
  -391.378
   238.163
   342.913
 -1591.783
  1168.257
   717.156
 -1841.950
   -43.276
 -2176.440
  1496.130
 -2544.784
  1854.303
  1550.996
 -2184.548
 -1641.734
  1521.084
  2321.008
 -2816.759
  1971.005
  3702.014
  3265.908
  4556.161
  1494.095
 -1526.839
 -3570.482
  -248.111
 -2003.903
 -3788.579
  2380.925
 -1540.679
  -662.787
 -1082.794
  1151.715
  7460.702
 -4457.881
   321.687
 -1840.187
 -7547.351
  1064.199
  2950.954
  1524.180
  2687.698
  2000.256
  3293.451
 -2357.855
   729.349
   309.347
 -1831.059
  1168.241
   779.360
 -1002.144
  2697.001
  1006.529
  1218.337
  1548.541
  2946.475
   285.776
  1641.260
   730.617
 -5264.926
   344.234
  2321.575
 -3618.219
 -3155.139
  2437.152
   477.037
 -4015.242
 -4271.137
 -6775.319
  3507.922
  8760.617
  4161.408
   121.912
  2270.625
 -1709.974
  1789.496
  -173.966
  2384.585
 -1906.250
 -1765.730
  3758.362
  2459.487
   372.601
  1243.282
  -852.630
   141.701
   730.805
  2473.829
  1484.936
   499.483
  -142.555
 -1331.460
  2583.954
 -2906.715
 -1420.428
 -4459.816
   365.939
   992.078
 -2975.545
  3578.704
 -2519.610
  3672.005
   350.785
 -3446.230
   877.132
  -181.439
 -3427.369
  5877.994
   556.775
 -1822.358
 -1328.410
 -1208.759
  1523.381
 -2354.101
  1777.632
  -848.870
    -9.595
  -848.871
    -9.594
   -69.361
  -848.871
   -69.362
  -742.010
  1612.450
  -670.766
  3687.157
 -2755.101
  6349.411
 -2595.014
  -172.506
  1458.727
  3987.729
  3639.201
   536.128
 -2863.156
  2723.274
   886.302
  -462.874
   588.362
 -1333.836
 -3629.057
  1473.406
 -2232.847
  -579.259
 -1243.918
  -753.359
   236.406
  1141.171
  1740.844
  1961.160
  1806.921
  1353.435
   719.885
    35.365
  -586.138
 -1057.871
 -1322.514
 -1348.820
 -1126.056
  -658.255
    40.770
   951.340
  2050.778
  -193.939
  -263.642
   600.038
   837.608
  1077.667
  1123.748
  -176.954
 -2458.885
 -3228.024
  1456.701
  3182.920
 -3634.620
   554.610
    19.980
  -282.071
  2088.280
  -779.585
 -1584.314
  -231.074
 -4853.744
  5057.912
  3131.664
  2973.978
    44.158
    77.972
  -405.781
    28.133
    38.382
  -770.967
 -1049.106
   382.778
  3341.869
 -1497.934
  3917.112
 -4452.173
   831.231
 -1025.981
  1691.746
   432.989
   773.112
  2085.743
 -2061.972
  1119.834
  5024.009
   388.386
   770.153
 -2062.337
   241.839
   460.369
 -1008.741
  2012.127
 -2071.048
   -72.324
 -1445.937
  4753.900
 -1952.267
  1729.675
  1316.164
    73.183
 -6729.643
 -1958.303
    90.693
  2475.408
 -1894.678
 -2669.589
   739.124
  4928.939
 -4044.734
    -4.552
  -952.589
 -1896.300
 -4506.640
  2489.627
  6008.895
  2504.178
  -899.754
 -4041.160
  -489.077
 -4784.835
  3435.755
  1325.177
  3163.784
  2361.925
 -4176.496
   505.804
  4171.825
  -612.938
  1426.734
 -4742.575
 -1896.545
   871.009
   177.086
   899.450
  -982.025
  1372.099
 -1397.548
  1325.970
 -1098.452
   528.846
  2945.302
    29.860
  1218.444
 -3517.908
 -1745.360
   463.494
  -867.154
 -1654.100
  2782.040
  1078.199
 -1208.553
  3261.276
   224.033
 -1112.546
 -2244.928
  -864.414
 -1688.444
  5169.499
  6270.654
 -5013.736
  1230.276
  3981.966
 -4856.275
 -3003.732
 -2307.877
  -162.516
  2487.955
 -1025.718
  -372.865
  -560.415
 -1388.277
  1997.527
 -6596.382
  7235.721
  -435.518
 -1201.397
  -981.009
  -482.353
 -1419.511
 -1043.650
  -118.917
   -38.229
  3317.148
  -652.268
   674.543
 -3364.294
  3162.803
 -2700.958
 -2854.930
 -5670.874
   292.191
  3034.272
  4529.123
  1201.456
  1924.566
  -541.127
 -4375.985
  3606.559
  7133.685
  -627.992
  5944.361
 -9737.623
  -828.130
 -2587.070
 -1770.384
   849.611
  3695.232
   418.528
  -636.309
  1506.366
  3969.186
  1278.203
 -2372.044
 -4319.336
 -4468.374
  3786.826
 -2799.421
  1506.035
  2004.976
  -810.291
   576.867
 -1482.779
 -1131.328
  2655.225
  -652.500
   294.477
  1046.234
 -2306.888
  2683.375
 -2501.459
  -790.075
 -3002.845
 -1071.676
  1134.995
   -77.466
  3137.605
 -1149.401
  -126.930
   128.243
  -714.441
 -1188.440
  2742.824
    61.350
   816.056
  2469.126
  6216.271
  -479.362
 -1828.453
 -7588.260
  5622.883
 -2192.522
  2278.850
  2528.365
   156.708
 -3109.377
 -3117.012
  7723.767
 -4538.460
   913.604
  5335.308
   647.988
 -1364.805
 -5299.994
  -923.676
   834.677
 -1107.149
 -3688.518
  -479.319
   651.462
  4761.199
  3806.297
 -3903.690
   977.082
   419.894
 -1526.799
 -4139.574
  1232.056
  3553.086
   496.204
   314.948
 -1098.906
   314.949
 -1098.906
     3.425
   314.949
     3.423
  3596.689
  4089.046
 -4014.105
 -3904.275
  5179.979
  -850.793
   550.604
 -3230.436
 -4312.447
  1426.046
  1389.385
  5279.567
 -1118.013
  -408.527
  -952.503
   -53.666
  -842.092
  1237.085
  1230.474
  2196.644
 -2123.398
  2698.890
 -1275.230
 -1578.846
  -258.800
 -1728.150
  -164.027
 -1040.407
  -151.525
  -533.142
  -111.867
  -221.105
   -70.020
   -35.486
   -36.572
    73.778
   -12.240
   137.584
     4.893
   174.479
    16.862
 -1560.506
  -414.907
 -1709.351
  -205.269
  -690.605
 -1080.187
   -93.428
   108.409
  -505.672
    27.178
   506.261
  -514.140
  -114.110
  -508.411
  4032.530
 -2196.002
  5504.654
 -3208.766
  -952.533
  4977.848
  -954.716
    91.770
 -3604.101
  3321.011
 -3828.755
 -1512.220
  6994.626
   513.983
  2735.290
  -898.272
   137.021
 -1444.547
  -371.425
    45.271
   825.110
     7.355
  -152.629
  1777.269
  1848.166
 -2338.136
  2615.389
 -4667.403
  -962.146
   -61.032
  -834.809
   482.560
   136.790
  -252.019
  1362.883
  1033.333
 -2030.143
   631.424
 -3030.478
  -443.709
  -550.038
   130.250
 -3015.772
  -651.763
 -4919.199
    66.503
  1939.945
 -6444.475
  5594.486
 -7126.714
 -1045.976
  1563.527
   343.132
    58.912
  3586.594
   495.604
 -2375.791
   237.150
 -4519.361
   489.085
   977.002
 -7812.406
  4154.852
  3176.681
  -636.578
 -4173.408
  1494.754
   760.302
 -4281.859
  1860.361
  3016.668
 -3407.709
  3054.146
  -299.257
 -2854.009
   -45.136
  4962.457
 -6317.449
   298.234
  1222.662
  1754.064
 -1491.763
  3577.161
 -1987.548
   687.082
 -1870.505
  1787.422
   324.079
 -2336.177
  1141.561
 -3662.073
  8146.693
  1979.963
  1568.589
   367.472
   992.983
 -1641.653
  -784.069
 -4166.208
  1180.717
  -698.932
 -1331.989
  2005.777
   633.540
  1110.191
 -1616.795
   621.626
   410.894
 -2761.966
  1898.225
  1219.190
  4430.778
 -4795.889
  1196.831
   530.421
  -981.820
  1903.219
  2198.524
   358.742
  1081.558
   -44.214
 -5212.210
  1001.780
   663.420
-13071.403
  5442.383
   706.620
   684.347
  -926.117
  -216.068
  1184.767
 -1034.191
   950.102
  3996.015
   416.611
   815.440
  -171.063
  2959.955
 -1661.632
  3437.537
 -1712.323
   555.644
 -2178.645
  1411.581
   100.258
   370.530
  3162.783
  3465.751
  -139.148
  3831.296
   964.805
  -679.439
  3617.708
   593.267
 -4528.039
 -2470.995
 -4481.268
 -1640.986
  -524.416
 -3584.324
   601.214
  1671.730
  -253.824
 -2680.335
   105.580
  1300.707
 -3768.646
   567.788
  6084.503
 -1104.701
 -2251.163
  1701.261
 -1027.247
  2122.000
 -3075.263
   962.426
   562.643
  2294.186
  1772.460
 -2514.590
  2311.212
  -994.114
  3771.592
  -967.684
  2928.699
  -759.594
  -740.259
   995.045
  -157.385
  -259.056
    -3.334
   172.698
    68.873
  -377.831
   656.837
    55.273
  2218.904
  3889.534
 -3589.475
   718.070
  4812.543
 -7229.293
  4082.637
  -940.266
 -3005.886
  -764.694
  -292.766
  1512.003
  3538.596
  3547.531
 -6046.539
  1633.314
   599.353
  2097.004
   598.059
  1424.942
  1767.876
   469.334
 -2014.172
 -2786.878
 -2660.769
  2322.611
 -2551.831
  1728.464
 -1778.392
   845.120
 -2951.979
  1616.951
   -95.206
 -4145.262
  1135.692
  -661.927
   -92.458
  -661.927
   -92.458
  -639.029
  -661.927
  -639.029
  -739.773
  1284.005
  -521.859
  2384.798
   616.901
   -30.197
  3560.492
 -3802.010
 -2131.895
   368.597
 -3372.558
  -410.008
  -676.502
  2961.318
   146.004
   149.039
 -1479.876
  1766.591
 -2390.307
 -2150.476
 -4149.738
    -6.306
 -1531.229
  1794.255
  1088.552
   638.789
   629.757
   630.724
   459.867
   140.471
  -232.156
  -565.688
  -797.250
  -895.621
  -854.460
  -683.851
  -403.049
   -35.135
   396.506
   870.267
  1367.398
 -3526.694
   661.844
 -2017.606
 -6960.310
 -1756.521
 -2332.696
 -2457.531
  2724.899
  1179.274
  2837.256
  3717.239
   285.942
  -387.084
  -877.864
  1299.741
 -1330.948
 -1432.800
   -14.500
   794.768
 -2101.781
  -488.960
  4568.186
  -978.829
  1803.248
  3663.963
 -6514.934
 -1968.900
  -470.441
  3414.402
  2788.825
 -4523.020
 -1345.729
 -2877.644
 -2942.604
  2868.076
  -312.580
 -1667.328
   -62.332
  -124.078
   259.943
     1.507
   -28.172
  -606.964
  -358.174
 -3204.808
  5479.546
 -3578.398
  1359.696
   -79.995
  2076.349
 -5057.221
  1699.269
 -4113.703
  1916.657
  -524.741
  3456.428
   669.735
  8464.699
  -690.066
  -785.745
 -2878.915
  -563.261
  -573.264
   358.965
  7340.100
-12510.046
  8675.431
 -8195.959
  9189.894
 -3955.199
 -4719.904
  2495.264
   203.985
   154.449
  9092.477
   332.118
   332.904
 -8489.451
   460.352
 -7385.708
  9131.821
  1887.676
  7363.578
 -5887.552
   880.102
  -966.073
 -3537.728
  2073.782
 -1161.517
  1439.760
  1090.379
 -1817.381
 -1481.096
  1412.643
 -2463.616
  2166.762
  2169.352
  1278.902
    18.740
  2372.822
 -6694.827
   707.709
   525.045
  4319.256
 -1718.834
  2169.859
 -4232.658
 -2421.452
  2977.531
  2318.512
   585.470
  -878.784
  -714.092
   156.260
 -3743.388
  4093.195
   385.859
  1730.701
 -2192.209
   482.429
  -399.663
 -1755.962
 -1551.725
 -1638.749
  8768.834
   491.232
 -3074.232
 -1979.123
  4184.762
 -2052.547
  4708.542
  1277.228
  1051.721
  -323.902
  2810.590
 -9889.409
  5403.417
  -340.811
  1647.644
 -2873.504
 -1440.249
  1455.640
 -3038.642
   491.134
  2161.170
  1615.038
 -4091.905
 -1864.255
 -1448.270
  1181.980
  1642.533
 -1247.848
   849.747
  1425.872
 -1021.955
  3423.154
   209.337
  3351.561
 -3147.023
  2670.035
 -3215.409
 -3549.258
 -1622.107
  1219.880
  1376.967
  -382.610
   390.318
   275.840
 -2571.857
-11770.305
 13552.969
  6998.443
  2882.735
 -4507.119
   691.285
 -3879.104
  -190.630
  2793.814
  6744.841
  -200.756
  -232.987
 -8866.044
  1000.708
  1847.980
 -3453.789
 -3360.376
  1497.103
  4533.811
 -1661.511
 -2386.668
  5152.876
  1386.126
  -402.505
 -4460.952
  -152.421
  1316.393
  2918.809
 -2725.850
  1828.586
 -2123.662
  3304.189
   206.762
  1090.609
 -3000.812
 -3815.515
  2018.558
  2931.181
   -98.533
   704.393
  -314.920
  5954.306
  1430.161
  3626.256
  -414.197
  5254.182
 -3135.942
 -3599.774
  1994.610
   678.124
 -3439.624
 -1001.803
   881.881
  3242.910
  3155.859
 -2082.112
 -1717.083
  4478.148
 -6086.359
  5625.150
  2034.058
  4480.306
 -1880.567
  7156.203
  6969.018
 -4843.092
 -4158.625
 -4556.586
  1759.960
 -1282.907
 -5361.660
 -3252.885
  1957.258
  5019.590
  5938.863
 -1304.599
  -685.467
  -801.382
 -3599.619
 -4295.308
  7406.563
  1775.124
  1838.615
  1329.616
 -3907.144
  1329.610
 -3907.149
    79.950
  1329.605
    79.941
 -1539.730
 -1866.359
 -1567.544
 -1485.447
  5045.128
  2386.961
 -1308.779
  -462.935
 -2268.515
   451.624
  -765.691
  1302.117
  -484.370
   299.826
  4391.986
  1071.864
  -682.862
  4710.970
 -9681.592
 -3175.599
  2551.597
  1003.006
 -1275.230
  -628.962
  -258.800
  -171.558
  -164.027
  -162.326
  -151.525
  -133.331
  -111.867
   -90.195
   -70.020
   -52.086
   -36.572
   -23.369
   -12.240
    -2.910
     4.893
    11.413
    16.862
 -2203.569
 -3322.343
  2063.196
 -3451.233
 -1135.669
  6095.255
  -991.687
 -1489.867
    59.407
   739.158
   -43.982
    55.509
  -647.473
    27.783
  2727.919
  -414.907
   398.828
  -205.269
 -1364.317
 -1484.332
 -1256.124
    81.097
  -505.672
    11.797
   506.261
  -509.439
   -31.762
  -508.411
 -2735.311
 -2196.002
 -2814.208
 -3208.766
  -314.746
 -1208.886
  -444.769
  1936.146
 -3604.101
  1154.700
 -3828.755
 -2654.482
   466.034
 -2886.308
  4054.659
  -898.272
   179.388
 -1444.547
  -456.497
    45.461
 -1157.737
   785.761
  -152.629
  -764.231
  1848.166
   263.203
 -2472.930
  4318.530
   357.598
   -61.032
  -252.441
   482.560
   225.988
 -1172.816
  1171.082
  1301.349
 -2030.143
    17.911
 -3030.478
   348.167
  -550.611
  1933.596
  2487.877
  -651.763
  4162.322
    66.503
   677.985
  4623.884
  2031.388
   884.374
 -1045.976
  -996.025
   343.132
 -1026.447
   333.482
  -528.201
   -71.825
   237.150
  -506.431
   489.085
   742.268
  -698.161
  1250.940
  -547.558
  -636.578
 -1367.263
  1494.754
   376.202
 -3282.222
  2584.362
 17688.400
 -3407.709
  3053.684
  -299.257
 -4273.290
-11641.446
  2078.382
 -1686.843
   298.234
 -3369.753
  1754.064
  -507.208
 -3515.500
   996.920
 -5305.974
 -1870.505
  -132.524
   324.079
  -364.058
  3559.223
  1595.413
 -2565.003
  1979.963
 -3770.115
   367.472
  2356.509
 -5539.590
   206.576
  2333.373
  1180.717
  1809.554
 -1331.989
  1084.432
  1169.321
 -1455.407
  -478.736
   621.626
  1667.168
 -2761.966
   551.169
  1004.010
 -3859.818
  2506.826
  1196.831
  1002.046
  -981.820
  1342.602
   271.105
 -1167.348
   261.064
   -44.214
 -2218.451
  1001.780
   575.302
 -5577.627
  2770.880
  2909.258
   684.347
 -1091.664
  -216.068
   791.671
 -1202.980
  -554.803
 -1707.308
   416.611
    62.723
  -171.063
   772.969
  1122.153
   382.878
  -339.389
   555.644
   590.716
  1411.581
   216.955
   447.196
   292.820
   530.226
  -139.148
   988.386
   964.805
   227.422
  1334.490
  1692.236
   990.842
 -2470.995
  -958.366
 -1640.986
 -1972.903
 -1976.488
 -1320.344
 -4231.809
  -253.824
 -1904.456
   105.580
   394.123
  -324.382
   459.349
 -6426.900
 -1104.701
  1248.979
  1701.261
  -179.015
  2102.835
  1487.564
 -2519.323
   562.643
 -2647.488
  1772.460
   140.394
 -2649.617
  1737.759
    21.762
  -967.684
    48.958
  -759.594
  -359.560
   842.480
   -45.137
  1143.979
    -3.334
  1914.354
    68.873
   414.969
  2852.470
   682.407
 -4649.436
  3889.534
 -1697.423
   718.070
  2362.692
 -1710.207
  -721.944
 -2030.082
 -3005.886
 -2273.661
  -292.766
   949.275
  -474.825
  3293.253
 -5813.824
  1633.314
 -2427.430
  2097.004
   479.881
  2226.067
  2707.819
  3629.274
 -2014.172
   178.015
 -2660.769
  -441.251
 -1368.154
  -970.787
    69.529
   845.120
  -711.691
  1616.951
   793.347
 -1613.147
  1672.792
   513.666
   -92.458
   513.666
   -92.458
   242.358
   513.666
   242.358
 -1096.349
  1284.005
 -2843.523
  2384.798
  1160.789
 -3974.934
  2707.795
 10274.684
 -2131.895
  9581.108
 -3372.558
  -244.427
   976.004
  -641.986
  -922.372
   149.039
 -1536.156
  1766.591
   135.006
 -1416.082
  1790.801
# -----------------------------------------------
# 
