# -----------------------------------------------
# 
  2746.188
   726.974
  -746.775
  -760.682
  -146.312
   467.940
   753.726
   656.167
   295.117
  -145.185
  -499.809
  -667.575
  -621.218
  -395.584
   -66.212
   272.850
   527.188
   614.445
   471.225
    55.587
  -653.563
  -245.298
  -919.491
  1376.223
   123.026
  -558.017
  -300.399
    89.535
   215.788
   103.286
   -84.983
  -215.113
  -228.825
  -132.314
    30.130
   199.409
   317.035
   333.326
   210.550
   -76.950
  -544.165
  -930.237
 -1412.938
  -246.647
   960.192
  1446.561
  1159.457
   409.053
  -407.840
  -981.219
 -1161.946
  -959.229
  -492.711
    70.252
   568.948
   883.315
   946.319
   740.275
   284.780
  -377.439
 -1192.934
   -52.512
   -52.506
   -52.499
   -52.493
   -52.486
   -52.479
   -52.473
   -52.466
   -52.460
   -52.453
   -52.447
   -52.440
   -52.433
   -52.427
   -52.420
   -52.414
   -52.407
   -52.401
   -52.394
   -52.387
  1094.564
   488.346
   -13.182
  -375.038
  -579.013
  -590.362
  -421.183
  -134.783
   179.255
   434.155
   567.599
   552.713
   399.435
   149.025
  -135.202
  -378.285
  -503.292
  -439.160
  -126.241
   480.448
   404.335
 -1157.279
  2579.662
  -659.982
 -2114.116
 -1101.995
   468.253
  1422.466
  1547.485
  1090.291
   384.329
  -310.016
  -837.495
 -1128.693
 -1169.522
  -975.235
  -572.694
    10.021
   748.727
  1624.957
  -786.125
   995.981
   165.944
  -534.682
  -359.452
    -8.066
   190.969
   238.048
   203.268
   134.209
    51.670
   -35.781
  -120.906
  -193.257
  -238.812
  -241.497
  -185.150
   -55.193
   160.235
   469.679
  -258.983
  1152.223
  -942.081
   375.499
   -33.491
  -525.128
  -447.550
   -15.190
   422.664
   657.133
   635.673
   404.887
    55.713
  -311.606
  -605.321
  -749.161
  -683.615
  -364.704
   238.075
  1143.894
   854.399
 -3118.057
  2042.296
  2178.946
   430.931
  -917.406
 -1437.520
 -1338.214
  -899.715
  -333.041
   224.544
   688.287
  1007.456
  1153.263
  1111.512
   878.077
   455.984
  -146.613
  -917.918
 -1843.646
   728.778
   547.210
    63.924
  -303.888
  -423.147
  -324.695
  -115.907
    82.301
   195.374
   221.265
   199.694
   167.308
   139.063
   112.072
    75.951
    21.378
   -55.053
  -149.141
  -249.546
  -339.403
 -1051.088
  1037.942
  1079.457
   327.787
  -373.147
  -732.414
  -760.421
  -571.437
  -285.305
     7.509
   250.769
   416.243
   495.219
   491.071
   413.748
   276.061
    91.368
  -127.757
  -370.192
  -626.523
   307.044
 -1796.260
   170.970
   410.245
   299.965
   188.640
   130.733
   114.630
   119.610
   128.021
   127.390
   111.517
    81.068
    41.635
    -0.147
   -39.451
   -73.846
  -102.640
  -126.083
  -144.822
  -100.075
   596.587
 -1429.278
   219.726
   900.187
   681.014
   154.811
  -311.326
  -574.677
  -618.701
  -484.406
  -235.117
    60.403
   336.475
   535.140
   608.601
   520.166
   244.134
  -235.074
  -924.220
  -256.677
   704.670
  -520.349
  -637.769
    19.706
   567.745
   654.448
   376.508
   -26.520
  -357.453
  -516.725
  -490.987
  -321.969
   -77.405
   169.424
   351.659
   414.548
   317.089
    31.409
  -458.972
  -220.765
  1201.158
 -1664.331
  -181.740
   248.275
   303.935
   284.796
   225.608
   133.160
    27.932
   -65.157
  -127.045
  -148.772
  -131.558
   -84.922
   -24.100
    32.606
    66.272
    59.375
    -2.695
  1077.292
  -735.673
  -908.746
  -341.158
    60.982
   234.999
   273.699
   249.140
   200.750
   147.594
    98.076
    55.365
    20.152
    -7.988
   -29.923
   -46.643
   -59.104
   -68.161
   -74.548
   -78.878
  -722.117
  2332.680
 -2021.736
  -653.513
   400.909
   625.752
   442.603
   173.028
   -44.412
  -176.793
  -233.910
  -236.526
  -204.048
  -151.235
   -88.300
   -21.929
    43.682
   106.020
   163.682
   215.993
 -1011.481
  1096.408
   176.160
   106.739
    59.886
    26.511
     3.049
   -13.336
   -24.746
   -32.680
   -38.194
   -42.026
   -44.688
   -46.538
   -47.824
   -48.717
   -49.338
   -49.769
   -50.069
   -50.277
 -3875.408
  5749.516
  1492.714
  -841.780
 -1672.301
 -1645.080
 -1207.446
  -637.482
   -93.758
   343.386
   642.161
   799.309
   827.094
   745.168
   575.658
   340.366
    59.287
  -250.059
  -572.819
  -896.727
  -521.486
  1495.201
  1503.281
  -258.793
 -1247.786
 -1053.524
  -324.946
   335.286
   675.740
   696.412
   500.573
   206.307
   -89.111
  -317.868
  -440.184
  -440.239
  -321.865
  -104.504
   180.542
   493.589
   658.150
 -2304.577
  3120.873
  -967.550
 -1205.816
    89.805
   790.215
   659.626
   145.141
  -336.879
  -582.850
  -567.054
  -361.861
   -72.944
   199.783
   380.555
   422.981
   308.178
    39.751
  -362.068
  -621.125
  1497.762
 -2228.347
   672.719
  1607.581
   605.639
  -600.875
 -1217.278
 -1191.972
  -752.507
  -153.794
   412.044
   828.826
  1041.791
  1037.817
   828.576
   438.496
  -102.988
  -766.024
 -1522.790
  1461.138
 -1967.092
   997.610
  -153.207
   -86.005
   403.332
   457.348
   129.064
  -254.282
  -468.423
  -456.855
  -274.771
   -20.069
   213.819
   360.881
   388.406
   293.402
    95.051
  -173.486
  -472.273
    82.858
   153.910
  -638.491
  -301.340
   121.741
   381.428
   483.719
   459.093
   334.897
   142.975
   -78.643
  -290.254
  -456.067
  -548.091
  -547.753
  -445.738
  -240.756
    62.170
   453.470
   920.628
   232.488
 -1246.495
  1085.075
   428.801
  -350.588
  -488.720
  -245.684
    59.769
   264.803
   329.814
   276.788
   148.811
    -9.541
  -159.519
  -269.729
  -315.486
  -277.631
  -141.440
   104.219
   467.492
     7.570
   814.875
  -567.904
 -1049.827
  -640.510
    12.822
   519.582
   757.934
   747.987
   561.581
   277.870
   -33.690
  -317.479
  -530.863
  -641.952
  -627.361
  -470.389
  -159.649
   311.937
   947.897
  -442.227
  1823.344
  -476.866
 -1826.752
 -1388.997
  -220.734
   792.501
  1294.501
  1286.567
   926.101
   400.668
  -131.421
  -560.188
  -822.963
  -895.349
  -780.449
  -499.149
   -82.436
   434.213
  1014.635
   175.321
  -758.829
   501.339
   546.205
   176.292
  -130.183
  -279.936
  -302.786
  -244.057
  -140.590
   -20.233
    95.527
   189.866
   249.805
   265.747
   231.083
   141.782
    -4.035
  -206.500
  -464.377
  -960.166
  1423.970
   821.413
  -456.908
 -1138.186
  -875.118
   -35.589
   746.053
  1058.592
   868.554
   373.374
  -187.504
  -635.509
  -877.415
  -891.118
  -700.644
  -353.411
    96.166
   596.706
  1104.964
   -74.603
    71.941
   300.025
  -468.011
  -353.801
   477.509
  -334.987
   461.275
   -61.846
    85.503
   144.543
  -188.294
   243.537
  -303.859
   274.753
  -315.406
   273.127
  -276.095
   258.253
  -218.691
   677.424
 -1340.016
   167.083
   767.265
   360.057
  -136.152
  -421.018
  -505.383
  -413.166
  -180.628
   120.909
   406.695
   607.614
   683.901
   624.194
   437.643
   145.018
  -228.392
  -657.451
 -1119.765
  -420.580
  -105.618
   343.918
   272.110
   200.595
   141.853
    94.223
    55.805
    24.915
     0.128
   -19.736
   -35.643
   -48.376
   -58.564
   -66.716
   -73.237
   -78.454
   -82.627
   -85.965
   -88.636
    71.720
   -31.762
    32.373
   157.025
   253.771
   273.659
   212.489
    96.341
   -37.905
  -157.116
  -239.087
  -273.917
  -262.065
  -211.135
  -132.670
   -39.532
    55.940
   143.059
   213.356
   260.740
   390.360
   381.701
    61.268
  -320.260
  -391.400
  -158.403
   132.590
   302.193
   316.774
   225.145
    91.742
   -34.779
  -127.524
  -176.806
  -183.575
  -154.094
   -96.466
   -18.696
    72.221
   170.607
   121.998
   -60.931
   261.906
    92.598
  -114.891
  -227.485
  -239.276
  -182.598
   -93.527
    -0.318
    78.752
   133.987
   161.915
   163.047
   140.130
    96.936
    37.501
   -34.316
  -115.056
  -201.741
  -252.995
   525.049
  -358.514
  -409.208
    96.136
   426.619
   392.120
   154.274
   -99.157
  -265.506
  -320.772
  -285.198
  -194.714
   -84.409
    18.585
    96.640
   140.519
   147.343
   118.522
    58.031
   288.627
   279.571
  -268.661
  -439.083
  -345.034
  -162.838
    16.161
   159.098
   259.262
   318.757
   341.487
   331.063
   290.577
   222.872
   130.799
    17.351
  -114.338
  -261.046
  -419.565
  -586.789
    84.333
   -73.374
  -591.420
   -55.395
   530.183
  -503.411
   182.730
   181.428
  -435.055
   521.104
  -447.760
   258.543
   -11.382
  -234.149
   423.811
  -511.980
   462.712
  -249.568
  -145.206
   731.792
 -2589.068
 -2455.743
  1374.678
   278.801
  -858.145
   630.725
  -185.258
  -143.152
   296.975
  -324.705
   283.140
  -211.839
   133.529
   -59.580
    -5.265
    59.782
  -104.450
   140.443
  -169.130
   191.823
 -1465.841
 -2041.015
  1388.442
  -363.392
  -326.385
   675.865
  -768.708
   690.008
  -522.286
   333.384
  -163.238
    26.212
    77.834
  -154.444
   209.967
  -249.887
   278.477
  -298.914
   313.511
  -323.934
  -177.086
   -75.520
    82.032
   137.872
    79.365
   -11.298
   -68.000
   -72.632
   -39.043
     8.764
    50.116
    72.811
    73.266
    54.536
    23.850
    -9.543
   -35.997
   -46.539
   -33.498
     9.202
  -142.565
  -249.953
   -91.833
    39.334
   548.306
  -166.992
     6.760
  -101.458
  -296.939
     0.405
  -324.211
    72.675
  -194.552
   100.377
     2.755
    83.078
   213.789
    27.377
   408.040
   -55.936
   118.857
   330.251
 -1286.424
  -392.402
   554.163
   896.807
   766.263
   415.633
    27.835
  -298.580
  -522.890
  -636.952
  -648.709
  -572.815
  -425.743
  -223.392
    19.963
   292.034
   582.546
   883.100
   450.162
  -249.953
   268.445
    39.334
  -122.004
  -166.992
  -147.501
  -101.458
   -48.892
     0.405
    41.692
    72.675
    92.329
   100.377
    97.069
    83.078
    59.420
    27.377
   -11.588
   -55.936
# -----------------------------------------------
# 
