# -----------------------------------------------
# 
  2897.238
   104.175
    -1.589
     8.245
    65.083
   122.110
   153.831
   151.991
   120.064
    67.832
     7.053
   -51.383
   -98.923
  -129.777
  -140.731
  -130.655
   -99.956
   -50.068
    16.960
    98.766
   192.893
    18.826
   -37.429
   -90.238
  -111.087
   -96.491
   -65.655
   -34.870
   -11.417
     3.624
    11.824
    15.278
    15.707
    14.259
    11.590
     8.022
     3.677
    -1.415
    -7.262
   -13.868
   -21.224
   -94.090
   -55.296
    22.601
    83.217
   103.438
    81.251
    28.608
   -35.952
   -94.367
  -134.072
  -149.909
  -143.164
  -119.068
   -84.204
   -44.689
    -5.275
    30.848
    61.872
    87.043
   106.331
    -2.907
    -2.907
    -2.907
    -2.907
    -2.907
    -2.907
    -2.907
    -2.907
    -2.907
    -2.906
    -2.906
    -2.906
    -2.906
    -2.906
    -2.906
    -2.906
    -2.906
    -2.906
    -2.906
    -2.906
   -12.463
   -12.463
   -39.081
   -39.081
   -12.463
    50.064
    50.064
    89.953
    23.402
   -25.332
   -34.970
   -17.859
    11.959
    43.929
    71.230
    90.105
    99.081
    98.269
    88.792
    72.334
    50.806
    26.114
     0.004
   -26.022
   -50.754
   -73.272
   -92.936
     6.010
  -162.446
   103.824
   122.909
  -413.128
   147.778
   400.747
    46.029
   -19.244
   -41.730
  -107.620
   -82.157
     3.738
  -132.238
   113.024
    -6.935
    25.171
    53.066
    61.560
    62.355
    62.367
    62.751
    62.340
    59.723
    53.949
    44.583
    31.549
    14.979
    -4.909
   -27.875
   -53.684
   -82.122
  -112.991
  -146.108
   -76.393
  -106.812
  -169.156
  -205.735
    33.398
   -68.444
   -38.315
    29.689
    52.353
   -60.625
    53.984
    58.250
  -241.348
  -214.930
    87.896
    84.907
    36.611
   122.105
     7.416
    65.770
  -134.408
   -93.088
    -5.499
    11.589
    30.077
    52.501
    70.020
    78.221
    76.569
    66.754
    51.445
    33.423
    15.074
    -1.816
   -16.073
   -27.049
   -34.498
   -38.461
   -39.163
   -36.933
   -32.154
   -93.088
    -5.499
   -93.088
    -5.499
    11.589
   -93.088
    11.589
   -79.905
    35.418
   -34.901
    43.203
    86.603
    75.152
   132.842
     4.344
   -78.919
   127.172
   -32.954
   -51.986
   284.208
   116.920
    76.913
   153.122
    17.887
    61.599
   109.914
   -94.621
  -246.342
  -161.427
    -8.248
    54.235
    46.531
    15.932
    -8.646
   -20.834
   -23.104
   -19.383
   -12.636
    -4.542
     4.190
    13.431
    23.328
    34.117
    46.018
    59.182
    73.687
    89.534
   106.664
   -30.467
    65.871
    66.125
    73.132
    -3.844
   317.255
  -204.715
   -65.936
    38.528
   -65.936
    38.528
    26.935
   -65.936
    26.935
  -185.727
  -134.816
   -40.996
  -162.649
  -211.507
   374.260
  -515.733
   -55.889
   -75.429
    80.706
   -59.194
  -280.127
   204.060
  -149.398
  -111.989
   -56.852
    20.677
   -52.988
   -39.516
   213.867
  -112.554
    46.742
   -86.085
    61.681
    87.416
    66.321
    40.081
    21.899
    12.976
    10.552
    11.296
    12.506
    12.345
     9.750
     4.231
    -4.302
   -15.689
   -29.624
   -45.732
   -63.611
   -82.869
  -180.245
   -51.228
  -148.091
   128.591
   139.261
  -186.691
   448.947
   -29.829
   -87.333
   -77.450
  -114.532
     3.105
  -175.418
  -174.795
   -37.844
   -99.494
   -37.844
   -99.494
    59.702
   -37.844
    59.702
   101.431
    11.909
   139.386
    67.182
    78.882
    56.341
    -1.274
    -7.280
     1.424
    15.902
  -189.625
   324.991
   189.769
  -244.728
    -2.563
  -337.405
    14.389
  -344.941
  -141.166
    58.521
   160.634
    11.418
     7.987
    -0.507
    -6.624
    -8.097
    -5.372
     0.039
     6.370
    11.993
    15.640
    16.531
    14.438
     9.662
     2.935
    -4.744
   -12.296
   -18.735
   -23.278
   -25.413
   -24.888
   -90.929
   -91.336
   -16.840
   -26.979
   -93.233
     4.553
    -6.099
    74.918
    29.872
   -56.123
  -101.517
   -17.533
   -37.584
  -133.974
    34.389
    -5.479
   -74.674
  -140.005
   -19.762
  -145.757
  -268.405
    11.418
     7.987
    11.418
     7.987
    -0.507
    11.418
    -0.507
   -39.939
    10.999
    44.630
   144.894
    58.150
   167.115
   454.590
    35.102
    46.929
    -3.952
    30.764
    58.244
   -77.641
   -38.101
   -16.162
   -18.038
   -69.951
   -93.837
   -10.683
    -0.189
   -79.061
   -24.034
   -22.076
   -30.260
   -43.681
   -56.819
   -66.956
   -73.168
   -75.328
   -73.638
   -68.442
   -60.166
   -49.283
   -36.293
   -21.691
    -5.947
    10.511
    27.306
    44.120
    60.693
    76.818
    73.391
   170.355
   -31.681
   -97.493
   129.981
   -16.467
  -204.431
   -48.412
    10.425
  -133.273
  -135.316
    93.950
   -72.914
   116.005
   179.869
    48.508
   -49.119
  -227.832
  -102.298
    86.328
  -148.647
   144.188
   144.353
   -17.757
   -21.663
   105.704
  -212.647
  -355.706
    75.394
    49.299
    75.394
    49.299
   -17.961
    75.394
   -17.960
    28.581
    -1.043
    62.202
   -16.341
   -98.270
   142.757
  -223.150
    30.923
   121.306
  -105.171
   -64.478
   213.120
  -191.244
   -86.266
    -2.750
    94.198
  -109.268
    59.820
   175.059
  -156.302
   194.079
    77.309
    58.463
    51.147
    45.997
    42.200
    38.955
    35.601
    31.625
    26.721
    20.927
    14.688
     8.664
     3.388
    -0.909
    -4.246
    -6.768
    -8.646
   -10.035
   -11.058
   -11.811
   136.571
   112.800
   -56.897
  -141.812
   112.467
  -129.869
  -246.057
  -176.475
  -167.179
   124.829
    87.508
  -163.722
   147.751
    74.521
  -326.200
  -180.142
   103.556
   257.492
  -182.532
  -118.356
   -10.049
    82.541
   137.640
  -214.586
  -168.923
   133.263
   108.239
   132.220
   -53.408
   -87.926
  -102.166
  -150.739
   -95.111
  -141.162
  -207.852
   -18.975
   -36.148
   -18.975
   -36.148
   -43.210
   -18.975
   -43.210
    27.558
    -9.074
   116.887
    59.302
   -15.747
   222.005
   138.764
   -53.523
   -48.214
    23.777
    53.105
   -58.571
   -43.868
    11.255
     5.357
    -0.156
   -40.203
   -36.664
   -10.157
   -42.130
   -49.702
  -221.111
   106.414
   114.745
    97.108
    76.313
    59.793
    47.672
    38.185
    29.777
    21.480
    12.821
     3.651
    -5.984
   -15.937
   -26.025
   -36.063
   -45.888
   -55.364
   -64.387
   -72.881
    -6.503
    -3.177
   -55.199
   -47.458
    60.795
  -106.734
   -32.615
   160.411
  -187.647
   149.518
  -119.158
   -20.684
  -109.409
   -88.673
  -106.647
  -132.060
   -24.986
   -38.575
  -142.725
   214.587
  -194.957
   143.298
   -58.547
   -17.295
    64.312
   -59.911
    25.722
   -38.187
    44.591
    61.046
   -50.664
   -37.056
   118.619
   216.179
   -34.130
    26.290
   -18.042
   -75.679
  -115.179
    25.527
  -230.772
  -171.434
    38.369
    38.783
    38.369
    38.783
   104.713
    38.369
   104.713
    59.067
    42.584
    24.936
     1.130
    57.636
   -55.651
   -77.088
   122.918
   -59.076
   145.303
  -199.122
    67.882
   261.986
  -144.191
  -179.101
   -26.110
   -94.585
   -82.991
   -47.496
    56.850
  -129.666
   -36.769
   -40.949
   -38.448
   -30.797
   -23.175
   -15.203
    -6.463
     2.501
    10.719
    17.267
    21.456
    22.869
    21.326
    16.831
     9.518
    -0.390
   -12.622
   -26.881
   -42.867
   -60.288
   -62.096
    58.191
     3.223
   150.080
    71.909
    90.738
   225.381
    41.930
    23.539
    -9.330
     0.281
    25.517
   -63.632
    11.788
    89.544
  -198.181
   305.057
   -96.613
   -51.873
   280.633
  -176.373
  -131.005
   101.672
    11.513
   231.889
  -133.141
  -123.316
   -34.269
  -102.465
   -42.947
    94.741
  -114.299
    83.185
   199.345
  -147.276
  -246.262
    65.846
  -189.720
    -9.411
   135.668
   180.417
   165.121
    66.765
   -93.202
    90.566
  -195.934
   -87.180
   163.079
  -222.232
    90.535
    45.088
    90.535
    45.088
    30.758
    90.535
    30.758
    64.436
   -17.507
    52.864
   -58.398
     6.928
    63.828
    54.123
   102.951
     9.866
    37.807
   -15.596
   -44.902
  -140.747
   -14.993
   -95.102
    13.387
  -149.213
    83.578
    23.157
  -186.019
   219.485
   -55.966
    55.716
    53.690
    24.095
    12.036
    15.599
    25.722
    36.328
    44.642
    49.885
    52.228
    52.199
    50.397
    47.371
    43.580
    39.388
    35.074
    30.844
    26.840
    23.156
   -48.579
    -2.743
    13.294
   121.296
  -105.554
    12.280
   -24.756
  -219.809
  -130.850
  -106.252
  -193.432
    23.597
   159.656
    93.953
   -43.629
    76.950
   -48.385
    67.095
   -30.684
   -61.285
   -36.125
  -185.957
  -168.328
   192.378
   -49.391
  -144.309
   452.887
   -50.039
   -97.579
   111.625
   -34.009
   142.626
   -34.826
   -47.547
  -123.631
  -128.402
   -48.563
   171.615
    58.008
   -45.300
   193.354
  -132.925
   -45.736
     4.839
    -2.311
   182.161
   -98.251
  -290.864
   162.729
   -37.554
    85.124
   -22.852
    75.749
   -26.496
    -4.226
   -32.907
   -46.181
    80.428
   -46.181
    80.428
   -32.001
   -46.181
   -32.001
   -79.715
   123.693
  -229.351
    73.766
    50.001
  -444.814
    35.145
    16.884
   -89.344
    82.638
   -80.256
  -266.073
   228.940
    40.040
   -84.260
     1.598
   -37.812
   -10.305
   -16.380
    90.295
  -114.062
   -82.417
  -162.210
  -131.838
   -79.348
   -37.117
    -8.040
    11.024
    23.262
    30.984
    35.746
    38.576
    40.152
    40.926
    41.196
    41.160
    40.948
    40.644
    40.303
    39.957
    39.627
   -26.773
   -69.941
   107.894
   -13.764
   -93.157
   -40.611
  -289.181
   332.607
   -59.806
   299.793
  -112.480
  -245.305
   297.330
  -328.433
    62.242
   -76.668
   190.738
    70.326
  -118.479
   278.897
   123.817
    78.489
   -15.880
    36.027
   -59.839
    -9.557
     8.981
   -77.827
   310.394
    65.347
   -20.448
  -242.287
  -137.428
   116.114
  -202.645
  -319.069
    60.889
  -245.790
    -8.573
   372.596
  -134.433
   136.551
  -193.067
   -42.888
   -67.769
   -27.926
    84.907
    57.413
    39.114
    43.542
     7.987
  -130.257
  -117.556
    -2.025
  -138.059
  -108.752
   224.606
    52.924
   200.484
    -3.411
    -9.819
   152.487
  -173.350
   128.115
    36.659
   128.115
    36.659
    37.027
   128.115
    37.027
    70.877
   -82.653
    11.755
  -180.706
  -133.328
   -35.652
  -367.559
   -37.825
   -71.444
  -116.385
  -124.131
   -60.409
   -97.689
   -22.040
    84.610
   -25.090
     8.614
  -104.424
   -14.720
   -20.054
  -168.268
     0.517
    14.818
     9.897
     7.869
     6.956
     6.699
     6.804
     7.079
     7.415
     7.751
     8.060
     8.328
     8.555
     8.742
     8.895
     9.017
     9.115
     9.193
     9.255
     9.303
    70.046
   375.839
  -160.245
   -73.279
    27.921
  -139.040
   -84.696
  -238.632
     2.775
  -185.677
   -78.535
    14.169
  -202.241
   -13.127
     4.427
    12.092
     8.387
    12.261
     9.793
     8.384
     9.798
  -136.045
     8.942
  -200.326
     5.873
     9.739
  -236.422
     9.609
   -94.591
    10.146
  -130.116
     8.872
     9.530
  -164.138
     9.081
   -17.718
     1.384
  -431.313
  -236.507
    10.798
   -27.909
   -42.755
  -156.802
     4.683
  -117.269
     2.385
    12.736
  -107.234
     9.856
  -101.465
    42.301
    80.871
    51.313
    47.225
     9.821
    52.789
   100.806
     0.451
   463.767
    25.417
     1.443
   388.022
    -6.972
     6.274
    14.440
   101.079
    18.883
    10.123
   241.772
    11.247
   -58.096
    11.431
   -58.096
    11.431
     9.781
   -58.096
     9.781
   -32.641
    13.642
    24.671
    17.286
    10.557
   105.026
    13.565
    23.228
     9.496
   170.180
    13.740
     7.422
   282.919
     8.952
   134.795
    15.618
   256.776
    17.702
     7.424
   380.274
     3.101
   -51.790
   153.707
   127.822
    63.288
     7.887
   -31.158
   -55.366
   -67.618
   -70.597
   -66.495
   -57.010
   -43.417
   -26.652
    -7.401
    13.826
    36.637
    60.719
    85.803
   111.655
   138.056
   -66.221
  -110.855
    14.325
   -31.191
  -160.906
     7.148
   -73.545
    65.844
    22.538
    -2.261
    81.443
  -132.732
   -51.994
   124.876
    10.628
    25.215
  -238.186
  -195.237
    71.813
  -294.635
  -138.798
  -120.136
    39.834
  -123.558
    -0.445
   146.790
  -122.304
    77.843
    14.176
    49.755
    48.190
   -47.275
  -167.723
    42.984
  -561.802
   -71.566
   -46.746
   -51.822
   -60.288
   -60.821
   -11.625
   -60.293
    -0.401
   -24.011
   -50.643
    39.219
   -41.492
   -64.759
   289.445
   178.173
    47.984
   105.320
   -57.807
   121.723
   -37.830
  -208.353
   166.633
    -8.334
    10.742
   105.414
  -275.485
  -213.213
   126.516
    49.373
   101.009
  -170.628
    49.550
   112.413
  -496.473
  -131.102
    70.649
    40.636
   230.812
   175.355
  -106.470
   408.350
    98.543
   -67.064
    -9.827
   -67.064
    -9.827
   -28.506
   -67.064
   -28.506
   -18.233
    17.950
   -51.119
    28.981
   -74.985
  -141.038
   -62.692
   -97.986
  -155.769
   173.637
    19.658
  -167.411
   136.953
  -172.760
    16.850
    96.283
   -22.567
     7.381
   -51.013
   -71.231
  -265.157
     2.133
   -15.710
   -22.717
   -26.742
   -28.064
   -27.214
   -24.767
   -21.249
   -17.087
   -12.616
    -8.083
    -3.661
     0.532
     4.424
     7.973
    11.163
    13.993
    16.476
    18.630
    20.478
    19.937
    -6.448
    21.489
    -3.934
   -18.164
    22.625
   -15.399
   107.183
    38.442
   -37.437
    41.973
    13.736
  -294.300
    18.900
     2.272
    -1.341
    23.210
    16.864
    -2.133
    39.189
    25.461
     9.231
   -57.363
   145.974
   -63.005
   -62.568
   392.612
   -63.268
   -34.282
   -28.291
   -34.031
   -27.824
   -21.134
   -34.130
   -20.990
    18.304
    -9.540
    26.510
    -8.201
   -24.597
    28.412
   -32.776
    -4.720
   -17.638
    -8.457
   -20.313
   -25.457
   -13.438
   -32.599
    21.940
   -41.292
   145.562
   -31.724
   -49.662
    90.209
   -26.588
   -56.620
    -7.014
   -57.951
    38.795
    -6.974
  -106.376
    51.676
    69.374
    47.998
    82.979
    62.819
    23.889
    58.713
    25.066
    54.468
    34.813
     7.075
    -2.855
    20.617
   -16.304
   -25.562
    14.583
    -4.213
    33.269
     8.828
   -15.484
    52.492
     2.774
    -2.331
   -15.748
    -2.331
   -15.748
   -22.718
    -2.331
   -22.718
     4.773
   -12.994
    11.482
   -10.323
   -23.805
    16.364
   -24.880
    -7.866
    -1.163
   -12.514
    -5.612
    -0.660
   -17.758
   -16.910
     8.895
   -16.965
     4.535
   -24.903
   -25.677
    -8.576
   -47.791
   -12.502
    55.363
   -61.527
  -144.378
  -121.127
   -24.538
    85.902
   170.704
   215.598
   222.187
   198.979
   155.951
   101.981
    43.966
   -13.222
   -66.426
  -113.814
  -154.511
  -188.297
  -215.378
    44.252
   -40.277
    16.351
    10.917
  -283.009
    11.224
    11.439
   123.073
    65.992
   -21.466
   -42.314
   -89.321
   -88.161
  -219.648
    43.203
   175.847
   -19.804
   -12.311
   306.444
   -52.577
   -59.516
    24.831
     7.585
   -57.512
    18.694
     5.861
  -190.420
    15.187
   262.140
   457.825
    96.509
   138.711
   599.111
    10.384
    45.318
   114.097
    83.796
    78.375
    29.161
  -128.068
    72.057
  -187.094
    89.574
    17.944
   191.266
    55.809
  -236.806
   246.661
  -375.599
  -126.621
    38.374
  -208.212
   -64.306
   106.417
  -293.068
   -13.528
   280.745
   127.498
    73.651
    23.700
  -199.754
    85.920
  -302.876
  -244.182
   -21.362
  -237.839
   -49.736
   392.405
  -252.061
   331.431
    75.105
    92.130
    87.193
   -38.879
   -79.623
    51.266
  -335.719
    82.440
  -140.457
   169.074
   202.361
  -440.291
   349.003
   654.608
   -20.980
    50.466
    25.219
   104.676
  -132.216
   132.358
   -29.895
   -52.258
   123.881
   -52.258
   123.881
   123.502
   -52.258
   123.502
  -162.021
    -5.812
  -144.195
    -8.134
   -99.930
   -68.966
  -105.701
    42.679
   -88.457
    67.834
    11.310
  -177.238
    10.813
   183.633
   177.001
   259.231
     7.275
   148.936
   183.927
  -182.822
    45.522
    55.192
   -64.686
    74.308
    62.856
    12.281
   -27.719
   -49.566
   -57.600
   -57.400
   -53.157
   -47.501
   -41.904
   -37.085
   -33.311
   -30.602
   -28.847
   -27.878
   -27.513
   -27.576
   -27.907
  -211.846
   -79.569
   114.911
   135.151
    50.969
    96.522
    12.876
   266.576
  -287.130
    95.079
  -291.224
  -186.360
    43.855
   -95.941
    27.180
   -52.203
    41.747
   -89.581
    97.495
    43.382
     5.903
    84.556
  -221.228
   180.984
    15.049
  -201.137
    87.734
   188.635
   186.951
     3.257
    -4.409
   176.505
   -21.660
   -87.342
   267.541
   210.731
  -114.070
   160.791
   167.690
  -217.421
    67.469
   164.892
   137.164
   -76.738
    11.293
  -140.395
   -89.255
     4.487
  -129.572
   111.767
   -67.989
    72.520
  -133.430
    78.318
   -80.484
   -15.149
    27.670
   -75.576
   -11.150
   -89.928
    93.834
   -61.276
   129.734
   154.483
  -214.622
   -40.926
  -604.152
   293.630
   426.468
  -290.833
  -170.429
  -158.833
    51.231
   116.436
  -115.449
    34.623
   111.264
    47.360
   -79.423
   -33.017
   -49.169
   201.275
    29.632
   241.183
  -477.844
   -80.992
  -159.732
   210.323
    75.980
   250.967
   108.910
    -1.994
  -144.611
   -61.904
  -237.316
    45.880
  -100.906
   -31.999
    55.192
   -64.686
    55.192
   -64.686
    74.308
    55.192
    74.308
   -53.512
  -320.148
  -166.082
  -556.252
  -121.687
  -249.756
  -464.867
  -132.307
   -17.067
   -64.723
    84.154
     0.665
   130.565
  -162.903
   -95.006
  -232.238
    -1.915
  -200.948
  -102.681
   293.587
   -47.169
   -60.769
    -8.642
   -18.875
    44.126
    93.402
   107.820
    97.170
    74.381
    48.251
    23.485
     2.129
   -15.243
   -28.787
   -38.965
   -46.329
   -51.413
   -54.693
   -56.567
   -57.360
   -57.334
    14.829
   -81.274
    39.599
    42.960
  -176.549
    27.140
    24.813
   228.595
   -46.361
   -83.899
  -188.786
   -93.322
  -438.831
  -154.322
    80.631
  -107.738
    96.288
   -37.429
  -120.242
    51.704
    12.491
  -120.172
   -43.015
  -106.797
   -50.015
   -41.853
  -101.786
   -55.404
   309.445
   258.065
   -92.346
    60.294
    85.903
  -429.361
  -151.712
   206.565
  -107.300
   -43.223
    52.813
  -333.867
    89.674
   125.793
   -70.797
   -71.170
   -99.781
   113.440
     7.974
  -118.336
   150.768
   -98.782
  -135.374
    79.722
   149.472
  -130.098
    77.444
   248.630
   110.391
   162.848
    -8.392
   134.863
    49.191
  -289.322
   -50.697
   -43.102
    36.174
   -40.167
    77.358
    36.918
   -54.425
   142.291
  -142.955
  -257.443
    91.313
  -208.248
   -62.212
   147.897
  -102.521
   203.353
    -6.604
   149.466
    67.005
  -265.574
  -166.626
  -128.662
   -24.598
  -154.419
  -114.996
  -106.720
  -196.334
   -35.283
   127.377
   116.949
   228.621
    68.417
   217.079
   -52.031
   -81.232
  -254.472
  -126.307
   -73.160
   -65.281
   -53.636
   -70.908
   143.612
   -57.199
   -60.769
    -8.642
   -60.769
    -8.642
   -18.875
   -60.769
   -18.875
   -95.553
   -32.797
   -54.203
    -7.467
    -9.040
    49.522
    50.931
   212.324
    17.026
   364.482
   282.152
  -265.871
   101.629
   141.952
   -25.866
    59.699
   -12.692
    41.671
   114.475
    35.522
   151.711
    55.862
    51.245
    -0.240
   -47.114
   -73.635
   -79.777
   -72.381
   -58.220
   -41.802
   -25.541
   -10.502
     2.992
    14.970
    25.606
    35.121
    43.728
    51.625
    58.978
    65.929
    72.596
   193.690
   188.685
     6.580
   135.745
    83.439
  -499.218
    59.130
   -34.937
  -115.945
   -15.269
   -19.154
  -191.334
   -19.429
   -22.478
   326.650
   211.881
   166.517
   155.831
    13.889
  -137.422
   -73.661
   359.694
   -17.756
   123.625
   116.777
  -202.646
    49.704
    10.708
    37.187
    59.339
    60.182
    40.180
     1.628
    68.344
   -61.105
   263.716
   -50.176
    23.514
   -94.423
  -282.739
  -169.184
   -96.266
   107.318
  -182.079
  -187.095
    25.385
  -400.778
  -153.398
   188.282
    19.384
   -72.148
   -76.788
  -140.953
   -63.925
   -78.772
  -173.620
  -130.735
  -136.649
  -106.081
  -109.676
   -96.477
  -110.930
   -85.366
   221.192
   202.087
   143.960
   177.825
   136.774
  -105.174
   103.703
    36.338
    69.056
     0.333
    82.891
    60.816
   -53.700
   183.290
   -44.132
   140.087
   -53.574
  -286.579
   574.081
   225.843
   -21.678
   146.685
   -59.377
   120.307
    53.177
  -209.184
   -92.630
    11.619
   138.019
    -3.813
   -44.923
  -111.965
   -42.749
   -20.717
   -54.920
  -139.311
   -12.825
   -21.678
   139.708
  -139.964
    63.856
  -313.882
    90.420
    74.833
   208.630
   139.563
     8.035
   426.196
    84.865
    55.862
    51.245
    55.862
    51.245
    -0.240
    55.862
    -0.240
    55.507
   -41.973
   100.277
  -109.267
   -89.902
   184.966
  -239.366
     1.743
   -29.958
    37.066
   105.911
  -154.229
  -254.725
  -133.191
   -63.879
   -72.476
   -33.543
   -76.358
   -55.019
   136.183
    68.416
   -91.949
   -59.339
   -34.736
   -42.103
   -59.389
   -73.013
   -79.228
   -78.732
   -73.392
   -64.922
   -54.550
   -43.055
   -30.898
   -18.347
    -5.568
     7.321
    20.220
    33.029
    45.649
    57.977
   394.512
    -5.777
    36.295
     3.073
   -37.583
  -233.840
   -21.264
   193.479
   287.992
    51.363
   303.677
   299.736
  -548.628
     5.488
   -35.011
   -12.667
   -28.411
   -12.210
    -3.785
   -22.434
    -3.229
   -61.351
     6.877
    59.354
    92.830
   -77.454
   -30.480
  -103.077
   -79.401
  -123.226
    12.931
     8.986
  -141.333
    11.568
     9.543
   -78.513
  -253.305
    75.460
   -39.343
  -398.300
   244.969
    91.303
  -115.043
   104.274
   162.459
   328.887
   132.083
  -215.861
  -221.625
   227.206
    52.973
   -50.691
  -136.800
  -103.294
   122.779
  -109.100
   -42.732
   254.527
  -338.664
  -248.606
   358.437
    75.997
    50.205
   111.369
  -119.469
    92.995
   -97.094
     7.000
    82.714
    42.353
  -180.735
   -31.579
  -191.656
    66.083
    61.615
  -234.009
   256.303
    75.510
    17.302
    61.039
    38.496
    33.115
    67.369
   133.095
   437.613
   114.926
  -217.512
  -232.050
  -387.934
   279.924
   231.268
    52.190
   201.414
   -87.335
    25.272
    66.961
   -38.051
   -52.993
    55.823
    -1.025
   -75.249
    72.395
  -106.062
   -71.317
   247.013
  -264.875
   -11.274
   -49.728
   131.144
    97.757
   -15.125
  -251.726
    31.885
   -84.854
   104.957
   -51.365
   -76.645
   319.186
    84.289
   107.269
     8.575
   107.269
     8.575
     1.172
   107.269
     1.172
   -22.629
  -133.476
   -61.667
  -183.063
  -106.427
   -39.201
   -79.348
   -23.107
   117.697
   -97.359
   101.573
   102.089
  -138.607
    15.493
  -201.365
  -187.611
   -61.265
  -110.906
  -230.847
   353.240
  -134.982
  -151.643
  -117.280
   -63.121
   -26.730
     4.417
    33.015
    57.028
    74.542
    84.808
    87.976
    84.680
    75.748
    62.044
    44.389
    23.529
     0.121
   -25.261
   -52.123
   -80.046
  -108.675
   219.081
    22.895
   110.189
  -101.283
    26.006
    66.051
  -279.010
   179.676
  -136.804
   167.526
   199.629
  -145.418
    97.060
   149.474
  -172.284
  -243.295
    23.008
   -28.045
  -252.037
    65.413
   228.434
    73.642
   -32.232
    69.438
   -25.147
   -76.805
    47.071
   -76.024
    55.879
    27.111
     6.480
    -6.455
   -58.955
    74.721
    74.023
   -97.212
   -91.405
     2.904
   -18.494
     4.775
     5.610
     5.972
    29.176
    21.230
   -38.993
  -142.244
    90.202
    -0.226
  -153.292
   -29.617
    28.087
   -80.210
     7.668
   -41.477
   121.457
   193.212
  -102.808
    45.755
   -92.185
    24.406
   161.437
    21.313
   -62.120
  -163.347
    51.746
  -448.952
    21.664
   107.603
  -198.829
   566.625
   -16.768
   125.901
   -73.230
    68.504
    84.233
   -85.272
    22.712
   -10.977
  -112.305
    95.801
  -113.437
  -122.831
   149.345
  -257.932
     3.223
    -1.061
    -2.508
    26.668
   -13.252
     3.593
     2.338
  -261.446
   -31.230
     2.536
   105.145
    43.434
   -11.213
    93.834
    91.589
    88.774
  -155.211
   -81.866
    27.056
   136.922
   122.025
  -141.405
   -28.182
  -137.836
    72.052
   -53.946
   -32.809
   202.209
   -84.993
    37.356
    60.111
    21.307
   -77.667
   401.307
  -265.148
    21.402
   -48.690
   -46.022
  -121.989
   -27.640
  -129.606
  -117.994
    19.273
   -20.577
    19.273
   -20.577
   -16.045
    19.273
   -16.045
    13.339
     8.530
    12.375
    58.350
    36.438
     9.200
   180.051
   -89.956
  -133.507
  -118.536
    98.408
  -164.805
  -122.689
   225.333
    74.433
    80.444
   140.472
    26.920
   160.830
   134.007
  -164.658
   -46.969
     5.688
    21.410
     8.796
    -8.583
   -22.056
   -30.235
   -33.889
   -34.063
   -31.578
   -26.994
   -20.664
   -12.801
    -3.528
     7.085
    19.004
    32.208
    46.687
    62.426
    79.408
    -8.681
    -2.116
   -52.534
    72.135
  -185.628
   -70.559
    25.460
   185.402
   130.471
    73.668
    33.837
  -175.547
  -110.736
  -182.622
   -27.569
    93.650
     6.658
   207.210
    37.515
    98.613
   119.284
   -29.641
    65.470
   -23.493
    59.042
    74.641
  -167.828
  -186.810
    29.810
    12.620
    11.625
    -2.149
   -19.348
    -1.567
   -36.328
   128.650
    39.001
   166.566
    36.146
  -217.723
   432.970
  -186.973
   -14.257
    50.074
   -24.414
   -25.038
    71.887
   -25.470
   -27.151
  -133.030
   -28.048
  -129.618
    27.314
    32.210
   -92.400
   153.664
  -245.515
   -21.004
  -144.298
   -23.340
   131.708
   -38.630
   186.566
   -85.100
   -59.478
    41.460
     8.932
    91.533
    33.114
   -12.620
    28.274
    15.061
   186.399
   -48.740
   -44.163
    55.811
  -237.096
    68.771
    47.826
    23.371
    21.286
   -86.810
    19.734
  -116.525
  -132.027
  -168.763
  -119.581
  -230.333
  -135.643
   -17.252
   -93.981
  -106.359
   -35.898
  -148.367
   -96.006
   -32.466
  -170.460
  -114.078
  -134.667
    15.594
   -17.104
   102.416
   -28.422
   132.889
   -38.639
  -444.582
    39.166
   315.990
   364.557
    92.802
    98.306
  -167.332
   297.313
    66.120
    75.474
   -28.866
   -57.060
  -130.572
     8.848
    61.891
    85.032
  -174.389
   -44.888
   119.057
  -327.924
   198.047
    27.729
   131.336
   -14.579
   116.838
   116.233
  -154.873
    -4.930
   -43.879
    44.962
   -43.879
    44.962
    37.777
   -43.879
    37.777
    23.643
   107.851
     7.742
    89.326
    66.942
   -45.019
   -84.735
  -129.772
  -125.335
   127.216
   -51.750
  -152.096
   326.778
  -126.712
    12.978
    -3.979
   -17.936
   -55.411
     6.003
  -103.301
   -70.799
   126.360
    45.082
   -81.257
  -137.313
  -134.454
  -103.554
   -65.576
   -30.785
    -2.815
    18.021
    32.759
    42.779
    49.351
    53.481
    55.891
    57.059
    57.274
    56.689
    55.365
    53.304
  -184.649
    59.550
   -92.732
   -54.022
   221.799
   143.941
   -49.095
   268.325
    18.458
    75.598
  -184.986
  -171.172
   -40.055
  -302.822
   424.179
  -110.581
   526.735
    88.092
  -489.010
    84.207
  -377.920
   -59.126
   206.603
  -322.220
   -29.104
   302.385
    57.724
   670.659
   -76.807
  -178.973
     4.193
   -83.498
  -246.798
   283.461
   373.182
   -38.223
    -7.852
   -46.575
   -21.098
    16.497
   -44.770
    -2.087
   129.833
   135.162
   169.975
   -30.382
   210.335
    11.285
  -426.971
   376.496
  -190.313
    58.885
  -176.752
  -449.609
    14.106
   -72.009
   -52.609
   -17.798
  -122.958
    -0.089
  -101.620
  -188.775
    53.446
    16.666
  -106.493
    93.669
   141.918
   -74.415
    47.000
   242.426
   -78.507
   -82.966
   -37.437
   166.538
   -34.029
  -139.277
    32.921
  -135.957
    -8.594
   345.231
   -35.495
   -16.676
   334.843
  -408.296
     4.642
   -10.001
   -61.932
   -52.446
   -14.359
   -65.521
   -33.711
   156.046
   141.807
    55.471
    38.329
    71.452
  -155.016
  -232.524
    -3.405
    74.900
    49.972
   155.902
    77.621
    75.044
   296.574
   222.882
   252.331
   -20.967
  -217.473
   315.066
    20.656
  -380.127
  -103.230
   235.642
  -102.269
    20.862
   433.938
   -40.105
  -100.567
  -312.885
   -25.950
    -3.306
   145.084
    29.631
    56.564
    -7.701
   -58.495
   -57.525
   -17.980
  -221.383
   -50.094
   282.467
  -370.406
    15.353
   -13.774
    49.555
   -50.105
  -138.068
    66.627
  -362.325
   -81.360
   -38.060
   -81.360
   -38.060
   -91.884
   -81.360
   -91.884
   -20.042
    16.878
    57.704
   109.012
   -43.321
   131.850
   219.475
    57.936
   171.192
    69.959
     1.810
   245.337
    23.386
   -63.860
   142.039
    47.738
    -5.568
   -46.124
   -40.095
  -219.998
   -65.574
   118.206
    -5.672
  -100.595
  -132.241
  -123.571
   -96.212
   -63.477
   -32.406
    -6.248
    13.835
    27.752
    35.919
    38.966
    37.589
    32.474
    24.272
    13.574
     0.916
   -13.227
   -28.436
   167.556
   -38.879
   130.001
   -44.163
   -49.310
    16.057
  -221.592
  -262.006
   -43.601
  -131.270
   -39.087
   139.844
    53.954
   -10.925
  -385.044
  -120.758
  -315.342
  -198.779
   -91.264
  -131.764
    74.400
   -60.305
   217.170
  -301.059
   -64.714
   208.645
   -26.241
   414.622
  -214.733
   124.159
    47.951
   174.617
   297.044
   167.319
   445.933
    77.331
    78.597
    79.439
   140.954
    33.204
  -293.776
  -267.489
    13.866
   -17.688
    -9.685
   -31.326
   -24.924
   -14.547
   -36.173
  -368.725
   -14.338
   -31.329
   197.677
   212.647
   114.313
   330.181
    -4.437
    83.960
    44.381
    43.570
   123.774
    45.091
    37.871
   165.404
   141.842
    48.519
    89.739
    45.162
   -84.871
   -34.965
   175.768
   -82.154
   173.883
   -37.453
  -381.348
    44.374
   -92.958
   -96.182
   -63.354
   -14.347
     9.000
    79.687
   -93.165
   -66.864
  -241.506
   -30.245
    95.682
    -8.983
   289.638
   -92.712
  -110.881
    38.448
  -101.435
   136.667
    30.573
   -26.690
   142.925
   128.169
   109.471
  -139.565
   113.522
  -181.413
  -308.564
   179.182
  -323.023
    51.263
    10.762
    66.210
    15.257
   -42.359
    54.423
   -85.852
  -427.484
    53.240
  -177.989
   -50.773
   542.811
  -129.464
    82.226
   -21.152
    21.059
    59.557
    27.807
   -15.247
    70.240
   -66.614
  -107.029
     1.252
    61.200
    -0.562
    34.219
   119.457
   -59.670
   589.427
   204.726
   218.030
     1.644
  -193.169
  -233.489
  -376.889
   -15.957
   -35.055
   -69.909
   -59.464
   -12.596
  -140.853
    66.620
     6.526
   -23.468
     6.526
   -23.468
   -64.414
     6.526
   -64.414
   -75.922
   -57.417
   -96.569
   -20.509
   -33.430
   -50.747
   221.582
   196.630
   154.797
   -71.214
     7.599
    82.351
  -267.153
   -48.428
    36.668
    -9.930
   -33.816
    -5.577
   -86.139
   -52.965
   -40.072
    -9.277
   -43.054
   -34.629
   -18.837
    -4.237
    10.079
    24.203
    35.643
    41.419
    40.086
    32.118
    19.229
     3.520
   -13.101
   -29.191
   -43.820
   -56.514
   -67.140
   -75.802
   -82.743
   -30.867
  -114.413
    80.169
    41.961
  -292.541
    77.411
    -6.763
  -345.993
  -318.927
  -224.765
  -157.808
    11.504
   -94.693
   300.875
   -96.444
  -158.431
  -127.682
  -132.761
  -135.446
   -12.465
   225.513
   -34.441
   -72.452
    59.258
   101.061
   -58.516
    35.605
   185.377
   -76.287
   -84.959
    26.019
    98.204
   -74.425
   -79.179
   -22.538
    11.725
     4.348
   -79.799
  -131.442
    29.112
   135.702
   110.871
   289.888
   312.695
   302.387
   244.062
   268.631
    -2.612
  -363.726
    40.099
    63.333
    25.434
    49.391
    72.507
    15.574
    48.277
   -40.744
   -38.777
    70.820
    47.313
   -49.408
    91.853
   -91.372
   -29.347
   -16.673
    14.320
    17.518
     0.089
    12.129
    18.927
   142.045
   169.328
    45.277
   104.685
   245.882
    26.663
   225.706
   -87.117
  -151.182
   136.010
   187.616
  -243.950
    92.339
   308.139
    18.995
   -93.205
    17.617
   -16.953
  -239.511
   -13.580
   -61.732
    31.696
   -54.720
    31.375
   -74.696
  -253.323
   166.396
    59.069
    21.131
   108.951
    17.279
   111.031
   217.457
    10.758
   214.981
    57.769
     2.018
     9.644
   -56.438
     2.467
   -90.593
  -197.087
   -10.731
   -53.988
   -31.135
   -74.964
   -55.297
   -59.906
   -98.889
    55.370
    73.623
   -45.132
  -124.424
    44.510
   134.322
  -142.772
    40.187
   146.672
   -96.535
  -129.348
   285.287
  -241.079
  -373.694
   -65.738
   -99.396
    79.891
    78.744
  -157.917
    78.970
    -7.606
   432.240
   313.244
   205.798
    24.077
   -58.691
   171.224
  -466.939
    73.691
    41.346
     0.772
     1.618
    71.335
   -76.762
    33.790
    -9.277
   -43.054
    -9.277
   -43.054
   -34.629
    -9.277
   -34.629
    48.902
    72.900
   107.149
   144.869
   128.235
   156.447
   244.798
   -60.762
   -37.268
   -31.112
    56.273
    13.697
    42.258
   467.510
    96.139
    73.788
   -14.379
   -59.976
    53.384
   -71.442
  -301.404
   -70.952
    20.005
    18.293
    15.955
    14.112
    12.718
    11.689
    10.939
    10.397
    10.007
     9.726
     9.526
     9.382
     9.279
     9.205
     9.153
     9.115
     9.088
     9.069
     9.055
  -228.016
    28.442
  -135.213
    28.260
    29.936
   -29.905
    28.745
   249.218
    26.484
   -42.935
    71.996
    16.740
  -171.284
    11.794
   -55.128
    22.868
   291.004
   -37.753
    16.716
    77.711
   -12.351
    14.443
     8.975
    20.280
     8.308
     9.537
    30.849
     9.014
  -365.204
    29.622
   -15.457
   240.036
    16.109
    38.271
    31.635
  -310.218
    25.394
  -168.443
   196.757
    13.286
    95.398
    36.251
   150.974
    56.264
   359.816
   565.694
    26.929
   196.834
   143.304
  -166.408
    21.392
  -242.095
    22.883
    20.009
  -338.690
    23.709
    29.547
    21.826
    33.541
   -11.564
    21.981
    24.099
   -20.702
   -76.319
     8.050
   -40.321
     7.765
     9.027
    76.515
     9.030
  -145.622
    17.372
    22.988
    21.057
    15.887
    28.031
    14.902
   -79.474
    20.018
   -87.546
    20.069
    18.294
   -90.493
    18.295
   326.758
     9.207
   -89.987
   -28.407
     9.010
  -182.761
    -2.936
  -422.483
   135.737
    33.576
   292.608
     8.886
   121.326
  -159.677
   190.202
    16.445
    22.458
  -167.543
    15.379
   -68.054
  -265.467
    68.294
   -37.862
    72.622
   -86.756
   -18.466
    68.299
  -101.221
  -124.199
    21.857
  -112.963
    25.673
    20.097
    -0.843
    24.123
   -49.007
    20.784
   -33.495
    21.515
    18.717
   -24.039
    19.596
  -304.224
    93.223
   168.968
    33.938
   245.907
    43.866
  -461.460
  -119.663
    26.591
  -101.156
    25.899
    30.091
   361.491
    29.933
    52.505
    14.871
   127.670
    13.289
    12.443
  -129.466
     9.471
    19.025
    24.814
   -41.413
     8.323
    27.249
    67.200
    28.264
  -153.794
    17.996
  -254.802
    15.922
    17.244
  -369.136
    15.408
   -70.952
    20.005
   -70.952
    20.005
    18.293
   -70.952
    18.293
  -152.286
    20.098
  -229.104
    20.238
    19.065
  -301.094
    20.710
   116.335
    14.288
   143.779
    10.241
    13.067
    76.752
     9.659
   -23.517
    24.800
    82.685
    30.268
    21.265
   300.903
    27.189
   -92.941
   -65.027
   -20.791
   -29.268
   -80.502
  -135.365
  -167.602
  -171.667
  -153.416
  -121.508
   -83.371
   -44.162
    -6.969
    26.624
    56.019
    81.199
   102.461
   120.241
   135.014
   147.243
    67.486
    20.484
    93.698
    68.537
    -7.286
   109.990
   -50.160
  -401.194
  -237.667
  -168.914
    47.545
   -81.604
  -138.719
   203.843
   174.103
    97.469
   158.625
    52.003
   -54.362
   144.550
  -247.186
   136.179
   113.584
   132.285
    40.710
   -98.031
   123.233
  -364.289
   -50.198
   -61.334
    58.845
   -40.662
   150.489
   216.729
   -79.885
  -188.150
  -149.873
   119.450
   150.506
   101.324
     3.418
  -172.551
  -136.401
   -53.581
    16.265
   156.779
   112.229
   -64.951
    18.682
  -280.405
  -245.785
   139.383
   227.266
   143.443
   282.916
   342.165
     6.948
   129.356
    36.002
   229.736
   341.667
  -297.499
   417.754
    -8.698
   -11.071
   -19.175
   -21.282
    -2.538
   -30.259
   -32.238
   100.775
   -41.426
   178.040
   104.461
  -212.560
    95.372
   -39.215
  -215.097
  -312.558
    16.005
    20.430
  -315.710
    17.495
    36.643
  -151.077
   -48.347
  -170.110
   -57.705
   130.673
  -131.235
    68.370
    -5.750
  -117.058
    28.494
   -50.339
  -199.479
    66.366
   224.467
    33.205
   -30.603
    31.772
    39.536
   -89.717
    14.490
    58.974
   108.830
   -59.612
   108.359
    22.360
  -116.304
   143.921
   -70.572
    44.678
   -53.781
    72.087
   -26.529
   -82.473
    66.207
   -73.849
  -108.517
   -75.740
   -62.160
     0.595
    93.328
   -31.422
   387.846
    35.661
    29.389
   156.306
   127.756
    26.384
   262.549
   136.399
   -73.440
  -132.156
   142.783
   156.134
   -83.612
   193.859
   -91.209
  -203.449
   -92.847
   -54.781
  -215.537
   332.459
   287.845
    48.139
    97.928
   223.231
    82.473
     3.269
   213.877
    41.558
  -240.525
   -78.400
  -125.243
    36.452
  -140.988
   126.216
   342.584
   -78.945
    83.935
    52.325
   199.934
   168.040
   -19.349
   300.386
    85.553
   -92.941
   -65.027
   -92.941
   -65.027
   -20.791
   -92.941
   -20.791
  -161.414
  -135.997
   -95.001
   -86.719
  -158.276
    35.202
   -77.842
   -31.641
  -116.453
   -21.383
  -168.221
    16.010
    84.606
  -126.108
   -89.387
  -131.123
   -57.905
  -152.881
   -92.495
    88.427
   -77.184
   -13.709
    -9.483
    -8.945
    -8.937
    -8.937
    -8.937
    -8.937
    -8.937
    -8.937
    -8.937
    -8.937
    -8.937
    -8.937
    -8.937
    -8.937
    -8.937
    -8.937
    -8.937
    -8.937
    -8.937
    13.668
    -4.805
    78.881
    -0.134
    -4.837
   172.942
     1.614
   -82.550
     0.801
   -58.174
     5.088
     1.706
   -45.081
     6.808
    43.186
    -2.600
   299.591
   -14.873
     1.106
   154.196
     1.276
    39.600
   -18.890
    67.229
   -18.863
   -19.598
    94.247
   -19.846
   218.457
   -15.863
    60.804
  -102.284
   -13.978
   272.763
   -63.443
   -27.357
   -10.978
   113.335
    54.735
   -13.660
   235.921
    41.462
     7.968
     5.243
     1.042
   -16.105
     7.258
   -29.606
    27.497
   -92.529
     4.535
  -250.507
     5.756
     7.239
  -451.861
    57.993
    17.422
     6.398
   220.128
    19.108
     7.292
   449.080
    36.734
     5.519
    -5.768
    -7.238
    -3.590
    -4.702
  -206.802
     1.687
   -23.152
    -8.023
   -26.493
   -38.428
    -1.948
   -33.154
   -42.081
   112.081
    -3.803
   123.873
    -0.203
    -4.816
   116.342
     1.615
   -52.497
     4.639
    -4.187
     5.937
     5.601
     1.962
     7.211
    28.663
     5.104
    19.318
     6.635
     5.566
    22.195
     7.200
   -22.405
    -2.532
   -36.503
    -0.621
    -1.688
  -164.050
     5.026
   124.043
   220.392
  -131.493
   -78.774
   -13.470
  -123.896
    49.509
    58.320
   -12.689
    72.177
   -56.779
    -9.980
   320.425
   -19.028
   -44.815
   -20.139
   -43.911
   -20.083
   -19.884
   -44.242
   -19.851
     6.483
    -4.038
   -21.619
    -0.159
    -3.345
   -75.882
     3.734
    -5.003
   -11.158
     5.569
   -12.651
   -10.735
    18.131
   -13.795
     7.206
     6.614
  -108.371
     2.661
     7.206
   284.749
     6.987
   135.156
   -21.199
   441.576
    13.926
   -19.975
   198.193
   -51.151
   -21.267
     6.344
   -28.264
     5.525
     7.208
   -84.310
     7.170
  -123.261
    -8.981
  -250.775
   -13.508
    -6.759
    20.274
    -0.519
    25.967
    -7.523
    68.049
    -5.556
    -7.550
   116.042
    -4.769
   -13.709
    -9.483
   -13.709
    -9.483
    -8.945
   -13.709
    -8.945
    13.005
    -8.323
    53.648
    -7.095
    -8.200
   107.742
    -6.695
   -35.105
   -15.382
    -7.139
   -19.076
   -14.544
    42.649
   -18.857
   -15.518
   -12.944
    -7.516
   -15.509
   -12.526
    15.522
   -16.996
    -4.833
   -25.428
   -48.268
   -61.355
   -60.318
   -46.795
   -25.467
    -1.599
    20.367
    37.349
    47.618
    50.550
    46.307
    35.543
    19.176
    -1.772
   -26.288
   -53.429
   -82.354
  -112.340
  -122.422
  -133.041
    15.727
    13.508
   -80.300
    14.537
    10.835
    22.727
    55.637
   -42.313
     5.429
   104.743
   -15.804
   196.509
    13.217
   -12.582
   -21.987
   -27.392
   -72.544
   -63.883
   -64.733
   -97.978
   -82.078
    16.020
   125.788
   -25.828
    81.124
   627.386
   -11.231
    -0.063
    29.030
     9.526
    16.570
    11.276
    -8.050
     5.181
    23.440
    54.280
   132.692
    80.239
   -11.475
    37.424
    82.089
    40.445
    23.261
    -0.039
   -41.858
    48.420
   -43.627
    33.947
    31.686
    38.671
    11.074
   117.422
   -27.623
  -106.470
   -62.153
   -27.030
    20.249
   133.014
    98.307
    70.153
   539.207
    45.445
    44.045
  -123.367
  -231.829
   105.879
   -23.758
  -344.558
   -71.303
  -127.259
   111.731
    61.069
  -179.298
   164.564
   173.750
     0.548
    -1.865
   -14.567
   -16.836
    -6.795
   -23.018
   -29.525
   -28.232
    20.608
   -19.503
    -8.250
    73.212
   -65.823
   -45.514
   -62.219
   -77.005
    16.388
    21.838
   -91.490
    13.502
    23.350
    68.180
   -31.573
    49.925
    22.347
  -112.945
    77.020
    81.299
   -45.482
    -4.086
    -5.328
   -99.096
    42.526
   -57.903
  -228.238
    87.286
    34.603
    67.001
    49.679
  -109.334
    27.849
   -78.368
    35.984
    28.370
    20.731
   -28.801
    12.473
    36.501
  -151.622
   -23.130
   -10.781
   -34.709
   -14.662
    27.403
   -41.904
    23.982
   -58.409
  -144.721
     2.977
   -46.758
  -200.857
    43.779
    39.778
    29.074
    38.486
    28.601
    66.309
    33.719
     2.025
    92.584
   -36.455
    -2.305
   -12.702
    70.125
    49.744
    45.253
    64.526
   -46.506
    -9.894
   -32.484
   -96.826
    73.016
    79.545
    44.672
   -56.196
    14.063
   -18.190
   -32.062
    95.938
     5.975
   -32.752
    88.783
    52.192
   -46.131
  -144.062
    45.514
   -18.868
  -319.001
   117.361
    76.650
    45.236
   -13.031
    12.619
   -45.135
  -303.562
    -4.833
   -25.428
    -4.833
   -25.428
   -48.268
    -4.833
   -48.268
   -46.874
    -5.316
   -50.849
   -11.200
     3.178
   -23.971
   -20.609
   -11.617
   -20.996
   -67.610
   -92.302
    -2.021
   -78.829
   -87.630
    30.078
    73.096
   -24.773
    35.289
   116.069
    31.009
   142.084
     2.529
   -41.452
   -51.765
    -7.614
    49.539
    80.416
    78.075
    55.482
    27.708
     4.025
   -12.167
   -20.968
   -23.910
   -22.783
   -19.136
   -14.134
    -8.584
    -3.004
     2.300
     7.160
    83.370
     6.331
  -107.006
   -23.527
  -183.480
  -176.914
    82.785
   -11.324
    61.135
    24.092
    27.976
    84.305
    22.587
    29.267
   -50.855
     0.991
   -19.600
   107.423
   -55.194
   -54.698
   -10.000
   -11.696
  -165.246
   -23.363
   -58.063
  -135.129
   -55.694
   137.451
   -30.571
    70.485
  -138.423
    49.601
    25.482
  -420.124
  -135.420
   -89.632
  -138.070
    64.601
    55.431
  -222.150
    76.379
   -12.048
    44.536
   152.005
  -167.944
  -165.566
   128.012
   -22.871
  -201.242
   151.075
    52.768
   -32.781
  -246.418
   260.041
  -129.194
  -244.482
    91.777
   149.223
    72.441
     6.715
  -184.942
    66.826
  -183.445
   -48.516
    99.660
   -75.073
   290.039
  -186.448
  -219.374
   489.131
    64.073
    81.214
    81.783
  -113.315
  -162.236
   303.966
  -211.523
     8.927
  -104.125
   108.886
    -5.196
  -187.121
    26.773
  -114.510
    -7.328
   -24.700
   -16.550
   -27.396
   -47.855
   -20.336
   -43.234
  -130.251
   -78.134
    12.153
    79.290
   -43.595
    53.472
    19.665
   -40.551
  -103.461
    -2.057
    -7.189
  -231.153
     0.111
    -3.554
   137.115
   -22.561
    -6.052
   -88.732
  -136.535
   -48.496
  -105.378
   -39.278
    87.145
   245.069
   184.646
   195.516
    27.610
  -278.791
    85.787
  -111.049
    -6.523
  -163.013
    91.180
    33.709
    75.807
    35.999
    13.220
    78.290
   -97.392
    35.593
   282.103
  -139.881
    -5.099
    64.451
   -32.499
    50.110
    -3.284
   -37.856
     1.448
   239.636
   181.665
   116.172
    62.188
   143.025
  -139.146
  -163.899
   -22.462
    -8.704
   -26.334
    44.237
    37.304
    -3.563
   263.651
   -35.736
   123.323
  -307.244
  -366.234
   269.087
    89.084
   209.454
   -94.855
   -27.286
   184.327
   214.638
  -162.318
   -87.787
  -159.430
  -158.408
    11.038
    29.572
    33.030
   154.922
    26.233
  -155.224
   129.645
    75.986
    72.497
  -113.421
  -104.386
   108.656
   -67.434
   -30.985
  -123.506
   -28.293
  -188.233
   -83.998
    24.484
  -141.273
     2.529
   -41.452
     2.529
   -41.452
   -51.765
     2.529
   -51.765
   -77.698
   -27.929
   -24.424
    68.316
    63.281
    98.241
   372.536
    75.591
   144.806
    34.086
    84.763
   111.852
  -110.877
  -168.723
   -62.463
    -4.639
   -42.776
    82.141
    -2.279
    66.164
   161.453
     5.167
     8.276
     6.055
     4.409
     3.249
     2.433
     1.858
     1.452
     1.164
     0.958
     0.812
     0.708
     0.634
     0.581
     0.543
     0.516
     0.497
     0.483
     0.473
     0.466
   -12.958
    16.445
    -1.405
     8.220
    16.308
    -1.030
     8.317
   -24.184
     8.763
   -40.612
    10.125
     6.802
    45.476
     9.184
   -43.006
    -1.852
    27.367
    21.735
    -1.030
    26.025
    20.830
    -7.529
     9.875
   -26.262
    11.376
     7.549
   -55.359
    10.871
     4.718
    14.765
    -6.211
    14.619
    14.750
   -12.939
    14.720
   -10.782
     0.753
   -11.794
     0.386
     0.701
   -17.106
     0.448
   117.906
    12.054
   107.216
     9.504
    11.245
    69.830
     8.276
   -90.394
    10.062
  -160.124
     5.950
    11.412
  -248.534
     8.248
    66.267
    10.997
   -66.651
     4.441
     8.500
   -76.682
    11.725
  -232.192
     0.200
  -270.664
    -2.655
     0.738
   -68.161
     0.520
  -172.160
     0.451
  -108.162
    -0.554
     0.699
   -53.943
     0.565
  -201.029
     0.246
  -192.378
    -2.075
     0.714
    65.599
     0.641
   -16.874
     7.969
   -29.152
     7.788
     6.006
   -59.927
     6.063
    15.307
     6.709
     8.301
    20.161
     4.703
    -0.392
    11.495
   -11.548
    12.879
    11.598
    15.039
    10.800
    25.185
    14.940
   -35.366
     3.297
    10.314
     1.678
     2.406
    13.987
     0.716
     6.963
     6.858
    -7.313
     5.609
     4.844
   -16.766
     3.165
     7.836
    15.619
     2.178
    14.902
    15.289
  -112.023
    14.822
  -229.126
     5.772
   -18.268
   127.841
    10.711
     3.288
   276.889
    -7.384
     7.275
   -98.127
     5.752
     5.435
    -6.374
     4.558
   -67.903
     9.155
  -115.280
  -179.513
    11.479
  -120.615
   -86.950
    16.700
     6.551
    20.503
     5.460
     4.476
    17.571
     2.979
     5.363
     8.315
     5.201
     8.353
     6.088
     4.876
     6.155
  -177.354
     6.079
  -295.425
   -14.686
     8.222
  -176.647
     5.949
  -378.776
    12.238
  -123.098
     0.340
    16.108
    41.826
    27.423
    -4.507
     7.173
    33.943
     7.063
     4.922
    30.490
     4.710
    46.947
     8.499
   137.701
     9.927
     5.840
   346.844
     7.716
    -4.129
     8.099
   -13.419
     7.954
     5.999
   -20.894
     5.920
     5.167
     8.276
     5.167
     8.276
     6.055
     5.167
     6.055
    -7.227
     7.658
   -11.749
     7.140
     5.674
   -12.010
     5.036
    69.347
     9.062
   108.167
    11.149
     6.030
    -6.528
     8.528
     9.164
     8.817
    11.894
     9.481
     6.337
    25.355
     7.296
   -99.073
     0.676
   -15.647
     9.319
    39.439
    54.835
    58.232
    55.483
    50.464
    45.146
    40.362
    36.374
    33.181
    30.686
    28.760
    27.286
    26.161
    25.304
    24.650
    24.150
  -161.811
     1.607
    10.812
   170.451
   -90.275
   275.900
    46.756
    84.710
   168.245
     2.788
     8.000
   155.079
     2.297
     6.979
  -179.918
   -83.376
   111.535
    67.654
   -56.754
   169.607
  -180.426
    -0.065
    23.753
    29.844
    28.968
    28.192
    29.790
    28.684
   -80.913
   114.793
   -91.601
   147.449
    61.302
   -58.913
    64.113
    -2.367
   -86.363
   126.571
    13.939
   104.529
    69.487
   107.522
    52.775
    83.487
    55.608
   112.950
   -82.471
   114.465
   -74.793
  -335.747
  -278.613
    10.857
   130.983
   -55.984
   178.453
   286.666
   -85.714
   162.437
   -26.727
   -26.145
   169.041
    12.571
  -105.872
   144.574
   105.037
   -20.454
   104.008
   -48.212
  -192.388
   -13.713
   213.057
    14.916
   329.532
   130.590
  -117.018
   262.185
   -38.881
   220.396
     6.092
   213.252
   -76.587
   -91.593
    58.972
  -541.849
  -106.568
   -97.830
  -158.851
   -77.665
  -107.882
     0.271
   357.060
  -240.297
  -145.042
   -29.095
  -183.843
   -88.565
   150.631
  -193.848
    72.947
    17.678
    63.060
    28.156
   -74.306
    53.057
   -41.926
  -103.488
     9.284
  -130.988
    74.550
   -64.632
  -254.446
    37.005
    -3.647
   -18.419
    12.844
    10.693
   -67.421
     8.910
     7.921
   112.909
   105.085
    62.889
   133.031
    30.665
    51.141
    93.380
   370.103
    64.609
   141.846
    32.725
   -66.972
  -223.887
   -68.824
  -151.087
   -97.444
   117.829
   133.148
   -95.791
   207.673
   -93.917
    75.828
    74.928
    82.481
   120.724
    49.536
    13.818
   -93.911
    35.614
     0.338
   -36.908
   -68.028
   -28.904
   -38.509
   -58.692
    36.957
    70.044
    42.440
    39.970
    12.270
   -46.127
   -27.539
   -10.845
    36.840
    43.641
    51.614
   -14.654
    68.035
   -33.620
    15.186
  -106.683
    96.239
   -38.153
  -146.372
   365.328
   122.172
    76.859
   -32.252
   242.493
   -11.088
  -188.678
   481.558
  -230.568
  -262.524
   107.336
   -20.006
   201.465
    30.490
   -78.208
  -137.743
    26.905
   162.897
  -272.549
    74.570
    44.162
  -236.011
   264.433
   -66.373
     7.697
   -86.930
   -11.991
    -0.888
  -140.376
   -13.976
   -99.073
     0.676
   -99.073
     0.676
   -15.647
   -99.073
   -15.647
   -60.178
    47.876
   -19.755
    62.401
     1.193
   -16.332
   -48.338
   301.628
    61.525
   219.135
    33.417
   -27.422
   -72.791
  -369.562
   -64.816
   -53.053
    11.268
   -90.515
   -54.856
   184.620
  -116.111
   -30.176
     7.257
    65.982
   114.785
   147.519
   163.696
   165.143
   154.609
   134.971
   108.833
    78.379
    45.356
    11.114
   -23.333
   -57.241
   -90.082
  -121.493
  -151.243
  -179.196
  -205.292
   102.166
    41.536
   187.206
   199.217
   -34.715
    -9.732
   -85.331
   -92.746
   -10.752
   -95.511
    20.723
   102.259
   -27.589
   327.786
     9.873
   -12.792
    -5.425
    -1.810
   -66.213
    -5.660
     0.025
  -120.848
  -148.045
   -48.676
   -46.240
  -130.570
   135.166
   364.465
   -90.229
   -39.559
    23.621
    26.726
    61.799
    22.248
    28.898
  -165.305
   -72.503
  -206.984
   -99.630
    43.126
  -246.892
    12.443
  -102.391
  -188.385
    18.778
   -37.343
  -231.315
   157.579
   104.473
    33.671
   203.386
   -74.219
   -67.164
   434.717
  -350.553
  -459.413
    34.843
    71.723
    72.994
    15.552
   132.648
    32.271
  -153.747
    46.992
   -54.079
    97.825
    24.061
  -226.039
   214.759
    83.166
   -33.659
   -33.841
   -25.097
     9.645
   -49.760
    47.848
    96.605
  -313.016
  -191.972
  -113.817
   -74.542
   -61.125
    21.803
   132.815
  -281.143
   -77.415
   -48.166
   103.379
   108.641
    27.254
   289.315
   -53.795
    79.468
   -67.683
   -39.932
   216.428
    93.965
    76.545
    78.400
    79.479
    90.929
   -36.145
    49.986
   -88.642
  -570.235
    16.966
    33.587
     5.438
    24.742
    45.847
    -6.098
    21.287
  -203.941
  -131.862
    54.353
   138.161
   -71.375
   202.967
   354.201
   -74.095
     9.937
    12.760
    16.028
    87.339
    12.238
    13.584
    32.376
    66.173
  -226.039
  -197.241
   113.339
  -341.247
  -229.101
   216.825
   233.672
   176.801
   136.988
   198.450
   -54.717
  -248.756
  -191.443
   -28.907
   -54.806
    27.133
   193.040
   -64.713
    16.204
    41.774
    16.762
   -61.790
  -151.313
   -32.269
    85.270
     0.848
   101.258
    83.061
    67.263
    38.296
    33.837
    59.643
   -23.902
   105.251
    53.605
    88.446
    42.504
    61.749
     3.385
   -10.716
   -54.449
    11.469
   -70.889
    27.480
   102.076
   -74.377
   213.034
    40.443
   153.272
   -31.836
    34.621
   259.739
   111.030
   214.086
   -74.096
  -187.801
   264.469
   315.123
  -301.332
   188.462
   232.807
    31.708
     4.262
    68.397
    83.739
   -40.634
    12.315
    61.093
  -223.267
  -259.824
  -155.559
   -74.606
  -132.253
    44.187
   380.608
    95.357
    94.147
   113.490
   130.339
   101.066
   111.664
   109.245
   -30.176
     7.257
   -30.176
     7.257
    65.982
   -30.176
    65.982
   -65.395
   -86.863
    14.324
  -109.542
   -89.538
   156.421
  -275.405
  -162.154
  -180.234
   -81.010
   -53.774
  -127.702
   -37.256
    94.986
   -35.442
  -112.237
    57.940
   -66.981
  -134.979
   261.151
    -5.537
   -19.889
    -4.904
   -15.749
    24.609
   -15.372
    -4.768
    28.116
   -49.429
    65.787
   -75.892
    79.451
   -76.753
    68.409
   -55.188
    37.924
   -17.455
    -5.421
    29.966
   -55.524
    81.523
   -79.615
   -29.938
   -30.649
   101.336
    64.701
   -15.606
   -95.835
  -115.514
    16.978
   -66.570
   -10.954
    15.751
    -2.331
    48.110
    18.968
   -14.216
    64.461
   -30.815
   -29.523
   108.590
   -39.798
   -54.837
    27.561
    16.695
   -74.524
   -41.790
     1.410
    74.867
   -89.794
    88.685
  -106.147
    91.514
   -97.140
   -33.498
    53.656
   -73.524
     1.586
   -40.787
   -12.036
    25.039
   -19.495
    76.273
   -12.121
     7.763
   103.881
   -72.444
   -47.916
   241.757
    82.055
    69.770
   -97.167
    18.085
     4.181
     1.723
    26.267
  -172.715
    26.366
    26.682
    93.932
   -41.638
   -95.163
    20.816
   -63.713
   -87.145
    79.020
  -104.551
    62.873
   -31.086
    17.346
   170.361
    68.337
   -65.611
    25.534
   -54.135
    15.256
  -105.275
   -45.072
   -96.179
    23.089
    61.687
   -59.321
    32.330
    15.107
  -107.777
    63.596
   -73.240
    -4.135
    60.223
    87.352
    59.130
   -11.399
   -29.946
     8.912
   -25.899
    35.032
     8.990
     7.201
   -19.570
    33.989
    15.581
     3.363
    68.705
   -55.160
    75.944
    23.335
    16.482
   -61.717
   -40.023
    42.850
    51.343
    -7.564
  -180.750
   -48.722
    49.988
   -51.436
    51.794
   -50.787
   -51.376
   -51.799
   -25.674
   -95.780
  -112.004
    23.843
    75.701
    45.803
   -16.606
   152.455
  -166.743
   108.356
  -116.985
    97.616
    -3.401
  -250.528
   -63.496
     9.656
  -115.954
    52.152
     1.176
  -153.033
   -55.212
  -118.205
    36.257
    66.105
   -40.636
   -49.814
    39.350
   -10.309
    62.966
     5.634
    15.690
    29.016
   -62.049
    -2.038
   -74.132
   184.273
   -62.854
    23.407
    30.608
   -55.963
   -52.567
   -92.723
   101.535
   -80.999
    42.676
   -14.456
   -45.717
    41.900
  -117.322
    68.349
   -17.661
   117.617
    10.999
   -48.846
   131.665
  -219.241
     4.431
   -38.633
    42.998
   -83.792
    26.756
    97.107
   138.830
   -44.242
    -4.030
  -191.029
    27.096
    10.976
   -88.140
   144.896
    -5.398
   -24.852
   -24.209
    71.106
   106.793
  -100.520
   -85.930
   -36.803
   -29.220
   107.908
     9.362
    31.826
    68.603
  -198.279
    77.380
   -83.458
    -2.511
   -50.343
    91.318
  -105.434
    76.057
   -67.542
    43.406
   -75.788
    64.558
   -63.901
   -61.874
  -115.820
   -19.889
    -4.904
   -19.889
    -4.904
   -15.749
   -19.889
   -15.749
   -14.340
   -21.548
    16.347
   -57.409
    -0.224
    62.535
    65.626
  -122.593
    44.464
  -105.267
   -15.154
    11.553
   -89.263
   170.284
    83.848
   -29.757
    71.332
    54.943
   -28.481
   -20.366
  -293.291
     4.305
   -15.172
    12.087
     0.238
    -9.857
    15.846
   -19.281
    21.184
   -22.224
    22.790
   -23.101
    23.272
   -23.367
    23.421
   -23.452
    23.469
   -23.479
    23.485
   -23.489
    23.491
    37.369
   -24.023
    24.342
    -1.295
     1.476
    50.015
   -21.594
   -36.812
     1.357
   -29.220
   152.498
     5.635
   -15.952
  -120.811
    28.611
    -7.790
    83.156
    -9.718
    -6.773
    87.698
   -23.257
    -6.848
   -17.006
     5.020
   -20.671
    23.241
    27.973
    24.959
   183.277
   -57.562
    28.102
   -25.500
     7.923
     2.548
   -17.903
    18.009
   -20.189
    31.462
   -13.857
    18.790
    16.498
    -7.651
    82.463
   -78.327
   -12.036
   -80.569
    62.109
   -18.263
    58.930
    -7.522
    -0.649
     9.841
    -2.182
     1.863
    55.081
     1.558
   -20.759
   -29.238
   -84.254
     8.568
    33.428
   -43.195
    21.432
   -21.375
    10.057
   -19.581
     7.501
    -0.033
    24.760
    30.921
   118.964
   -34.841
    58.414
    -9.057
    -1.128
   -81.021
   -32.318
   -28.128
    30.347
    -4.560
    18.496
   -13.136
    65.418
    62.019
  -116.693
    83.174
    11.205
     9.590
    -5.027
    90.605
    81.494
    62.884
   -21.877
   -42.661
    32.615
     6.193
   -41.531
   -23.111
    63.616
   -18.357
   -66.044
    64.669
     5.053
   -59.762
   -57.958
    53.910
   -20.892
   -25.893
    19.845
     5.773
   -31.782
   -17.124
  -110.276
    44.791
   -62.979
    32.654
    -8.715
    98.159
    24.524
     8.339
   -47.979
   -54.875
    -9.105
    25.335
   -40.845
    -8.034
    -4.319
   -42.084
   -63.816
    -3.739
    32.757
    66.017
    52.093
   -39.965
    13.183
    -1.334
    11.101
     0.557
     5.611
    -6.437
   -65.416
    18.024
   -80.719
    27.244
    -1.653
   -85.792
    -9.194
  -329.126
   149.490
   -24.315
     4.958
   -57.460
   277.045
    73.201
    33.540
   -30.553
   -11.034
    -4.711
    30.823
   -96.281
   -65.058
     2.854
   -12.957
     2.717
    -5.224
    22.654
   -55.647
   -49.258
    26.149
   -17.439
   -10.982
    20.284
    20.883
   -11.156
   -20.770
   -30.131
    10.099
   -21.534
     9.604
    -2.063
   -26.261
    -5.974
   -24.255
    -0.071
   -43.783
    10.977
     7.112
   -51.290
     1.913
   107.517
   -26.529
     7.896
    45.692
    -6.987
   106.262
    50.112
   156.394
   -90.531
    50.238
   -38.107
    31.198
   -97.321
   -91.628
   -73.692
    18.342
    71.583
   -68.275
     5.788
    51.383
    42.959
   -71.635
    53.961
   -23.536
     1.297
   -29.163
   -36.343
    38.551
    -5.585
   -13.664
    28.754
   -34.016
    11.235
    84.941
    30.026
     4.305
   -15.172
     4.305
   -15.172
    12.087
     4.305
    12.087
   -15.548
    -7.716
   -18.730
    -8.577
     8.842
   -11.210
    11.056
    -0.267
     2.059
    27.652
    -0.788
     9.134
   -21.398
     2.660
    26.975
   -22.505
    48.373
   -26.377
    12.720
    68.141
     9.829
   -24.324
   -43.636
   -22.302
    80.003
  -113.712
   126.776
  -123.319
   106.963
   -82.373
    55.248
   -30.302
     9.843
     5.840
   -17.426
    25.824
   -31.855
    36.168
   -39.247
    41.444
   -43.011
   146.763
  -122.654
   126.787
   -39.038
    -5.411
   -58.994
  -361.985
    58.309
  -101.256
    34.159
   -47.151
    78.672
   -21.149
   -17.599
    39.460
   -70.594
    -8.011
  -128.572
     4.296
   -15.337
    68.608
   -12.773
     0.533
    39.620
    19.620
  -118.493
   134.031
  -180.947
   -27.752
   -60.161
   -18.390
   -73.130
    22.001
   -11.661
    66.379
   110.598
   -32.502
    37.471
    83.860
  -122.477
     2.471
   262.246
   127.684
  -160.854
    47.234
   -46.902
   112.231
    17.227
   -21.245
  -146.982
    -9.914
  -420.957
   750.583
   106.208
   -15.191
   697.628
   -47.694
    21.454
   -34.449
    63.141
  -112.022
   -41.166
  -292.190
  -105.997
    16.395
   -20.654
  -124.748
   -22.490
   -69.974
   118.541
    -2.342
  -115.660
   -43.309
    26.348
    64.620
  -164.961
  -320.950
   -85.723
     8.670
    18.387
  -115.733
   -28.038
   -91.560
    12.663
    64.714
    20.411
    66.713
    24.182
   -80.934
     4.971
  -112.467
    99.306
   -56.685
    76.793
    64.345
    -9.271
   -96.386
  -306.433
   -33.684
  -221.087
   -26.827
  -222.403
   131.589
  -292.687
    33.817
  -141.750
  -111.961
  -107.481
   -70.085
    69.798
  -139.523
   -21.688
   -65.161
   -85.066
   -31.679
  -159.244
   -47.718
  -305.161
    31.171
   -68.985
    -9.603
   -57.161
   -15.511
   -66.987
   191.101
   179.148
   -10.502
    -5.401
    22.806
   -36.419
     6.900
    22.215
    39.174
    27.552
   -58.274
   120.280
   -89.500
   -17.573
    71.905
  -154.984
    51.552
  -235.381
  -134.310
   -89.049
   213.649
   -49.974
  -126.355
    89.977
  -231.407
   -60.508
   -92.470
   196.102
  -269.570
  -147.370
   -40.294
    24.461
  -179.665
   198.352
   -74.806
    68.066
    29.813
  -101.110
  -152.447
  -362.897
   176.922
   228.940
     9.243
   179.646
  -113.168
   119.706
   127.705
  -149.803
  -170.188
    97.927
   133.220
   123.014
    32.229
   117.607
    33.728
  -121.259
   116.511
  -116.255
   126.711
  -319.975
  -117.684
  -157.733
   330.265
  -390.959
    49.353
   -65.184
     0.528
  -104.927
    43.451
   -67.878
  -143.128
  -152.587
   101.608
    88.636
   193.809
    63.157
  -161.190
   245.063
   -84.609
   -25.197
    80.001
    24.504
    19.715
  -176.613
   160.525
    41.632
    -0.636
   -48.508
    -9.170
    31.720
    19.959
   112.051
    47.341
   329.184
  -156.177
  -112.075
   278.842
   -16.548
   176.426
    -8.687
   -58.030
   -24.994
   -55.019
   -43.307
   -24.631
   -26.293
    81.996
   -24.324
   -43.636
   -24.324
   -43.636
   -22.302
   -24.324
   -22.302
   -98.037
    17.214
   -66.918
   -23.919
   -62.174
    65.148
   168.950
   144.201
  -128.718
    37.397
   -36.903
    23.831
  -161.108
   -30.655
   -97.147
    66.755
   -40.701
    36.113
  -142.541
   130.024
    44.227
    24.308
   -46.926
   -27.924
    23.626
    63.089
    81.399
    83.016
    74.439
    60.784
    45.382
    30.172
    16.171
     3.825
    -6.751
   -15.617
   -22.926
   -28.860
   -33.611
   -37.356
   -40.258
   -47.155
   -25.918
   -34.032
   -49.414
    34.226
   -17.101
     8.828
   -35.416
   -65.073
    31.478
    -3.183
  -136.109
   185.490
    46.354
    24.041
   154.696
   -33.970
   -92.176
   175.005
   -65.260
  -216.388
    35.785
    70.614
     5.667
     3.812
    72.634
     3.888
     1.680
   -13.383
   -54.142
     0.045
     1.056
     5.754
    41.677
   -12.516
    -0.022
    15.960
     8.697
    57.589
   -72.293
    11.840
   -74.474
   -69.453
   -70.924
    -1.419
     3.686
   -64.819
    -0.935
     5.786
   -47.548
   -35.545
    86.219
   114.256
  -151.910
   118.797
   -24.555
    43.063
   109.199
    18.938
   -93.000
  -143.968
    28.651
    17.094
    67.994
    20.734
    25.895
   -13.558
   -66.509
   -62.153
  -202.859
    77.219
   -30.610
   135.791
   157.823
     5.045
  -276.434
  -175.334
    34.920
   -93.208
   132.137
    65.742
    93.359
   -97.067
     4.031
   -38.774
   -27.373
   -15.708
   -27.418
   -28.717
    39.765
    15.690
   -92.180
   -31.406
  -124.886
   -14.020
   -19.464
   211.213
   163.767
    56.671
    94.199
  -158.756
   -54.766
  -198.350
    61.158
   108.932
    -1.306
   -33.516
   331.345
   208.811
  -426.703
   253.331
   134.426
  -130.312
   -38.249
     2.348
    46.784
  -308.536
    -5.384
   -17.733
   220.119
   268.560
    29.896
   -83.913
   -17.248
  -100.071
  -177.186
   -52.791
   -33.006
   -75.214
   -74.574
    49.865
  -118.339
    26.067
    -3.594
    11.419
   -14.877
    -0.222
    24.193
   -18.220
     5.875
    88.789
    22.749
    62.604
    -2.725
  -173.998
   123.203
    -8.793
   -78.500
  -181.023
    16.884
    29.280
  -161.131
    12.552
    36.503
    41.143
   -58.390
   -17.201
    10.228
   -53.307
   -13.121
   154.514
  -114.645
   -47.535
    32.193
     9.472
    -0.613
    66.626
   -46.287
   -52.881
    23.118
    88.364
    70.178
   -61.886
    31.361
     1.167
  -113.211
    -0.526
   -30.958
   -40.512
    50.374
    51.922
     4.964
    81.239
    12.726
    20.786
   -11.830
   -88.522
    13.077
  -103.200
   -46.983
  -111.704
     2.845
   -21.530
   -89.966
   103.759
   117.413
    21.491
    14.037
    62.333
    47.975
   -20.200
   120.059
    73.356
   105.799
   138.739
   -15.658
    12.501
   -94.817
    76.904
  -231.337
    -7.428
   117.331
    46.776
    71.462
  -206.199
   157.861
  -168.119
   148.350
   285.508
    52.820
    11.417
    94.486
    -1.844
  -230.034
    91.015
    57.910
    -4.716
   -30.112
    12.596
  -153.959
  -197.745
    65.392
    48.344
    91.559
    81.659
   -14.528
    96.468
    33.338
    -4.865
    -8.235
    -4.865
    -8.235
   -48.411
    -4.865
   -48.411
   -19.894
    -5.639
   -70.716
   -53.260
   -60.387
  -128.850
  -197.580
     5.044
    26.229
   -49.205
   -64.936
    80.831
   -24.534
    16.322
    11.391
    45.069
   -30.811
     7.104
   133.980
   -56.024
    -6.974
    12.084
   -10.532
    -8.219
    -5.346
   -27.462
     2.702
   -32.024
     8.947
   -31.759
    12.874
   -30.503
    15.209
   -29.344
    16.563
   -28.480
    17.330
   -27.879
    17.754
   -27.470
    17.980
  -299.039
    47.942
   141.703
   -18.246
     8.994
     4.798
   -64.603
     2.089
    -3.853
    -3.028
     3.795
    -3.849
     3.231
    -3.847
     7.263
   -14.030
    17.468
   -21.450
    -4.253
    23.979
     3.589
   -21.661
   -15.653
    20.245
   -15.936
   -15.872
    55.884
    25.699
     3.772
    -2.962
     4.650
    -7.856
     2.078
     3.441
    23.468
   -40.779
    29.311
   -35.626
    45.574
   -25.714
   -22.641
   -24.213
    25.521
    -0.228
    52.828
    -7.593
     3.982
    84.106
    26.352
   -97.567
    -2.927
   -51.276
   -26.983
   -44.671
   -20.118
   -53.989
   -19.659
     9.338
    -2.331
    31.901
    -7.237
    30.059
    25.025
     6.067
   -48.787
    91.177
   -26.689
    17.262
    88.187
    53.484
   -15.967
    -8.143
   -34.233
   -20.489
   -10.512
   -57.153
   -10.258
    33.050
    13.318
   -28.984
    32.749
   -27.257
   -65.076
   -37.870
   -26.912
   -49.068
   -20.952
   -21.756
    19.343
     7.358
    76.519
   -11.704
     0.688
    -9.046
     8.652
    33.952
   -12.621
    52.889
   -78.099
    -8.563
   -39.255
   -16.285
   -44.595
   -28.517
   -27.598
   127.494
     3.227
    28.650
    11.576
    30.785
   -25.749
     5.916
   -55.581
   -18.972
    11.829
   -44.768
    18.441
    66.974
   -58.263
   -35.221
   -23.698
    22.963
   -44.307
    29.178
    71.338
    38.211
   -64.212
   -10.872
   -27.377
   -30.371
    -0.844
     5.800
   -94.849
    58.919
   -21.972
    28.771
   -26.298
    19.854
   -61.143
    57.030
   -18.926
     7.132
    23.702
   -12.499
     3.038
    20.097
   -30.765
   -36.416
   -19.942
    40.802
   -27.110
     9.900
   102.532
    50.731
    14.317
   -16.804
   -24.878
    11.848
    10.963
   -20.155
    48.997
    22.004
     1.457
    25.175
    11.316
     4.040
    26.789
    20.550
   -16.006
    -3.184
   -32.252
     8.438
    -4.761
   -30.782
   -18.246
    28.316
   -13.837
    12.794
    -2.424
    10.300
     9.022
     4.593
   -15.142
     9.465
  -133.224
    73.348
   -30.132
  -117.232
  -101.599
    -5.692
   -20.234
    26.534
     1.587
   -48.237
    26.853
   -14.228
    29.464
    -3.376
    35.430
     3.642
     4.616
    31.180
    12.855
    -3.200
     9.596
   -12.483
     9.773
    -8.790
   -23.978
   -17.506
    32.373
   -36.664
    27.410
    35.848
    50.660
     6.359
   -54.106
     1.015
   -59.083
    47.659
   -30.571
    44.166
   100.308
    36.660
    16.358
    21.679
    23.380
    -9.866
    29.559
    14.291
   -13.349
    22.571
     1.423
   -32.793
    13.517
    -9.686
   -54.168
   -32.648
    -6.753
    -0.528
   -19.539
    -7.546
     0.375
   -31.019
    13.423
     3.792
     9.405
     3.792
     9.405
    -5.279
     3.792
    -5.279
    -0.367
    19.430
   -13.432
    37.563
     5.300
   -31.094
    20.116
    -6.721
   -15.115
    14.929
    19.050
   -24.200
    -0.335
    -0.534
    -5.471
    -8.288
   -30.317
     1.984
    -0.553
   -58.769
    13.319
   -77.173
  -195.882
  -154.324
   -91.408
   -37.361
     0.988
    25.090
    38.590
    44.966
    46.873
    46.145
    43.976
    41.110
    37.994
    34.881
    31.906
    29.132
    26.580
    24.248
    22.121
  -131.208
    19.697
     2.364
  -153.835
   -15.737
   -45.953
    77.803
  -118.281
    20.291
    90.581
     7.241
    48.870
   -37.228
     7.539
   -95.726
    30.795
   110.390
   -15.313
   125.073
  -105.069
   110.897
   122.721
   -81.598
   200.788
   -88.451
  -120.496
   234.669
  -232.001
   189.110
   176.900
   -62.034
   -90.807
   122.526
   -55.384
  -106.955
     4.740
   -39.168
    12.116
    14.245
   -84.802
     9.851
    14.932
    20.965
   -89.259
    38.481
   -45.140
   -32.244
   -50.539
  -101.321
     6.723
    35.218
     8.072
    83.627
    92.691
    36.962
   197.177
   135.027
   156.953
   -18.872
   -19.225
   164.926
   -19.850
   -19.892
   147.506
   -26.741
   207.253
   -58.771
  -177.778
   299.508
  -342.936
   -75.936
   -62.837
    17.772
    15.854
   -57.859
    16.684
    14.122
  -100.448
  -157.511
   -36.058
  -151.104
  -124.102
   114.862
  -215.552
   -98.436
   -82.544
  -138.748
   -36.132
    49.469
   -66.427
   268.706
   142.193
  -157.790
   115.510
  -148.397
  -255.118
    68.132
  -206.470
     4.532
   -19.714
    42.323
    -5.779
   -22.441
    62.331
   -30.565
   166.699
   -26.472
   175.144
   123.259
  -145.275
     0.213
  -198.862
  -310.781
   -80.843
   -95.068
   175.228
    33.790
   -42.432
   230.490
   -47.815
    12.186
  -224.135
  -325.069
    82.313
    53.894
   -85.095
   -11.183
   159.575
   -49.562
    58.267
   301.912
    -4.000
   214.496
   154.092
    41.590
   -58.824
  -301.824
   -31.880
   484.577
   111.217
   252.142
    62.499
   391.088
    84.727
    -6.956
   318.612
  -336.808
    28.299
    37.936
     8.624
    19.398
    41.347
    -1.443
    12.253
    49.848
  -241.802
   433.124
    17.247
  -380.186
   390.811
  -417.960
   -71.521
   -67.817
    17.203
    16.529
   -39.904
    12.262
    11.495
  -162.364
  -309.645
    97.562
   -34.034
  -312.454
   294.175
   150.730
     1.238
   116.260
   -91.868
    10.388
   209.616
  -146.660
   -56.288
   116.430
   104.745
   -65.106
  -124.086
    96.509
     9.704
   -58.217
     7.038
   -29.067
   113.370
   134.290
   -57.239
    37.639
    93.141
  -157.688
   -66.796
  -110.166
     3.956
   140.763
  -110.605
   225.121
   -12.160
  -157.215
    85.525
   -76.488
  -160.097
   128.740
  -112.131
     9.788
   -21.474
   -10.177
   -54.633
    41.230
   -40.445
   -52.187
    98.482
    98.078
   -33.521
   -42.140
   139.581
   -16.581
  -105.741
  -216.895
    78.734
  -168.799
    27.068
   312.976
   -98.899
   220.199
   145.653
    95.284
    47.426
   -98.909
   107.348
    -5.014
  -208.435
  -169.939
     9.808
  -130.212
   -67.890
   244.748
   137.410
   128.399
   -16.929
   -20.403
   -52.047
   -43.213
    51.782
   -27.246
    33.985
    13.753
    -7.975
    13.753
    -7.975
    56.591
    13.753
    56.591
   -55.743
    -9.981
   -67.839
    27.063
    67.330
   -42.891
   142.974
   108.653
    64.176
     5.817
   -57.885
   150.367
    -2.541
   -78.144
    94.229
   129.626
   -85.978
   104.143
   247.987
  -306.570
   222.164
    -3.965
   -10.532
    -8.224
    -5.346
    -1.300
     2.702
     6.149
     8.947
    11.156
    12.874
    14.197
    15.209
    15.980
    16.563
    17.001
    17.330
    17.574
    17.754
    17.885
    17.980
   -10.869
   -38.473
   -32.558
   -85.886
   -20.273
   -35.258
   -81.143
    18.715
    14.979
     1.340
     9.376
    15.109
    -7.067
   -14.363
    78.785
    47.942
   -55.896
   -18.246
    18.597
    68.011
   -38.372
    10.598
    -3.853
    -9.442
     3.795
    -3.905
     8.373
    -3.847
   -43.887
   -14.030
   -51.284
   -21.450
     0.314
   -46.080
     0.714
   -34.250
   -15.653
   -39.059
   -15.936
    -8.439
   -20.707
     3.864
   -17.661
    -2.962
     4.257
    -7.856
     3.574
     3.440
     6.519
     9.219
    29.311
    15.847
    45.574
    19.547
    13.067
    28.346
   -13.745
    -0.228
   -20.740
    -7.593
     1.855
   -26.257
    -6.687
   -24.387
    -2.927
   -30.730
   -26.983
    -7.642
   -19.968
   -56.712
    11.865
     9.338
    59.914
    31.901
     3.397
   100.535
    25.834
   -75.361
   -48.787
   -69.565
   -26.689
   -23.872
   -61.648
     2.227
   -33.584
    -8.143
   -50.526
   -20.489
    -1.464
   -60.364
   -14.473
   -85.890
    13.318
   -33.695
    32.749
    18.326
   -13.299
    24.737
   140.356
   -49.068
   170.819
   -21.756
   -48.621
   144.467
   -10.988
   -22.499
     0.688
     0.222
     8.652
    10.304
     8.016
    13.855
    55.264
    -8.563
    26.432
   -16.285
   -24.014
    34.262
   -13.719
   -80.673
     3.227
   -32.811
    11.576
    16.930
   -23.900
    10.749
    65.422
   -18.972
    54.031
   -44.768
   -17.183
   103.096
   -18.670
    56.877
   -23.698
    37.656
   -44.307
   -21.310
    20.747
   -36.531
    59.493
   -10.872
    57.108
   -30.371
    -7.401
   113.294
    -0.904
   -26.731
   -21.972
   -20.403
   -26.298
   -10.546
     9.846
    -2.916
    48.273
     7.132
   -26.614
   -12.499
     0.109
   -31.895
   -28.411
   -23.231
   -19.942
   -59.895
   -27.110
    -5.750
   -92.670
    -0.048
     1.819
   -16.804
    11.664
    11.848
   -10.850
   -18.478
    29.658
     8.343
     1.457
    16.997
    11.316
     1.000
    24.966
    14.898
   -22.913
    -3.184
    -2.534
     8.438
     6.083
     7.629
    14.665
   -53.896
   -13.837
   -20.637
    -2.424
    -1.917
    -9.099
     3.126
   -35.861
     9.465
    53.172
    73.348
   -11.325
   139.478
    27.046
    18.936
   -20.234
    25.874
     1.587
   -27.277
    25.852
     1.401
    13.264
    -3.376
    33.493
     3.642
    -2.971
    50.084
     4.928
    -0.392
     9.596
     6.755
     9.773
     5.728
    14.977
     1.708
   -35.052
   -36.664
    28.504
    35.848
   -25.858
    51.627
    45.250
   -52.518
   -59.083
   -10.420
   -30.571
   -40.839
    32.670
    -7.049
    49.150
    21.679
   -13.022
    -9.866
     8.603
    -9.836
     7.895
   -65.301
     1.423
   -50.152
    13.517
    18.472
   -27.124
    37.983
    -6.672
    -0.528
    -1.456
    -7.546
    -2.854
     8.687
   -20.624
    -6.367
     9.405
    -6.367
     9.405
     7.458
    -6.367
     7.458
    22.233
    19.430
    68.091
    37.563
     6.602
   125.221
    16.817
   -34.880
   -15.115
    21.796
    19.050
     3.096
    56.779
    39.394
    12.959
    -8.288
    46.759
     1.984
    -5.741
    87.053
     8.405
# -----------------------------------------------
# 
