# -----------------------------------------------
# 
  2897.238
   152.531
  -204.945
  -102.561
   167.193
   413.975
   543.389
   533.597
   408.015
   211.175
    -8.870
  -211.010
  -365.595
  -454.920
  -471.540
  -415.755
  -293.097
  -112.213
   116.758
   383.322
   677.372
   -66.716
  -165.190
  -241.626
  -177.082
   -27.839
    96.849
   149.129
   135.290
    82.666
    18.214
   -39.529
   -80.993
  -103.317
  -107.704
   -97.323
   -75.923
   -47.055
   -13.706
    21.802
    57.783
  -373.108
  -449.373
  -258.246
   -33.365
    91.729
    80.828
   -32.668
  -182.231
  -303.074
  -355.285
  -330.590
  -245.614
  -129.222
   -10.983
    85.834
   146.709
   165.323
   141.644
    79.761
   -13.994
   -15.391
   -15.392
   -15.392
   -15.392
   -15.392
   -15.392
   -15.392
   -15.392
   -15.392
   -15.392
   -15.392
   -15.392
   -15.392
   -15.392
   -15.392
   -15.392
   -15.392
   -15.392
   -15.392
   -15.393
  -136.162
  -136.162
  -302.738
  -302.738
  -136.162
   100.607
   100.607
   519.369
   284.395
    74.882
     6.500
    34.982
   105.300
   177.661
   228.990
   249.494
   238.648
   201.677
   146.802
    83.235
    19.813
   -35.835
   -77.720
  -101.642
  -105.129
   -87.257
   -48.404
   198.576
  -271.560
   413.872
   406.810
 -1179.883
   499.199
   906.606
   265.734
    96.465
  -209.194
  -338.496
  -159.659
     4.919
  -207.412
   209.334
   -20.548
   112.455
    73.926
   -67.887
  -173.895
  -198.568
  -156.292
   -77.907
     9.410
    87.141
   144.403
   175.543
   178.059
   151.200
    95.155
    10.629
  -101.359
  -239.572
  -402.596
  -721.416
  -624.554
  -761.067
  -576.417
  -316.134
   573.913
   540.420
   -51.822
  -248.738
   -18.673
   617.271
    39.016
  -754.273
  -343.806
  -256.429
   437.265
  -411.070
   867.180
   187.203
    51.100
  -365.628
  -227.406
  -169.644
    72.645
   131.795
   121.731
   101.372
    84.883
    67.753
    44.158
    13.237
   -21.368
   -53.974
   -78.981
   -92.049
   -90.474
   -73.102
   -40.013
     7.827
    68.899
   141.383
  -227.406
  -169.644
  -227.406
  -169.644
    72.645
  -227.406
    72.645
  -131.866
  -163.883
  -119.917
  -537.424
   359.584
   235.153
   135.525
  -261.526
  -615.834
   172.242
  -639.143
    30.621
   789.509
   421.037
   359.862
   648.713
    24.000
   185.651
   718.096
  -288.233
  -925.343
  -434.275
    -7.506
   202.564
    91.303
   -11.463
    -6.545
    54.392
   112.292
   137.865
   126.882
    88.640
    37.235
   -13.447
   -52.029
   -70.349
   -63.329
   -28.491
    34.636
   125.081
   240.904
  -427.986
   343.337
  -459.453
   395.909
   187.607
   754.486
  -289.169
   170.617
   204.825
   170.617
   204.825
   -92.933
   170.617
   -92.933
  -972.296
  -314.352
  -766.537
  -100.299
  -562.029
   983.598
  -778.040
  -423.974
  -319.480
   133.777
   181.405
 -1408.852
   866.034
    70.420
  -507.570
  -339.969
   -76.928
  -439.032
   218.598
   684.495
   102.590
  -356.638
  -190.986
   143.168
   198.424
   110.977
   -15.150
  -113.881
  -162.009
  -163.367
  -132.419
   -84.741
   -33.086
    13.532
    49.482
    71.783
    79.349
    72.371
    51.835
    19.178
   -23.949
  -350.699
  -285.991
  -318.939
   224.066
  -199.681
   -77.413
   891.622
   226.493
    86.453
   101.652
     3.667
    72.742
  -496.669
  -672.046
   -66.395
  -144.033
   -66.395
  -144.033
   150.145
   -66.395
   150.145
   618.441
   417.916
   490.956
   550.434
   515.741
  -662.350
   150.223
   -12.040
   237.853
  -205.826
     2.521
   330.962
   491.656
  -690.105
  -207.686
 -1117.302
    98.227
 -1149.148
  -364.490
   202.300
  1113.132
   102.009
    34.608
   -81.391
  -166.831
  -197.417
  -177.268
  -121.571
   -48.340
    25.476
    86.124
   124.339
   135.987
   122.017
    87.655
    40.999
    -8.672
   -52.489
   -83.165
   -95.615
   -87.071
  -106.256
   -27.944
  -156.813
  -130.418
    22.295
   115.332
   264.851
   152.651
     1.623
  -121.733
  -214.289
  -201.193
  -168.687
  -469.694
   231.616
   -33.480
  -204.137
  -553.241
  -174.595
  -492.130
 -1018.408
   102.009
    34.608
   102.009
    34.608
   -81.391
   102.009
   -81.391
  -233.422
  -167.775
   -33.030
   330.638
  -121.209
   475.534
  1773.670
   148.087
   331.906
    18.524
   207.926
   526.660
  -304.883
  -356.382
    35.212
   169.705
  -297.695
  -263.806
   335.651
   -43.889
  -188.255
  -333.866
  -311.748
  -178.073
   -77.151
   -25.522
   -14.034
   -29.398
   -58.740
   -91.092
  -118.106
  -134.229
  -136.461
  -123.866
   -97.014
   -57.452
    -7.257
    51.285
   115.916
   184.549
   255.346
    99.587
   467.775
  -192.876
  -322.435
   296.005
    68.301
  -336.104
    62.672
   118.665
  -559.218
  -726.205
   195.553
  -236.079
   517.014
   920.454
   316.504
  -197.031
 -1044.647
  -260.689
   462.792
   -27.289
   813.312
   961.393
    68.352
   347.878
   917.721
  -971.454
  -967.531
   198.863
   -65.200
   198.863
   -65.200
  -460.959
   198.863
  -460.959
   239.990
   159.042
   355.002
   285.022
  -295.030
   596.707
  -547.759
   -35.861
   172.069
  -288.029
  -155.643
   503.670
  -552.591
   202.009
  -120.842
   124.125
  -255.749
   176.079
   422.363
  -295.921
   302.122
   195.446
    13.294
   -38.335
   -46.202
   -44.099
   -39.847
   -35.057
   -29.877
   -24.205
   -18.110
   -11.964
    -6.283
    -1.455
     2.396
     5.343
     7.546
     9.174
    10.372
    11.251
    11.896
   -99.243
   388.740
  -423.596
  -249.667
   395.541
  -220.062
  -186.179
   -94.862
  -464.031
   845.932
   490.040
  -443.132
   -94.920
  -384.996
 -1230.100
  -151.520
   -15.726
  1208.188
  -219.209
  -470.068
   359.727
   196.378
   476.984
  -922.213
  -743.722
   467.660
   519.655
   580.724
   105.007
  -146.413
    13.015
  -291.778
  -209.330
   -58.975
  -453.787
   116.647
   -37.419
   116.647
   -37.419
   -88.727
   116.647
   -88.727
   -50.626
  -318.389
   208.871
  -153.441
  -374.226
   711.202
   223.161
  -137.624
   -69.049
  -139.134
   170.209
  -139.591
  -254.929
   289.634
   169.713
   132.662
    57.589
   124.962
    55.044
  -200.912
  -188.666
 -1089.684
   556.649
   224.621
   241.842
   262.951
   252.294
   227.953
   199.548
   169.843
   139.266
   107.812
    75.597
    42.928
    10.231
   -22.028
   -53.412
   -83.554
  -112.165
  -139.043
  -164.063
   -35.229
  -236.447
  -118.208
  -389.613
    44.201
  -239.297
  -335.716
   122.090
  -506.531
   913.482
   -96.659
    76.200
  -492.253
  -354.298
  -228.479
   -22.503
  -388.533
   405.682
  -206.543
   718.013
  -709.778
   289.486
  -488.566
  -446.998
   824.850
  -912.007
   258.186
  -217.132
   -35.433
   288.414
  -449.252
   192.923
   456.446
   744.614
  -418.099
   199.069
  -194.253
    75.023
  -418.033
    73.904
  -240.305
  -371.109
     7.061
  -115.360
     7.061
  -115.360
   205.701
     7.061
   205.701
   352.129
   116.875
   230.492
   119.860
   214.115
  -315.266
   -18.110
    26.736
   -58.471
     2.857
  -634.218
   292.530
   702.553
   -60.923
  -579.275
   372.734
  -109.619
   239.912
  -115.641
   262.207
  -316.054
    69.712
     1.313
  -193.760
  -233.052
  -183.032
  -110.863
   -47.175
     0.005
    31.932
    52.000
    62.956
    66.298
    62.536
    51.640
    33.413
     7.726
   -25.366
   -65.591
  -112.487
  -165.437
  -358.079
   333.266
  -226.850
   510.496
   240.293
    37.164
   424.890
    42.385
    35.752
  -102.255
   -95.848
   192.426
  -243.843
    -4.183
   -32.447
  -574.628
  1080.979
   -60.532
   301.179
  -213.692
  -453.033
  -558.295
   452.536
   240.827
  1076.885
  -759.962
  -289.489
  -488.144
    -6.721
  -552.459
   652.662
  -572.599
   259.281
   101.590
   -21.067
  -720.142
   663.816
  -857.573
  -393.974
   814.467
  1431.678
  -453.944
    67.780
  -632.623
   260.322
 -1109.107
  -333.515
   772.360
  -595.060
   195.287
   192.695
   195.287
   192.695
   330.253
   195.287
   330.253
   327.992
   -69.259
   186.157
  -384.300
   211.500
  -123.988
   298.349
   334.596
  -541.500
   607.188
    93.336
  -710.309
  -678.126
   412.190
  -373.935
    47.958
  -472.459
   424.372
  -237.642
  -117.195
   542.956
   140.600
   202.222
   250.217
    71.902
   -38.848
   -55.772
   -23.685
    21.013
    60.009
    87.150
   102.403
   108.152
   107.330
   102.595
    96.059
    89.252
    83.190
    78.474
    75.388
    73.992
   -67.899
  -131.723
     6.423
   464.005
  -162.104
    27.598
  -179.961
  -472.550
  -754.436
  -319.265
 -1362.364
   438.205
   731.681
   606.404
   -34.687
   162.623
   -19.579
   154.147
  -155.226
   -75.994
   -30.761
  -613.096
  -113.587
    41.458
  -183.631
  -364.609
  1094.146
   143.591
  -620.051
   415.489
  -280.018
   803.989
  -139.378
    31.918
  -557.983
  -513.089
  -436.880
   337.042
   340.806
   226.185
   337.625
  -290.510
   -51.552
  -500.079
   559.226
   174.154
  -257.901
  -692.386
   457.747
   -15.650
   253.479
    22.664
   293.046
  -212.569
    -7.191
  -266.491
  -129.710
   122.268
  -129.710
   122.268
  -250.983
  -129.710
  -250.983
   -19.720
   407.046
  -503.858
   396.200
   111.938
 -1087.097
   294.333
   396.505
    86.159
  -298.292
  -486.095
  -480.487
   201.013
   551.628
  -613.663
  -162.133
  -454.252
   105.173
  -158.558
   683.192
    -2.623
  -459.265
  -496.709
  -411.944
  -238.907
  -101.262
   -13.256
    37.864
    65.119
    77.647
    81.341
    79.917
    75.705
    70.153
    64.148
    58.215
    52.650
    47.602
    43.128
    39.230
    35.878
  -506.277
   -84.916
   880.652
   546.230
   293.733
  -307.641
 -1181.681
   640.638
  -207.300
   683.516
   -90.935
  -977.637
   675.741
  -833.352
   108.747
  -271.576
   368.619
    16.069
  -468.436
   828.538
   376.814
   274.524
    51.160
   127.616
   -87.176
    21.548
    20.361
  -179.009
  1122.816
   333.288
  -265.931
  -946.813
  -261.021
    85.511
  -788.314
 -1226.966
   390.382
 -1040.574
  -231.369
  1507.865
  -305.497
   316.724
  -995.584
  -150.501
   275.722
   245.961
   405.556
   650.308
  -285.215
   281.308
   172.636
  -465.597
  -241.021
   -44.248
  -147.913
   226.329
   705.569
   194.221
   545.961
    17.003
  -133.052
   293.242
  -476.376
   379.511
   128.182
   379.511
   128.182
    24.643
   379.511
    24.643
   584.114
   227.602
   234.900
  -194.361
    -5.601
  -211.893
 -1071.757
   487.078
   -14.143
    40.520
  -439.058
  -296.927
   -80.808
  -442.096
   495.289
   265.235
   150.183
  -326.826
   382.103
    63.294
  -847.336
   168.724
    27.906
    39.850
    40.440
    41.410
    42.887
    44.560
    46.214
    47.732
    49.063
    50.193
    51.133
    51.903
    52.526
    53.027
    53.426
    53.742
    53.992
    54.189
    54.344
  -128.777
   730.471
  -241.545
  -326.455
    78.002
   285.766
  -122.950
  -594.573
   -33.717
    67.322
  -304.601
    58.477
  -492.804
   -29.231
   165.470
    37.939
   192.138
    39.210
    40.251
   192.211
    40.291
  -478.105
    -0.993
  -870.724
   -17.589
    39.059
 -1056.003
    38.383
  -389.620
     0.280
  -523.072
    -2.500
    39.499
  -651.699
    40.413
   243.551
   -21.687
 -1210.220
  -935.172
    46.143
  1137.744
  -110.839
  -197.813
  -113.541
   -40.994
  -160.325
   -13.145
   -77.780
   -47.055
 -1215.016
    -2.438
   434.683
    39.224
   136.469
   327.553
   145.943
    77.686
   -96.802
   905.858
  -115.610
     1.003
   181.243
   -42.047
   -74.068
    12.320
   353.380
    30.660
    40.485
  1122.461
    44.627
  -259.658
     2.580
  -259.658
     2.580
    38.924
  -259.658
    38.924
    46.245
     5.793
   498.545
    14.802
    40.413
  1114.568
    46.160
   121.639
    32.199
   678.936
    62.304
    39.480
   763.039
    50.154
   563.067
    13.328
   635.793
   -10.883
    29.154
   449.604
     6.452
  -674.724
   178.568
   245.848
   212.427
   171.958
   125.351
    75.994
    30.053
    -8.150
   -36.734
   -55.260
   -63.776
   -62.308
   -50.731
   -28.816
     3.642
    46.725
   100.314
   164.061
   237.388
  -113.966
  -420.106
   111.935
    -4.271
  -670.752
    59.405
  -220.366
   186.851
   152.691
   213.849
   284.702
  -637.026
  -498.174
   383.138
   218.602
  -440.734
  -172.194
    89.561
   246.087
 -1014.757
  -299.231
   -93.158
   145.850
  -137.439
  -334.364
   591.461
  -125.233
  -188.753
    63.930
   556.648
   -46.476
   327.468
  -206.446
  -243.765
 -1100.810
   -25.547
  -419.985
   204.222
  -524.213
  -193.291
   601.868
  -297.384
   133.504
     8.933
   142.675
   387.112
  -366.035
  -667.634
   676.925
   578.871
  -285.902
   363.357
  -510.059
   515.487
    34.446
     5.968
   237.384
   515.747
  -417.037
   297.980
  -547.605
  -282.992
   140.553
   -10.863
    77.647
     7.191
   738.854
    91.753
  -916.460
  -701.922
   185.248
  -341.916
   569.032
   117.199
  -926.033
  1058.601
    86.099
   -65.141
  -156.900
   -65.141
  -156.900
    68.776
   -65.141
    68.776
   380.868
   151.057
   -29.350
   173.811
  -152.284
  -807.790
   335.107
  -388.020
  -549.846
   676.237
   210.818
    -2.442
  -112.434
  -201.948
   128.145
   235.155
    62.223
   172.101
  -528.751
  -145.306
  -240.381
    52.025
   -38.670
   -34.964
   -29.154
   -22.202
   -14.697
    -7.087
     0.312
     7.286
    13.704
    19.489
    24.612
    29.071
    32.886
    36.090
    38.727
    40.845
    42.493
    43.720
    44.576
    84.227
   -25.548
    72.162
   -27.031
   -19.146
    60.038
   -22.160
   400.073
   -55.747
   194.761
   -13.264
   -67.973
  -605.954
     5.510
    -1.191
     7.050
    19.726
    26.647
    11.730
    29.533
    39.905
    49.165
  -195.971
   471.857
  -237.500
  -191.289
  1115.467
  -233.842
   -18.081
   -42.483
   -22.667
   -43.494
   -51.440
   -22.809
   -52.422
    43.449
   -58.071
    37.619
   -79.179
   -64.777
    33.617
  -118.397
    22.519
   -39.006
    13.722
   -39.438
   -35.344
     1.155
   -36.246
   197.778
  -218.414
  1145.903
  -186.592
  -212.301
   174.723
  -156.309
   -73.305
   207.488
  -305.780
   293.882
   181.138
  -693.101
   297.497
    76.377
    79.073
    66.205
   112.922
    62.679
    39.655
    74.748
   137.305
    49.602
    67.073
    36.100
    34.830
    40.213
    18.064
    41.285
   -36.927
    63.453
   -31.413
   -33.049
    94.345
   -22.077
    27.674
   -38.932
    27.674
   -38.932
   -34.966
    27.674
   -34.966
    35.477
   -46.279
    44.605
   -50.012
   -41.537
    53.931
   -48.120
   -52.048
   -11.371
   -49.749
    -6.763
   -19.186
   -47.968
   -46.514
    28.837
   -80.987
   -20.078
  -131.014
   -78.526
   -86.406
  -183.604
   -82.365
   133.609
  -326.028
  -719.815
  -695.180
  -338.538
   111.275
   479.006
   693.803
   755.762
   697.615
   560.118
   380.002
   185.724
    -2.844
  -173.107
  -318.031
  -434.544
  -522.234
  -582.370
   369.824
   275.601
    25.186
    -7.330
  -602.002
    47.186
    50.331
   483.843
   476.526
    18.277
   141.212
  -151.229
  -339.712
  -606.084
   424.905
   632.519
  -146.452
  -348.496
   730.656
   -76.664
   -96.037
    53.112
   -69.379
  -190.826
   366.130
   177.948
 -1125.476
   -14.779
   846.190
   882.526
   233.770
    48.588
   716.275
  -120.405
  -150.931
   375.854
   430.198
   125.977
    32.704
   -56.453
   113.583
  -543.533
   -30.532
   -20.524
   355.326
   394.938
  -927.479
   880.241
  -339.681
  -324.067
   157.336
  -436.456
  -217.327
   554.525
  -679.600
   -35.582
   693.039
   236.191
  -162.147
   102.755
  -319.384
  -450.816
  -605.069
  -370.336
   -12.545
  -505.576
  -198.773
   635.409
  -740.463
   428.286
   393.735
   154.849
   327.616
  -265.140
   -75.179
   429.566
  -592.707
   676.440
   153.668
   -48.391
     6.061
 -1476.708
   661.317
  1197.192
  -504.346
  -381.644
  -302.592
   -73.102
 -1094.234
   389.256
   142.574
  -362.392
   361.064
  -362.392
   361.064
   516.196
  -362.392
   516.196
  -233.474
   243.287
  -272.940
   247.519
  -193.573
  -251.473
  -118.234
  -295.071
  -355.572
   221.799
   359.461
  -319.769
   -18.040
   161.620
   634.584
   880.126
  -238.215
   253.571
   518.210
 -1193.246
   -53.595
   -51.137
   -85.708
   291.801
    14.289
  -309.479
  -496.978
  -556.096
  -531.036
  -460.293
  -370.289
  -277.334
  -190.659
  -114.904
   -51.885
    -1.768
    36.188
    63.166
    80.513
    89.586
    91.667
 -1233.066
  -375.294
   300.023
   955.645
  -189.503
   210.692
  -121.143
   495.427
  -286.550
    99.803
  -915.944
  -253.030
   119.335
  -154.913
  -416.115
  -101.337
   116.849
  -122.421
   304.231
   472.851
    78.021
  -126.078
  -441.530
   276.861
  -539.374
   216.792
   443.769
   575.146
   156.622
  -207.220
  -136.903
   723.637
   -90.125
   237.632
   571.096
   178.287
   -99.704
   488.892
   333.251
  -142.770
   129.843
  -123.911
   673.142
    71.867
  -158.161
  -263.763
  -145.172
  -105.367
  -284.942
   351.668
  -277.039
   332.701
  -642.436
    86.840
  -227.331
    -3.078
    96.149
  -153.900
   120.344
  -269.998
   240.713
    17.047
    91.399
   849.094
 -1409.895
  -316.413
 -2030.486
   989.498
  1232.940
  -726.644
  -343.195
  -337.524
    29.483
  -327.878
  -175.343
   305.215
   205.801
    -8.230
  -399.583
  -178.165
  -487.861
   591.015
   156.851
   243.845
 -1209.086
   270.975
  -669.694
  1019.436
    84.437
   406.992
   -58.288
   -36.004
  -176.424
  -407.213
  -628.618
   368.983
  -919.609
    39.220
   -51.137
   -85.708
   -51.137
   -85.708
   291.801
   -51.137
   291.801
   477.268
  -354.621
   208.228
  -975.566
    76.584
  -404.692
  -739.231
   -80.536
    36.357
  -361.827
   325.627
  -100.827
   617.100
  -807.427
  -199.934
  -429.203
    45.308
  -404.033
  -128.877
   741.978
  -175.224
  -256.881
    54.281
    45.658
   421.145
   611.826
   584.615
   445.823
   277.819
   122.214
    -5.754
  -104.012
  -175.901
  -226.345
  -260.175
  -281.520
  -293.680
  -299.194
  -299.967
  -297.406
  -292.537
  -156.848
  -527.823
    21.922
    28.384
   -87.653
    13.299
     9.042
   407.786
  -259.782
  -470.124
 -1212.206
   -51.259
 -1308.889
  -479.246
   162.603
  -622.445
   271.780
  -170.504
 -1024.257
   145.634
   -91.693
  -727.504
   116.022
  -368.053
   335.169
    75.311
  -122.595
   247.847
   899.161
  1308.601
  -188.601
   440.849
   471.976
 -1093.666
  -506.359
   806.985
   240.137
  -892.201
    26.717
  -956.698
   678.180
   224.787
   390.299
  -765.432
  -190.541
   361.979
   336.358
  -189.795
   416.315
  -297.975
 -1072.372
   388.693
   136.946
  -211.408
   377.829
  1071.671
   914.909
   601.507
   326.009
   344.751
   -33.314
 -1221.184
  -442.871
   -10.840
   112.164
   150.740
   166.385
   157.607
   211.989
   399.745
   107.289
  -610.708
   917.378
  -349.859
  -898.667
   473.813
  -858.005
   417.602
  -359.686
   805.254
   594.797
 -1299.172
  -805.632
  -163.552
   357.946
   -82.154
  -546.122
  -166.961
  -240.550
  -463.402
   502.391
   113.503
   161.499
  -293.373
  -235.658
    24.539
   124.383
  -193.725
  -866.999
  -326.482
  -715.786
  -213.655
  -279.957
   391.961
  -268.777
  -256.881
    54.281
  -256.881
    54.281
    45.658
  -256.881
    45.658
  -294.862
  -100.145
  -291.676
  -141.474
   -52.776
  -162.214
  -228.344
  -189.408
  -581.381
  1063.084
  1044.891
 -1337.659
  -254.654
   703.495
  -577.982
   -31.160
   -68.342
   -21.693
   276.123
  1016.448
   360.344
    50.208
   307.088
   -45.770
  -281.224
  -421.861
  -465.094
  -426.757
  -336.238
  -220.785
   -99.546
    16.089
   120.300
   210.768
   287.193
   350.353
   401.536
   442.219
   473.880
   497.913
   515.578
   623.314
   900.090
   357.626
   927.102
  -156.803
 -1669.387
   308.702
  -100.995
  -320.943
    -7.999
    19.388
  -546.698
   -14.999
    21.045
   727.480
   918.629
   627.148
   935.070
  -240.549
  -201.031
  -178.823
   834.091
    26.815
   296.180
   723.262
 -1051.217
   139.119
   742.798
  -312.063
   360.452
    86.527
   433.104
   -52.662
   316.384
  -127.288
   471.906
  -111.187
   172.799
  -587.100
  -991.769
    -2.161
  -324.828
   549.858
    79.955
 -1162.107
   151.296
 -1006.432
  -212.753
   266.098
    15.005
  -479.061
  -179.617
  -169.387
   314.011
  -143.224
  -325.373
  -157.066
  -198.870
  -232.478
  -122.045
  -111.002
  -190.404
   -59.510
   830.356
   525.409
   464.488
   324.419
   177.051
  -729.600
   508.410
    85.843
   213.226
    -8.038
    76.215
    14.910
  -242.411
   107.757
  -762.438
   187.014
  -444.524
  -370.733
  2163.282
   526.302
   758.820
   433.073
   -78.668
   365.559
    -1.974
  -144.378
  -499.369
   365.550
   813.935
   234.454
  -253.762
  -291.768
   206.165
  -111.771
   317.508
    39.873
   213.506
  -109.553
   420.911
  -377.135
   542.647
  -949.699
   -51.424
   482.224
   293.949
   768.761
     6.666
  1267.449
   225.887
    50.208
   307.088
    50.208
   307.088
   -45.770
    50.208
   -45.770
   372.386
   287.332
   481.598
   102.744
  -163.505
   565.709
  -725.325
    38.334
   -16.850
   581.681
   746.252
  -349.721
 -1128.635
  -572.020
  -878.250
  -423.937
  -677.174
  -606.102
  -236.871
   388.403
    73.834
  -497.868
   -24.094
    86.377
   -10.192
  -117.533
  -167.628
  -161.195
  -119.996
   -65.646
   -13.237
    28.809
    57.004
    70.908
    71.672
    61.068
    40.923
    12.816
   -22.038
   -62.807
  -109.005
   637.210
  -414.313
   163.679
  -283.355
   210.866
   -50.800
   216.562
   384.405
   432.598
   185.001
  1037.111
  -174.559
 -1368.065
   362.092
    11.473
    35.376
    -2.496
    31.430
    10.741
    -0.284
    36.891
  -372.340
   269.784
   243.676
   714.655
  -366.239
   -62.403
  -709.296
  -308.718
  -412.648
    52.829
    45.692
  -443.115
    60.259
    54.856
   606.470
  -493.630
   420.567
   -32.802
 -1566.152
   391.844
   270.209
  -881.477
   211.950
   503.531
  1621.268
   145.823
  -702.547
  -709.706
   477.292
   416.998
  -491.739
   -64.457
  -309.960
   507.462
  -461.347
   -46.697
   458.554
  -532.842
  -725.423
   264.479
   213.238
   263.367
   682.926
  -592.350
   132.452
  -754.290
   208.303
   115.866
   204.349
  -862.027
   -54.313
  -411.008
   613.419
   131.703
  -520.768
   266.440
    67.296
    29.850
  -146.563
    63.845
   192.461
  -224.505
   616.803
  1092.975
   534.816
 -1841.221
  -550.137
  -925.178
   838.188
   785.376
     7.758
   543.861
   -44.761
   356.944
  -361.751
  -291.287
   -67.961
   561.413
   207.099
  -598.178
  -110.058
  -297.220
  -272.375
   506.722
  -675.746
    38.932
   -61.157
   828.985
   443.649
    75.623
  -964.795
  -267.925
  -627.782
    55.794
  -558.423
  -458.728
  1308.661
   233.906
   374.718
    60.564
   374.718
    60.564
    93.162
   374.718
    93.162
    25.366
  -179.813
  -316.086
  -444.805
   219.103
  -652.368
   194.251
    75.108
   394.073
  -513.827
   386.137
  -461.039
   -88.102
   -53.934
 -1167.568
  -159.930
  -730.979
   301.824
  -293.752
  1123.712
  -445.540
 -1033.559
  -308.418
    25.379
    17.959
   -26.614
   -30.212
    -2.123
    36.969
    73.349
   100.436
   115.929
   119.617
   112.146
    94.430
    67.397
    31.895
   -11.329
   -61.629
  -118.446
  -181.294
   452.470
   -86.601
  -211.735
  -293.851
   332.246
  -377.689
    54.474
   263.549
  -671.477
   454.166
   504.574
   -97.194
    88.276
   510.106
  -182.488
  -564.561
   310.206
   147.490
  -909.855
  -154.336
   754.474
   -93.032
  -176.443
    72.674
     4.439
  -212.322
    57.455
   -37.638
   327.684
   287.462
  -303.715
     9.466
  -452.203
  -233.846
   189.425
  -579.659
   -72.411
   -74.339
  -260.108
   490.289
    13.000
    -9.049
  -188.227
   201.382
  -157.771
  -647.208
   381.377
   792.719
  -657.693
   379.193
   545.772
  -750.177
  -328.482
  -342.517
   728.369
   666.458
  -150.439
   -60.185
  -211.369
   -12.677
   489.199
   376.691
  -278.986
   514.333
    68.313
 -1091.416
  -644.265
  -275.421
  -616.985
  1568.563
   167.711
   447.185
  -233.587
    40.620
   246.356
  -365.230
  -226.447
  -176.552
   -28.922
   122.071
  -233.103
   277.722
   200.926
  -544.584
    89.380
   157.174
    21.597
   254.125
  -132.672
   -40.648
  -402.369
 -1044.945
   437.091
   232.429
   760.015
   107.785
  -257.928
  -582.277
   444.629
   408.896
  -795.293
   -90.745
  -413.383
   627.479
   251.807
  -186.204
   182.768
  -377.297
  -165.305
   -30.775
    62.078
   309.196
  -242.715
   411.019
  -250.658
   480.391
  -232.127
   663.306
  -632.106
   261.639
    89.520
   -83.599
  -292.652
   191.191
  -498.903
  -161.634
   151.269
    17.323
   151.268
    17.323
  -132.955
   151.268
  -132.955
  -130.677
  -147.051
  -119.885
    17.916
  -124.713
   110.504
   548.418
   312.788
  -157.762
  -198.983
   524.048
  -618.294
  -796.098
   403.580
  -538.457
   285.032
   -67.774
   -53.149
   997.259
   588.361
  -661.080
   -47.273
  -254.775
  -115.731
   -53.508
   -37.226
   -35.793
   -40.709
   -50.283
   -62.918
   -76.060
   -86.713
   -91.979
   -89.348
   -76.781
   -52.688
   -15.883
    34.477
    98.942
   177.805
   271.135
   -79.357
   209.283
   103.251
  -122.779
  -316.699
  -396.787
    44.012
   118.331
   620.952
   485.033
   -49.184
  -635.019
  -147.867
  -175.513
   161.850
   -22.247
   157.107
    -4.881
    33.864
   682.710
   286.001
   -21.968
   293.589
  -197.983
    59.991
   496.822
  -115.518
  -155.498
    15.229
     0.227
    -3.263
    13.802
    -7.249
     1.692
    32.474
   371.034
   643.199
  -696.834
   131.283
  -850.196
  1122.211
  -353.742
   155.923
   331.469
   -90.802
   -86.905
   271.675
   -80.579
   -86.229
  -516.067
  -269.359
  -359.595
   176.309
    20.895
   -42.623
   612.936
  -691.436
   -34.076
  -126.178
  -104.240
   510.352
    46.845
   291.758
  -368.804
   254.266
   300.704
   328.312
    33.765
     9.723
  -430.181
  -444.020
    92.690
   481.453
   -94.492
    -0.338
    39.603
  -851.359
   -62.581
   272.573
   -68.984
   279.904
  -173.771
   -94.381
  -320.198
   -47.036
  -604.102
  -270.223
  -900.513
  -222.438
  -160.147
   451.751
  -387.117
  -232.864
  -154.174
  -270.957
  -154.783
   243.185
     5.574
  -223.963
   316.157
  -518.733
   838.204
  -433.577
    86.891
  -287.620
 -1174.704
   476.873
   985.414
   778.893
   -79.997
   -87.953
  -525.766
   918.694
  -207.195
   179.638
  -382.626
  -161.186
  -586.597
   479.718
   229.303
   -48.033
    74.287
   233.036
    -3.828
  -763.601
   317.626
   233.528
   711.196
   135.244
   742.837
   631.041
  -725.643
  -160.213
  -440.081
    -2.088
  -440.081
    -2.088
    43.203
  -440.081
    43.203
    63.706
   274.574
   138.600
   181.765
   -27.481
   261.330
  -914.153
  -670.359
  -177.945
   291.459
  -246.707
   131.456
   733.176
  -331.919
   599.706
  -294.287
   399.878
  -368.433
  -288.549
  -506.838
   148.245
   868.475
    13.532
  -614.497
  -807.483
  -672.585
  -402.847
  -130.984
    80.936
   216.736
   283.249
   295.922
   271.268
   223.553
   163.772
    99.717
    36.479
   -22.940
   -77.065
  -125.471
  -168.426
  -442.784
  -195.602
    98.965
   -50.463
   683.715
   213.467
  -156.171
    46.179
   391.240
   140.243
  -645.171
   107.360
  -599.744
 -1665.863
   656.633
  -386.481
  2366.572
  1156.327
 -1297.108
   366.455
  -767.227
  -372.656
   713.077
  -694.671
   -65.359
   299.166
   -25.716
  1773.134
  -122.254
  -292.601
  -322.147
  -545.679
   -16.200
   398.989
  1199.570
    30.886
    45.690
   -84.425
   -91.572
    82.994
   -80.932
   -92.202
  -544.708
   -66.858
   576.649
  -244.895
  1081.315
   351.986
 -1421.368
  1902.259
  -773.326
   195.672
  -541.647
 -1024.125
    20.016
   247.559
  -511.959
  -180.401
  -473.919
   319.758
  -366.410
  -742.148
  1078.162
   580.661
  -388.641
   733.813
   394.505
    35.796
   -16.706
   137.024
    14.510
  -321.863
   -38.104
   812.129
    39.303
  -638.491
    34.205
 -1077.460
   -87.636
   837.493
  -425.968
   633.553
   733.716
 -1492.732
    34.251
  -307.125
  -187.950
  -400.334
   209.596
  -162.982
   292.745
   393.171
    86.191
   128.437
  -283.452
   278.550
  -314.484
  -319.641
    76.809
   247.428
   113.249
   322.393
   220.808
   -45.495
   583.853
  -165.699
   148.866
   287.604
  -720.514
  1067.748
   183.795
 -1467.882
  -330.366
   547.249
  -270.264
  -212.672
   788.269
   261.506
   -20.773
 -1136.616
    66.429
   285.378
   608.549
   266.476
   185.208
  -561.136
   190.505
   146.246
  -293.170
  -347.026
   -83.479
   911.416
  -693.834
    74.331
   224.840
    67.962
   192.333
  -256.996
    44.699
  -847.526
  -139.904
   -51.820
  -139.904
   -51.820
  -391.232
  -139.904
  -391.232
   -29.647
   190.829
    12.804
   386.955
  -109.167
    -6.706
   712.905
  -325.549
   264.120
   475.940
  -376.568
  1168.063
  -196.985
  -255.885
   819.849
    86.490
   176.862
  -103.138
  -414.089
  -655.774
   159.457
   404.603
     2.754
  -263.875
  -373.129
  -363.756
  -285.186
  -179.487
   -74.246
    15.744
    84.189
   129.591
   152.867
   156.035
   141.545
   111.963
    69.821
    17.545
   -42.590
  -108.477
  -178.199
   178.416
  -557.422
   754.652
   135.298
   347.136
  -311.202
  -615.662
  -747.822
   -63.131
  -234.210
   385.718
   203.831
   257.037
  -203.015
  -405.720
  -191.443
  -271.920
  -768.460
  -945.266
   395.068
   338.192
   338.907
   972.739
 -1328.237
  -628.831
   385.178
  -373.343
  1645.969
  -529.641
   679.968
   -12.196
  -176.382
   611.165
   267.639
   637.621
  -126.637
    34.696
   709.030
   997.028
    59.914
  -491.423
 -1046.562
   122.883
    35.267
   -54.139
   -78.979
    -2.745
   -57.898
   -80.339
 -1013.428
  -120.788
    18.261
   540.890
   656.279
  -195.551
   370.402
    48.649
   300.269
    84.159
    76.098
   194.458
    92.604
    57.530
   214.780
   263.040
    64.113
   519.800
  -162.505
  -617.820
   -64.778
   476.653
   288.542
   134.949
   120.096
 -1059.439
   175.424
    12.867
    88.670
  -251.032
   272.597
   230.081
   190.551
  -438.650
  -182.456
 -1170.648
  -335.923
   791.120
  -413.225
  1034.250
   -87.488
  -459.769
  -226.328
  -669.433
   274.287
     9.712
   -35.890
   251.544
   632.509
   208.658
  -466.824
   -40.619
  -526.421
  -908.087
   380.925
   -99.231
   280.696
    93.771
   211.486
    76.541
    56.085
   -68.344
  -103.802
  -778.523
  -260.754
   -39.713
   -71.965
  1047.426
  -650.132
   344.481
   -80.431
    10.125
   287.089
   300.349
   -81.560
   -98.593
  -153.372
  -527.404
   213.462
   -11.956
  -138.078
   325.269
   502.959
  -403.208
   792.025
   171.633
   570.439
   789.122
  -836.248
  -743.852
  -655.269
   161.543
  -346.284
   116.737
  -550.101
   -23.221
   -50.061
   269.608
   109.975
  -108.486
   109.975
  -108.486
  -163.911
   109.975
  -163.911
  -285.223
  -470.773
  -340.315
  -340.141
  -162.989
  -177.933
  1019.060
   505.838
   313.312
  -320.993
  -155.013
   255.569
  -410.661
  -152.934
   107.822
    92.124
  -170.677
   245.031
  -201.495
  -374.838
   131.616
    71.914
  -229.665
  -237.938
  -244.654
  -265.686
  -236.521
  -132.692
    13.034
   146.662
   229.249
   248.894
   214.374
   143.964
    56.888
   -31.173
  -109.535
  -172.263
  -217.195
  -244.804
  -257.186
  -172.032
  -107.944
   219.086
   373.745
  -618.289
   117.981
   -47.900
 -1730.894
 -1199.334
 -1154.363
  -860.442
  1302.310
  -554.252
  1188.331
  -288.419
  -276.019
  -783.793
  -991.239
   203.673
   -36.522
   857.278
   -93.386
  -436.047
   291.697
   147.730
  -628.936
   175.790
   689.531
     9.097
   -55.613
   241.044
   460.529
  -114.988
  -165.197
   224.030
   295.805
   315.450
  -138.462
  -747.547
   249.766
   620.206
   -45.857
   839.428
   490.621
  1268.397
   781.018
   266.492
    32.552
 -1317.767
   105.470
   147.283
    22.682
    57.547
   176.490
    17.618
    61.030
  -271.778
  -150.775
   152.776
    37.658
   177.753
   746.916
  -425.914
   -38.386
   -98.068
    17.993
    25.504
  -192.813
    47.691
    68.954
   -65.971
    -2.086
  -261.905
     0.678
   699.490
  -438.327
   985.849
  -184.487
  -406.920
   486.407
   577.145
 -1056.222
   563.854
   874.913
   144.573
   -43.897
    96.547
   -45.875
  -261.026
   163.006
  -203.575
   269.071
   211.515
     0.571
  -563.050
  -569.348
   605.934
  -166.474
  -131.257
     4.416
   -93.410
   157.951
   389.412
  -117.942
   619.028
   152.278
   -42.188
   -72.475
  -156.908
   239.369
  -570.172
  -274.606
   158.374
   -99.985
    -7.076
  -147.289
   -68.320
  -301.243
     3.866
   400.405
   371.909
    66.380
  -429.358
    91.531
   483.407
 -1073.351
  -101.452
  -103.026
  -209.337
   -23.330
   861.143
  -896.092
  -136.336
    58.823
   -46.753
   286.814
   296.424
  -413.899
   342.266
  -493.181
  1594.904
   842.908
   952.989
   276.238
  -798.258
   602.414
 -1310.426
   406.223
   167.885
   -40.484
   -90.516
   327.128
  -537.147
   102.305
    71.914
  -229.664
    71.914
  -229.664
  -237.938
    71.914
  -237.938
   243.969
   208.321
   103.640
    86.108
   517.202
    37.895
   211.496
  -345.114
   -46.817
  -609.649
  -661.451
   359.704
   -67.320
   920.852
   576.736
   412.159
    67.491
   -38.919
   184.882
  -157.355
  -924.219
  -124.673
    47.296
    40.870
    32.974
    26.898
    22.368
    19.053
    16.654
    14.928
    13.689
    12.801
    12.167
    11.713
    11.388
    11.157
    10.991
    10.873
    10.788
    10.728
    10.684
  -806.740
    84.381
   129.323
    87.205
    90.608
  1076.516
    90.610
   931.911
   149.061
  -348.609
  1188.032
    36.165
  -464.740
    43.286
  -267.955
    75.015
  1206.954
  -467.339
    35.982
  -373.373
  -159.778
   359.630
     7.641
   425.595
     5.287
    12.182
   531.979
    10.518
  -898.509
    81.276
  -533.779
   539.858
    33.482
  -736.893
  -146.726
   617.331
    83.819
  -608.403
   329.744
    24.450
   123.108
     0.944
   321.673
   162.863
  1519.384
  1767.877
    71.793
   245.569
  -733.345
  -933.601
    46.199
 -1342.932
    48.085
    46.742
 -1405.179
    60.029
    26.832
    61.035
    27.288
    60.867
    53.828
    15.947
    53.124
  -503.076
     2.055
  -479.586
    -7.397
    10.603
   653.925
    10.406
  -660.834
    39.034
    26.797
    47.392
    32.785
    95.476
    29.046
  -423.798
    44.231
  -413.621
    45.073
    40.853
  -410.186
    40.858
  1140.734
    -3.469
  -691.897
  -368.522
     9.991
  -431.289
  -202.904
 -1316.639
   631.487
   117.562
   613.413
    16.318
   558.523
  -540.937
   714.524
    26.634
  -116.295
  -447.245
    31.408
   138.668
  -308.159
   -42.894
  -192.197
   166.527
  -283.483
   -42.142
   218.916
   -27.416
  -189.555
    58.341
   -91.581
    87.440
    47.163
   112.039
    62.598
   -31.800
    50.764
    19.411
    53.877
    42.323
    32.466
    45.350
 -1234.898
  -485.948
  1175.910
    89.868
  1068.886
   131.890
 -1091.508
  -225.265
    68.901
  -587.249
    81.766
    89.015
   914.676
    98.216
   303.683
    36.087
   956.608
    48.427
    21.654
  -841.425
    12.891
   106.228
    65.358
  -165.034
    15.005
    73.812
    21.894
    85.002
  -601.491
    38.505
 -1123.101
    29.869
    37.297
 -1687.577
    31.135
  -124.673
    47.296
  -124.673
    47.296
    40.870
  -124.673
    40.870
  -457.474
    47.192
  -776.215
    47.569
    43.491
 -1066.552
    49.177
   211.483
    21.571
   230.051
    -9.157
    23.505
   239.714
    11.686
   -94.003
    66.816
   394.307
    92.898
    51.237
  1744.573
    73.862
  -314.304
   -57.600
   106.197
    15.250
  -169.860
  -319.254
  -395.944
  -405.624
  -363.997
  -287.953
  -193.264
   -93.046
     3.149
    89.375
   162.704
   222.404
   269.147
   304.369
   329.830
   347.320
   269.043
  -136.736
   218.261
    58.683
  -167.464
   630.814
  -143.887
  -933.107
    -5.462
  -316.972
   891.267
  -373.852
 -1008.577
    35.112
   499.870
   133.766
    58.870
    26.795
  -164.756
   142.399
  -274.065
   257.201
   600.832
    46.325
   470.086
  -698.269
    14.956
  -843.969
  -388.355
  -494.898
   210.500
  -720.791
  1375.489
  1283.716
  -704.690
  -221.156
  -153.017
   668.389
   759.786
   807.502
   -45.359
  -516.091
   -82.854
  -331.856
   -12.295
   542.528
  -313.312
  -641.212
    11.236
 -1412.596
 -1247.956
   357.394
    57.363
   467.794
  1243.899
   833.210
   -88.640
   153.955
   107.435
   410.038
   991.006
 -1163.615
   749.611
    13.441
     0.496
   -31.181
   -29.842
    29.906
   -36.958
   -35.334
   445.838
  -218.164
   364.982
   597.638
  -684.120
  -460.948
   105.190
  -511.013
  -826.973
    23.014
    27.075
  -747.079
    62.959
   117.480
  -920.686
  -401.446
  -393.533
    20.874
   567.555
   108.994
   427.913
   749.388
    67.426
    15.101
  -633.327
  -685.909
   520.513
   632.071
   311.842
    89.422
    76.130
   -99.331
  -574.208
   341.208
   411.277
   427.023
  -306.873
    18.279
  -230.711
  -227.064
   625.684
   358.243
   -25.937
  -306.393
   233.444
   -44.931
   -93.331
   206.020
    52.399
   -73.819
  -341.496
   216.391
  -375.229
   280.485
   289.813
   390.331
   225.308
    18.787
   757.229
   220.057
  -251.296
  1273.027
  -482.779
   321.622
  -433.555
   903.354
   528.108
  -339.600
   930.600
  -343.424
  -886.281
  -466.041
  -563.331
 -1302.036
  1220.299
  1302.683
   200.880
   158.663
   532.513
   497.645
   120.779
    68.843
   740.166
  -623.253
  -151.980
  -516.164
   371.679
  -577.109
   388.908
  2118.136
  -114.205
   136.060
   112.309
   415.514
   430.353
  -492.313
   771.790
  -386.793
  -314.304
   -57.600
  -314.304
   -57.600
   106.197
  -314.304
   106.197
  -736.825
  -386.279
  -403.846
   151.000
  -712.968
   473.063
   633.437
   365.014
  -269.215
    61.084
  -744.179
   317.869
   625.975
  -163.777
  -269.033
  -480.435
   -70.449
  -644.038
  -117.597
   643.647
   164.166
   -78.679
   -36.884
   -31.403
   -31.300
   -31.299
   -31.299
   -31.299
   -31.299
   -31.299
   -31.299
   -31.299
   -31.299
   -31.299
   -31.299
   -31.299
   -31.299
   -31.299
   -31.299
   -31.299
   -31.299
   -76.815
   -18.861
   279.080
     1.509
   -15.221
   967.015
     9.976
  -523.479
     6.060
  -461.124
    22.201
    10.324
  -416.317
    29.912
  -582.474
   -50.939
   894.468
  -332.497
     7.117
   524.038
   -33.328
   605.024
   -65.459
   592.308
   -66.017
   -74.562
   689.358
   -75.619
   667.382
   -93.738
  -354.813
 -1005.745
   -52.180
   944.044
  -404.717
  -471.525
   -55.661
   293.634
  -216.627
   -50.119
   750.084
   102.874
   868.723
    17.997
   -33.241
   -93.979
    31.528
  -231.973
   239.627
   145.874
    -0.598
  -831.629
  -334.390
    31.150
 -1414.952
   215.863
   188.267
    25.707
   459.671
   182.913
    31.865
  1433.778
   315.957
  -115.210
   -26.137
  -278.080
   -23.251
   -14.774
 -1417.869
     9.711
   -66.848
   -31.232
   -46.135
   -43.238
    -4.008
   -30.601
   -16.333
   975.198
    -6.638
   816.440
     5.798
   -15.074
   607.698
     9.909
  -328.525
    17.142
   -50.027
    21.871
    25.207
    16.464
    31.525
    71.421
    18.426
   131.653
    25.450
    25.047
   250.476
    31.316
   212.056
    -3.265
  -172.055
     3.357
    -2.843
  -542.102
    23.161
   582.688
  1115.565
  -642.679
  -586.512
   -47.704
  -262.838
    53.025
   528.472
   -51.974
    62.661
  -220.747
   -35.648
   838.568
   -63.564
  -338.812
   -80.012
  -333.206
   -79.692
   -75.878
  -340.341
   -75.730
   -59.002
   -17.234
  -183.640
    -3.155
    -9.421
  -417.488
    17.989
   -68.489
   -44.054
   -45.683
   -50.401
   -38.518
    -5.916
   -50.776
  -120.062
    19.198
  -859.286
   -26.473
    31.258
   535.844
    28.082
   679.580
   -80.302
  1462.926
    86.044
   -76.358
  -315.761
  -203.327
  -197.399
    21.599
  -402.582
    15.090
    31.324
  -204.608
    31.156
  -422.714
   -37.538
 -1192.213
   -50.327
   -22.795
  -106.661
     7.575
   154.651
   -27.927
   369.701
   -19.305
   -25.883
   591.007
   -14.938
   -78.679
   -36.884
   -78.679
   -36.884
   -31.403
   -78.679
   -31.403
    50.509
   -32.433
   209.420
   -28.250
   -28.472
   386.235
   -22.598
  -146.476
   -59.740
  -146.653
   -79.223
   -53.758
   238.093
   -71.543
   -69.652
   -51.134
    35.442
   -61.395
   -45.676
   228.472
   -63.810
   -43.650
  -101.888
  -184.442
  -249.608
  -267.481
  -232.876
  -158.535
   -64.284
    30.732
   111.819
   169.645
   199.650
   200.903
   174.923
   124.693
    53.929
   -33.429
  -133.541
  -242.852
  -358.191
  -363.570
  -329.813
    35.631
    33.466
    99.171
    28.360
    16.539
   238.554
   390.947
  -311.852
  -197.416
   593.804
  -292.436
   301.818
    86.574
    -8.341
   -92.827
   -96.556
  -175.737
  -101.296
   -95.312
   -99.873
   -94.492
   -71.043
   -52.269
  -229.190
  -111.628
  1038.262
  -422.258
  -318.909
   -46.885
    15.637
   -32.804
    69.527
   403.771
    46.473
    62.772
   236.564
   597.320
   368.618
  -343.620
    73.553
   327.510
   196.348
    46.142
  -104.564
  -111.476
   299.612
  -172.764
   -60.908
  -100.075
   283.213
    45.815
   255.572
  -180.020
  -844.644
  -248.095
   -74.607
   -31.652
     8.899
   440.912
    99.474
   676.875
   -74.587
   114.593
  -161.217
  -313.724
   698.734
   120.031
  -521.684
  -385.992
  -470.968
   223.283
    -7.439
  -589.535
   658.480
   438.780
    49.800
    59.130
   -30.758
   -27.549
    61.137
   -36.025
   -39.848
    42.761
   131.729
  -211.443
  -138.435
   153.198
  -144.473
   233.233
  -179.935
   -87.150
    19.910
    39.281
     1.211
    50.162
    78.973
   202.145
  -141.906
   163.819
   145.219
  -292.825
    18.096
   340.977
   -27.550
   145.047
   -94.200
  -311.780
   175.296
  -279.482
  -740.947
   240.014
   112.162
   184.796
    73.950
  -292.544
   171.056
  -329.301
    99.675
   208.905
  -179.891
  -254.189
   237.838
   100.200
  -230.434
    55.097
    43.012
   -41.814
    40.346
   200.431
   -75.320
   305.421
   -76.707
  -275.846
  -116.628
  -150.865
  -424.458
  -183.289
    76.794
   183.450
   166.549
   132.542
   166.391
    41.989
  -110.620
  -238.863
   -58.416
   -64.955
    36.045
   139.132
  -159.107
    84.870
   123.065
   296.425
   380.769
   -96.608
  -434.212
   505.385
   272.173
  -207.616
  -124.074
    63.093
  -292.830
  -480.075
   228.005
   -30.216
  -436.997
    90.626
     5.784
  -134.362
  -435.628
   140.764
   114.671
 -1080.036
   513.520
   280.337
   328.265
    -9.483
   -71.826
    75.686
 -1326.540
   -43.650
  -101.888
   -43.650
  -101.888
  -184.442
   -43.650
  -184.442
  -126.160
   116.276
  -240.475
    80.298
   175.635
  -118.746
   190.055
   -70.388
    39.695
  -276.795
  -370.289
   260.832
  -146.750
  -217.924
   103.335
   269.894
  -292.776
  -127.057
   435.938
  -115.929
    62.235
    36.671
   -78.428
   -34.779
   168.577
   322.822
   303.416
   146.431
   -48.458
  -204.405
  -290.491
  -308.700
  -275.482
  -209.706
  -127.249
   -39.558
    45.989
   125.154
   195.890
   257.566
   310.400
   790.828
   -59.948
  -181.998
   -78.514
 -1384.707
  -603.339
   327.141
   137.300
   552.100
    58.803
    75.132
   696.231
    55.851
    83.041
  -245.813
    -9.224
    46.055
   472.189
  -174.744
   -42.494
  -238.559
   145.352
  -209.459
  -131.254
  -225.904
  -179.253
  -307.353
   508.097
  -188.324
  -271.182
    -3.405
   115.022
   201.952
  -875.688
  -115.475
  -390.921
  -164.876
    72.273
   333.045
  -433.682
    -6.506
    -2.240
   337.814
   737.297
  -425.479
     7.981
   -69.969
   304.885
  -435.311
   420.733
   -49.667
    89.117
  -680.557
   757.890
  -491.114
  -245.690
   276.016
   497.567
   315.251
  -571.371
 -1054.097
   289.162
  -958.911
  -237.690
   427.150
   248.962
   876.648
  -494.225
   -80.371
  1232.026
     8.125
   684.406
   103.220
  -195.726
  -194.295
   666.654
   -92.811
  -110.906
  -301.876
   499.223
   168.145
  -332.583
   163.836
  -733.169
   -14.764
   -66.818
   -50.467
   -70.033
  -126.127
   -30.214
   -55.401
  -270.019
  -287.721
   -12.233
   408.680
   -38.287
   494.969
  -164.333
  -443.150
  -428.391
   -42.921
   -61.148
  -198.159
     9.521
    -3.818
   405.897
  -182.847
    -4.018
   -89.207
 -1089.253
    21.755
   234.106
  -314.240
   -61.269
   551.334
   472.340
   676.403
  -149.806
  -641.866
    71.379
  -619.026
   187.577
  -203.551
  -134.493
   624.412
   450.806
  -204.910
  -120.628
    78.691
    -2.398
   524.134
   469.179
  -722.258
   243.072
   414.197
   -19.309
   346.738
  -350.893
  -103.927
  -199.607
   506.435
   335.468
    62.056
    69.487
   270.527
  -884.157
   -42.997
  -102.723
  -158.392
  -125.419
  -102.126
   153.430
    24.893
   901.625
   -76.256
  -145.303
  -583.000
 -1074.820
   450.980
   298.080
   995.820
  -126.131
  -275.357
   817.678
   709.121
  -672.549
  -852.540
  -276.085
  -418.913
     9.711
   182.969
   -93.964
   714.921
   350.065
  -455.579
   381.903
   427.363
   210.165
  -384.185
  -399.531
    93.241
    31.658
    47.363
  -383.554
     0.976
  -831.448
   -69.305
    27.371
  -537.497
    36.671
   -78.428
    36.671
   -78.428
   -34.779
    36.671
   -34.779
  -393.944
   -56.921
  -490.275
    73.963
   508.354
  -379.214
  1208.105
   -44.005
   345.810
   101.877
   281.942
   402.391
  -447.489
  -466.251
  -367.672
  -218.290
  -168.234
   215.179
  -316.153
   447.441
   490.064
    67.719
    31.979
    25.320
    20.321
    16.717
    14.146
    12.315
    11.010
    10.081
     9.417
     8.944
     8.606
     8.364
     8.192
     8.068
     7.980
     7.917
     7.873
     7.840
     7.818
  -147.166
    50.675
    -5.697
    26.937
    52.081
    -0.361
    33.820
    22.522
    34.315
     7.295
    40.269
    27.765
   313.763
    35.024
    21.187
     1.413
    77.502
    71.162
     3.017
    68.829
    68.090
    33.655
    36.634
   -33.550
    40.696
    29.875
  -167.406
    39.678
    -0.137
    48.519
  -134.021
    47.035
    48.548
  -190.602
    47.949
   -48.293
     8.603
   -30.200
     7.439
     8.575
   -57.576
     7.760
   805.221
    42.125
   448.763
    29.697
    36.421
  -150.120
    22.797
  -423.354
    28.522
  -517.488
    12.301
    37.633
  -644.107
    22.613
   494.607
    37.913
  -261.482
   -78.132
    32.809
  -242.198
    24.395
 -1065.520
     5.372
 -1091.750
    -4.822
     8.547
  -198.574
     8.074
  -291.947
     8.948
   364.423
    26.553
     8.448
   255.933
     9.132
 -1123.670
     4.688
  -691.150
    -4.646
     8.479
   103.993
     8.056
  -160.364
    30.436
  -265.725
    29.645
    25.241
  -427.914
    25.495
    57.203
    27.353
    13.060
    47.102
    21.216
    13.144
    56.868
  -183.343
    44.186
     0.408
    49.949
    39.503
   157.935
    49.634
  -249.510
    15.902
   -24.306
    10.112
    13.936
    53.668
     8.615
   -24.667
    27.079
  -105.275
    22.978
    21.530
  -169.935
    16.200
  -251.367
    48.459
  -472.222
    42.804
    50.271
   -82.234
    48.281
  -288.962
   175.013
   -71.526
   728.571
    40.261
  -280.884
   186.556
  -118.679
    28.865
  -663.064
    23.676
    23.512
   -54.977
    20.930
   -10.626
    35.345
  -243.981
  -198.918
    34.037
  -252.540
  -224.178
   127.829
    26.629
   132.627
    22.981
    20.300
    99.387
    15.276
    38.124
    31.959
     5.892
    31.930
    25.424
   -27.085
    25.633
  -718.344
    15.077
  -462.157
   -22.540
    22.607
  -457.001
    14.649
 -1523.437
    31.973
  -163.330
    63.965
    51.563
   399.499
   133.670
  -106.050
    27.228
    -0.876
    25.765
    21.574
    -1.371
    19.795
    87.020
    31.146
   444.316
    34.050
    24.304
  1129.116
    27.287
   -10.914
    31.271
   -72.670
    30.760
    25.181
  -118.901
    24.991
    67.719
    31.979
    67.719
    31.979
    25.320
    67.719
    25.320
   -29.604
    29.918
   -79.918
    28.272
    24.199
  -101.019
    22.290
   420.135
    34.475
   510.982
    41.962
    24.764
  -391.795
    27.865
    64.913
    33.261
    68.327
    34.746
    26.068
   148.170
    28.499
  -134.243
   -54.667
  -163.334
   144.076
   326.826
   348.582
   301.820
   241.026
   186.058
   141.592
   107.184
    81.079
    61.457
    46.771
    35.794
    27.588
    21.444
    16.833
    13.362
    10.740
  -772.987
   210.960
  -474.264
   818.966
  -304.348
   603.110
   -84.529
   664.009
   602.893
    13.653
    29.509
   374.900
    12.520
    30.334
  -859.003
  -402.399
   472.707
   102.422
   480.145
   562.095
  -429.656
   217.573
   141.824
    95.447
    92.320
   125.219
    90.780
    90.269
    89.774
   348.228
  -235.462
   369.087
   215.288
  -497.183
   409.958
   303.157
  -629.713
   618.441
  -338.549
   671.573
  -323.360
   291.324
   225.305
   310.640
  -425.183
   505.319
  -595.857
  -279.169
   179.423
  -724.753
  -502.659
  -132.615
   484.112
   -37.185
   408.385
   248.494
  -591.047
   791.149
    27.589
   -24.630
    95.915
    51.792
  -327.184
   308.352
   -85.933
   103.441
   167.996
   -96.320
  -550.011
   103.094
   650.656
   158.396
   856.609
  -115.294
  -362.254
   726.256
  -233.831
   109.392
   121.225
   -55.581
  -333.809
  -259.947
  -114.703
  -433.802
  -453.218
  -102.828
  -458.776
  -281.837
   184.012
  -194.590
   832.703
 -1053.959
  -205.824
   -98.836
  -202.914
   -98.234
  1039.742
  -591.329
    96.642
    38.380
    49.756
    22.085
   -57.642
    52.117
   -42.039
     7.255
   190.691
  -360.410
   788.738
  -590.379
  -772.989
   388.205
    16.906
  -246.265
    30.193
    17.837
  -290.530
    43.411
    41.561
   113.282
   339.136
   -77.273
   480.418
   342.535
  -180.099
   618.532
  1384.945
  -342.614
   537.725
   126.358
  -629.143
 -1088.752
   195.375
  -537.449
    66.372
   111.869
   484.955
   -55.921
   244.572
  -454.251
  -138.260
   156.111
   252.009
   543.641
  -121.789
   418.851
  -408.658
   337.690
   498.248
  -268.442
   -76.773
   -71.493
  -300.429
  -331.915
   165.629
   168.682
   134.695
    -3.798
  -119.803
  -161.018
  -303.617
   335.410
    55.743
   460.727
   -16.876
  -295.699
   297.088
  -673.460
   185.030
  -496.903
   329.953
  -647.731
    64.149
  1382.249
   245.919
   281.743
   350.728
  -198.438
   236.432
  -893.849
   789.749
  -402.937
  -827.609
   312.618
  -131.252
  1149.519
  -106.498
  -240.565
  -532.963
   266.508
   231.106
  -556.836
   153.567
  -379.761
  -824.315
   593.306
   -26.902
   -17.787
    11.059
     6.216
    57.131
  -120.697
   385.924
  -134.243
   -54.667
  -134.243
   -54.667
  -163.334
  -134.243
  -163.334
    54.262
   123.771
   140.171
    61.976
   -74.136
   -68.884
  -556.499
   577.787
    -2.154
   902.447
   -86.831
   100.414
    28.173
  -749.987
  -385.570
  -344.847
  -150.027
  -466.520
  -171.179
   816.263
   -24.977
   -52.490
    41.181
   110.330
   186.422
   282.521
   378.483
   452.622
   491.998
   492.346
   455.333
   385.905
   290.383
   175.279
    46.639
   -90.273
  -231.073
  -372.243
  -511.057
  -645.475
  -774.035
   310.797
   253.933
   538.144
   974.812
  -119.916
  -764.501
  -356.572
  -236.029
   -69.788
  -252.246
    52.797
   199.145
    94.213
  1123.970
   174.219
   144.638
   -16.419
     1.911
   -74.302
   -18.382
     3.971
   -99.293
  -457.375
  -209.172
  -486.404
  -655.203
   397.965
  1164.471
  -384.864
  -221.656
    60.812
    74.002
   263.507
    54.719
    81.303
  -544.065
  -172.481
  -463.575
    -3.986
   118.610
  -458.906
   401.638
  -221.564
  -309.620
  -148.689
  -619.863
  -192.473
  1122.369
   386.447
  -223.098
   183.653
   489.977
   527.498
  1059.429
  -774.042
 -1464.421
    82.152
    30.375
   432.469
    45.057
   160.379
   389.697
  -533.301
   231.442
    91.598
   389.037
   -18.281
  -721.364
  1072.780
   -24.015
   145.671
    95.156
    72.177
    64.420
  -325.150
   383.061
   -93.087
 -1554.057
  -811.758
  -857.600
  -955.787
  -526.331
   103.454
   454.043
  -874.970
   503.027
  -391.511
   128.578
  1096.053
    60.642
   849.487
  -155.921
   640.132
  -224.240
  -405.417
  1212.168
   439.636
   131.640
   418.770
    76.792
   915.029
   365.894
  -671.894
   652.798
 -1147.684
    70.196
   104.172
    21.780
    79.022
   124.915
    14.537
   100.312
  -864.933
  -193.838
  -250.546
   -34.908
   198.463
   696.047
   363.157
  -370.127
   164.703
     6.258
    30.767
   618.710
    48.032
    54.373
   346.782
   301.329
  -700.613
  -510.375
   209.934
 -1180.702
   -46.697
   557.034
   361.632
   588.562
   663.112
   -76.410
   -45.789
  -488.830
  -798.881
   -98.762
  -149.173
   -98.496
   606.267
    72.222
   -65.222
   301.387
   322.273
  -333.653
  -478.607
   -93.506
   150.132
   -71.249
   233.235
   360.338
  -100.510
   -65.804
   191.817
  -142.773
  -284.710
   550.752
    30.063
   332.126
     2.048
  -169.867
  -223.584
   -96.612
  -255.027
     4.413
  -421.285
    52.741
   288.333
  -491.702
   951.119
  -380.975
    97.559
  -128.254
    60.017
   813.921
   -15.864
    25.896
   526.042
  -269.701
  1359.843
  1488.678
 -1198.730
    88.217
  -416.739
   725.995
   131.081
   500.769
   499.326
  -730.064
   -72.646
  -179.603
  -586.839
  -423.359
  -963.721
  -577.574
   459.980
  -459.428
   905.994
   272.936
   280.468
   226.995
   437.837
   127.431
   128.833
   294.565
   -52.490
    41.181
   -52.490
    41.181
   110.330
   -52.490
   110.330
   -74.704
  -255.812
   235.780
  -296.339
  -528.044
   848.793
 -1234.201
  -644.958
  -619.430
  -161.457
    94.616
  -293.823
    40.115
   558.142
  -137.253
  -577.137
   394.867
  -286.696
  -827.568
  1387.562
  -198.954
   -95.913
    -0.168
  -175.628
   268.953
  -250.434
   161.334
   -44.985
   -68.803
   163.053
  -229.769
   266.540
  -274.186
   255.287
  -213.287
   151.971
   -75.144
   -13.565
   110.817
  -213.635
   319.431
  -183.165
  -321.728
  -108.593
   232.408
   363.708
   -50.496
  -294.265
  -414.010
   -49.424
  -233.243
   -76.493
   157.099
    -5.680
    82.743
    35.581
    21.687
   192.031
    34.200
  -320.340
   344.912
  -604.681
  -301.800
  -101.969
    15.966
  -217.843
    69.858
     1.854
   248.460
  -153.504
     9.018
  -108.934
    16.754
  -130.839
  -145.292
    -9.013
  -368.526
  -202.819
  -234.651
   103.906
   407.032
   -46.642
   -39.436
  -227.811
   199.619
   268.011
   -94.917
  -463.660
   965.053
   -70.493
   -74.271
  -290.685
  -111.537
    -8.461
  -126.782
   263.192
  -463.361
  -153.681
    14.016
    73.522
  -262.083
  -118.581
  -214.613
   -47.710
   222.414
   194.542
  -472.254
   588.836
  -115.336
     7.274
   660.829
   156.878
  -130.612
    27.211
  -379.785
  -337.347
  -480.812
    74.350
  -385.952
   147.860
   344.954
  -348.387
    41.652
  -120.096
  -609.932
    71.143
  -274.527
    26.404
   214.896
   410.088
   450.473
   183.899
  -483.251
    76.719
  -185.715
   153.667
   164.531
    28.439
   -46.179
   183.128
    43.264
    -5.208
   405.838
  -266.997
   487.464
   208.094
   111.357
  -365.081
   -89.899
   -31.159
   194.888
    -9.372
  -495.232
   -71.586
    70.757
   -77.606
    77.560
   -72.312
   -77.618
   -77.566
  -327.754
  -160.765
  -250.554
  -156.232
  -210.838
   340.135
    75.196
   281.158
  -546.223
   195.693
  -461.917
   266.628
   -18.017
  -747.696
   154.497
  -303.891
  -393.231
   109.097
   273.315
  -773.566
  -201.557
   -73.670
  -106.628
    67.998
  -135.643
  -284.186
   -64.002
   -55.281
   -38.300
   154.027
   114.156
    27.968
  -280.380
   253.353
   -93.019
   632.123
   -71.918
    12.075
   342.590
  -356.649
  -307.771
  -647.745
   215.281
  -683.432
  -229.348
  -170.558
    38.955
  -235.033
  -512.647
    22.056
  -164.376
   113.740
  -147.820
    59.672
   127.748
  -237.501
   -24.013
  -123.546
    95.889
  -289.646
     3.686
   269.065
   472.656
  -338.395
  -223.443
  -760.408
   -98.007
   304.727
  -684.043
   535.365
  -197.952
   108.338
   262.503
   111.376
   258.506
   -57.241
  -178.151
  -573.775
  -173.398
   305.378
    81.543
   360.261
   618.232
  -689.414
   283.045
   -61.360
    -5.592
  -130.871
  -173.539
  -325.963
   331.634
   -75.427
   -58.520
  -111.992
   -38.161
  -116.362
  -193.840
  -219.297
   -95.913
    -0.168
   -95.913
    -0.168
  -175.628
   -95.913
  -175.628
   -27.831
  -154.254
   -17.617
  -233.508
   -31.503
   -45.574
    61.788
  -283.566
   -31.091
  -159.983
  -347.396
   227.242
  -736.465
   664.733
   435.647
  -303.773
   354.475
    41.355
    65.352
   -95.000
 -1033.043
   100.838
   -76.619
    56.714
   -14.638
   -15.187
    32.521
   -41.826
    46.624
   -49.047
    50.258
   -50.860
    51.161
   -51.312
    51.388
   -51.428
    51.448
   -51.458
    51.464
   -51.467
    51.469
   -94.203
   -25.021
   150.640
  -122.196
    40.940
   341.829
    92.818
  -159.020
    31.660
  -113.217
   746.221
    48.158
   -51.420
  -451.775
   -35.590
     6.766
    44.418
     9.756
    -0.071
   156.810
   -20.247
   146.139
  -115.786
   208.440
  -145.393
    86.106
   253.561
    94.099
   749.647
  -244.946
   139.233
  -112.907
    67.676
     6.763
   -88.348
  -266.200
   127.586
    40.444
     3.975
     6.622
   -50.723
   -43.693
   455.159
  -254.822
   -26.168
    21.813
   209.928
   -41.049
   -78.258
  -181.426
    87.212
  -173.202
   103.538
   -14.206
   157.380
    29.877
     2.596
   -76.946
  -202.386
    19.117
     4.020
    38.489
   -11.961
  -138.660
   -29.040
  -329.623
    49.870
    54.038
   104.122
   383.656
   327.574
  -131.905
   284.843
  -137.787
    66.360
  -370.548
    16.491
   -66.287
   -12.085
   -58.609
   -17.083
    44.270
   -42.546
   104.258
   -11.777
   234.422
   231.158
   323.538
    73.016
   439.117
  -107.812
   211.640
   -48.001
   -58.456
    49.611
   -26.712
   -86.037
   -42.597
   391.800
  -142.185
  -117.641
    93.405
     9.886
  -232.098
  -141.997
  -191.039
   141.943
   -63.033
    61.128
   -95.522
   -48.994
   -29.245
  -544.234
   286.936
  -229.156
   186.170
  -129.103
   769.216
    66.068
   313.993
  -190.020
  -107.573
  -292.306
     3.621
  -100.907
     7.736
   380.856
  -418.147
  -209.625
  -118.502
    87.851
  -199.640
    -1.310
  -489.878
   211.671
   -88.343
   171.107
    -0.413
    10.912
   303.261
   185.113
  -136.816
   -95.734
   -15.811
    90.880
  -219.005
    49.949
  -611.341
   265.543
  -230.351
   112.646
  -180.477
   599.427
    65.143
   171.127
    -3.075
     4.897
    80.088
     1.411
   -32.377
   -35.826
   -51.058
   185.883
   328.680
  -280.577
  -114.440
   -49.811
   -43.618
     8.865
   -89.707
   -90.613
   -14.156
    63.676
   -89.233
    15.403
   -42.661
    35.348
     5.205
    35.499
     0.583
   -57.257
   -28.607
   -77.445
    16.205
  -232.989
   100.745
    26.444
  -353.534
   -24.350
    -5.651
    86.453
   239.503
     0.918
  -118.344
   511.809
   218.445
   149.958
  -121.791
   305.377
  -297.905
    82.685
  -355.889
  -320.024
  -209.267
     0.111
   222.280
  -320.622
    -2.773
  -192.148
   134.873
  -134.776
    37.746
  -134.014
  -266.099
     5.913
  -474.155
   453.943
    44.534
   -48.813
   131.214
   -89.226
    22.876
   269.889
    16.319
   100.838
   -76.619
   100.838
   -76.619
    56.714
   100.838
    56.714
   -46.912
     1.322
   -27.742
    -1.649
     1.286
    66.117
   -32.842
   -51.586
    92.669
   294.738
    57.000
    43.788
   -15.782
   -16.006
  -101.470
    29.126
   -77.558
    42.387
    24.897
   170.820
    38.998
  -101.924
  -187.805
   -12.584
   193.085
  -300.635
   345.355
  -340.413
   297.162
  -229.491
   153.945
   -84.123
    26.720
    17.339
   -49.911
    73.530
   -90.496
   102.631
  -111.294
   117.476
  -121.886
   477.547
  -317.200
   812.129
  -287.878
  -175.107
   165.607
 -1453.598
   -66.234
  -115.351
    55.017
  -256.713
    -9.313
  -187.193
   -10.309
   -52.151
  -167.826
   -38.493
  -370.582
   -23.993
   -49.706
    11.248
  -155.733
  -259.671
    40.782
  -332.166
   -37.733
   310.093
  -389.707
   -70.886
  -143.069
     8.264
  -120.897
    -0.536
    93.912
    36.807
   284.188
  -192.316
   -75.903
   961.577
  -309.455
     7.349
   835.942
   544.386
  -582.242
   -93.087
   192.054
   435.226
    82.284
   -49.163
  -318.641
    23.898
  -209.413
  1116.560
   210.666
   -42.996
   824.075
  -182.144
    28.635
    41.983
    43.398
  -375.266
   480.271
  -741.168
   -78.018
    96.310
   290.894
  -632.849
   -78.038
  -510.188
   131.500
  -572.384
  -553.858
   224.012
  -777.794
   199.462
  -368.515
  -989.574
   -83.303
    -7.588
   239.244
  -619.561
  -117.679
  -550.663
    57.518
   374.640
   110.411
   184.044
   -14.508
  -179.412
  -156.592
    33.438
   138.978
  -195.001
   583.464
    99.486
   116.783
   -82.687
  -800.545
  -385.544
  -842.729
  -135.424
  -360.901
   370.565
  -683.617
  -409.370
  -851.577
  -483.400
  -571.559
  -134.972
   243.617
   -17.779
   341.591
  -258.182
  -253.624
   382.294
  -294.008
  -449.818
  -110.577
  -103.122
  -390.029
   -74.802
  -458.653
   -35.709
  -163.627
   461.187
   441.912
  -201.304
   149.678
   156.994
  -218.246
  -145.097
   127.621
   229.133
  -300.127
  -107.749
   249.366
  -419.641
    51.462
   -93.205
  -293.397
  -562.979
  -398.076
  -499.078
  -779.183
   369.446
  -182.651
  -208.158
   243.295
  -625.866
    66.671
  -394.898
   460.021
  -648.262
  -673.526
   197.038
   -77.360
  -164.021
   640.558
  -235.769
   521.320
   -84.865
   -48.375
  -417.904
 -1100.440
   754.433
   497.623
   338.912
   640.038
   140.820
   152.071
    65.026
  -118.308
  -418.973
   201.965
   405.944
  -305.592
   355.691
   311.015
  -255.202
  -381.879
   313.198
   242.160
   225.899
 -1012.713
  -626.316
  -310.807
  1109.713
 -1001.570
   262.654
  -121.270
  -164.060
  -178.428
  -107.453
   -35.425
  -275.467
  -167.542
   500.491
    52.741
   162.416
   337.414
  -337.949
   324.302
   -56.767
   590.966
   101.619
   -69.321
   372.240
  -597.218
   528.394
   -60.684
  -161.134
  -176.808
    52.124
   129.369
   -41.647
   415.353
   -95.238
  1040.821
  -622.534
 -1132.704
  1025.704
    70.502
   416.150
   755.516
  -344.435
   -20.780
  -305.318
  -118.028
  -134.751
   -48.021
   361.954
  -101.924
  -187.805
  -101.924
  -187.805
   -12.584
  -101.924
   -12.584
  -746.318
   404.497
  -537.473
   199.532
  -571.566
   460.410
   636.001
   166.404
   -66.427
    68.613
   123.832
  -189.655
  -306.810
   209.686
   -15.896
   140.413
   187.617
   226.491
  -561.114
   706.297
  -500.125
  -173.409
  -391.858
  -166.604
   166.741
   395.440
   486.955
   476.568
   407.359
   312.168
   211.992
   118.737
    38.277
   -27.215
   -77.680
  -114.172
  -138.243
  -151.598
  -155.896
  -152.660
  -143.233
  -154.492
   -51.982
  -177.617
  -202.149
   278.099
  -145.300
  -193.011
  -395.697
  -507.066
   -93.262
  -157.892
  -843.958
   772.912
   321.942
    54.099
   360.575
  -234.987
  -351.672
   398.325
  -170.235
  -185.889
   189.701
   364.425
    24.308
    18.661
   379.092
    18.597
    11.631
    52.049
  -100.908
   352.970
   470.416
    22.662
   254.347
  -655.960
    46.705
    88.741
   139.027
   335.560
  -174.074
   345.497
   -41.922
  -150.077
    20.039
    -0.192
    24.014
     3.200
     0.054
    26.017
  -241.901
  -103.209
   233.006
   443.893
  -708.386
   420.388
  -260.967
   -28.072
   566.974
   -39.465
 -1260.489
  -429.057
    89.724
    -4.751
   177.389
    28.959
    68.284
   166.389
  -511.592
    94.592
  -408.795
  -256.118
  -809.815
   944.552
   973.734
   352.018
 -1170.812
  -470.356
  -247.012
  -997.596
   723.164
   626.401
   377.595
  -770.174
   127.621
    71.943
   160.120
  -122.838
   -72.236
  -303.174
    74.654
    13.863
  -213.557
   301.433
  -594.101
   -49.055
  -199.625
   937.151
  -114.594
   266.662
   785.459
  -468.195
  -152.308
 -1039.563
   346.910
   192.397
   131.361
    67.908
   550.701
    40.559
 -1369.273
   722.644
   247.831
    54.011
   481.428
  -258.812
  -135.636
  -282.831
   483.902
  -146.473
   242.475
   647.464
  -216.196
  -813.169
   149.381
   -74.083
   106.986
  -270.765
  -135.442
  -119.652
  -147.432
   659.859
  -899.517
   746.925
  -102.577
   -91.117
  -107.120
   -86.971
   -51.959
   -82.392
   -30.508
   194.560
   432.352
    34.533
   157.305
  -862.225
   267.760
  -112.229
   -98.530
  -575.840
    54.466
   136.548
   -46.527
    32.269
   112.432
  -102.082
  -384.229
   -64.755
   160.932
  -234.662
   156.160
   447.460
   -96.260
  -162.605
  -211.369
  -177.315
   172.230
   335.575
   -93.336
    25.760
   149.051
   577.607
   313.393
  -578.567
  -481.067
   107.568
  -443.428
   294.044
   359.285
   -41.673
   -59.359
    57.410
  -266.348
   250.431
   -14.173
   103.214
     5.809
  -275.838
   122.668
  -244.376
  -322.996
  -535.226
   -99.791
   -80.053
  -386.613
   396.342
   287.648
   -14.551
    -7.425
    15.056
   -21.919
   -40.618
   178.765
   104.869
   457.227
   798.008
   -17.261
   171.117
 -1116.596
   765.986
  -710.365
   464.538
   894.516
   -19.897
  -215.272
 -1265.116
  1126.707
  -755.743
   690.805
  1012.555
  -446.918
  -504.329
  -572.358
   545.382
  -235.645
   102.775
   -41.787
   171.667
    16.632
   173.953
   -60.627
  -493.447
    93.417
   -39.412
   180.990
    82.161
  -390.574
   433.928
    45.192
    52.256
    26.155
    52.256
    26.155
  -113.415
    52.256
  -113.414
   106.162
   244.702
  -131.730
    92.244
   -19.630
  -326.808
  -397.004
  -156.891
  -164.586
    14.066
     9.024
   393.134
  -138.717
    72.259
    33.893
   138.571
   -68.224
    22.190
   604.780
  -325.524
    43.059
   145.867
   -64.547
    -9.480
   -11.266
   -98.091
   -10.226
   -90.425
    -7.004
   -69.428
    -3.235
   -51.941
    -0.338
   -39.874
     1.569
   -32.077
     2.736
   -27.176
     3.418
   -24.132
     3.803
  -590.356
   -35.724
   235.618
  -223.884
   -22.485
   -59.154
    41.897
    90.696
    -3.746
   -84.722
     3.624
    -4.556
    77.990
    -4.082
    66.577
   -97.704
    77.795
  -124.519
    33.336
    57.276
    30.598
    20.639
  -165.233
   146.435
  -183.485
    -9.189
   291.447
    87.914
   -29.073
     2.185
    19.894
    12.545
    62.520
    17.372
   109.224
     7.982
     9.251
    78.971
    47.675
   -21.522
    88.152
   -81.748
    30.639
   -14.396
    58.864
   -13.668
    82.467
   113.891
   141.280
   -82.126
   -50.039
   -73.382
   -66.449
   -54.338
   -75.741
  -165.875
  -143.274
     9.408
  -155.945
    84.814
    80.927
   -95.900
   223.419
  -332.298
   -39.656
    44.812
    88.052
    98.538
   -18.301
   174.575
   -94.019
   -45.703
  -217.513
   -71.622
    85.852
  -379.087
   171.394
    58.402
    44.189
  -297.969
   118.433
    68.034
  -437.166
    62.111
     4.324
  -288.956
   110.479
  -223.855
   -23.179
   151.498
   281.610
  -210.030
   -45.647
    87.187
     9.151
    -1.011
   203.988
   -14.644
  -171.660
   -24.207
    77.511
    33.363
  -143.947
   146.558
  -119.788
   779.670
    69.729
    83.255
    57.417
   112.097
  -248.990
    -4.838
  -400.586
   -14.597
   -92.674
  -192.577
   203.659
   208.217
    -3.810
  -338.888
   -62.479
   -79.262
  -356.345
   190.481
   332.903
   426.244
  -354.435
    34.877
  -100.207
  -119.530
   197.833
    67.738
  -104.150
   227.193
   -30.367
   -16.412
   -14.799
    93.584
  -481.531
   239.147
   -64.697
    36.376
    21.107
   -44.346
    59.125
    14.760
     4.016
    76.437
    59.848
    43.443
    97.853
   204.162
    64.228
   206.968
   -66.007
     8.573
  -185.602
   131.171
    85.450
   -68.929
   311.951
   193.932
    12.472
   203.411
    73.433
    30.739
   199.878
    82.069
  -240.967
   -36.824
  -202.021
   -41.233
    25.310
  -149.787
    17.223
   174.869
   -63.761
    99.638
   -22.196
    37.567
    82.970
     7.393
   233.180
    36.744
  -201.941
   280.198
   -96.297
   165.349
  -293.642
    33.219
  -126.566
   121.228
   -25.626
  -177.794
   121.574
   -83.190
   123.179
   -28.358
    82.349
     4.954
   -30.771
    28.070
   -72.395
    -0.001
     1.362
   -31.493
     9.226
    48.447
   -70.393
    35.331
    -2.234
    18.573
    51.529
    32.529
    81.028
   -57.063
  -160.715
    19.165
  -221.720
   161.851
   -45.076
   114.709
   398.543
   171.382
  -164.472
   113.702
    56.471
    11.341
   104.882
   147.138
   -34.425
     9.588
   -36.865
  -290.249
   -24.210
    61.597
  -475.333
   -61.312
   -92.561
   -22.453
  -204.822
   -44.156
    71.897
  -302.454
   124.328
    23.865
    -7.042
    23.865
    -7.042
    51.442
    23.865
    51.442
   -18.133
     7.669
   -82.619
    32.318
    98.760
  -156.796
   160.597
  -163.349
    -6.116
   -54.165
     9.584
   -14.819
  -144.770
   135.171
   -73.394
   -40.156
  -258.721
    15.718
   -18.709
  -406.652
   -17.682
    48.453
  -509.501
  -373.221
  -181.562
   -24.094
    72.491
   114.111
   118.123
   101.367
    76.212
    50.418
    28.201
    11.408
     0.443
    -5.088
    -5.956
    -3.059
     2.718
    10.578
    19.839
  -742.138
   286.176
    33.573
  -963.008
  -389.566
  -176.027
    24.480
  -122.255
   170.575
   341.145
   184.847
    79.419
  -210.742
  -185.066
    71.318
   112.434
   137.128
    48.156
   264.680
  -362.439
    36.948
   442.977
  -165.412
   686.404
   -81.672
  -419.118
   603.013
  -762.972
   738.475
   512.365
  -332.258
  -204.094
  -233.658
  -177.753
   -44.936
    68.365
   -50.025
    42.673
    47.506
  -165.832
    36.712
    50.167
   223.631
  -348.626
   271.497
    22.528
  -149.626
   -18.438
    20.465
   -59.511
    55.230
  -116.793
   292.023
   165.192
   -71.783
   684.537
   516.721
   654.142
   -75.114
   -79.761
   346.285
   -75.773
   -76.180
   123.406
   193.094
   218.246
   296.300
  -776.148
  1131.314
  -979.551
  -236.628
    64.872
    38.314
    33.471
   225.376
    35.443
    26.985
  -750.593
  -422.566
  -298.555
    62.915
  -230.734
   790.320
  -243.130
   190.097
  -364.482
  -364.202
  -398.784
   -67.600
  -151.094
   669.659
   309.239
  -593.333
   285.797
  -495.021
  -436.861
   202.816
   -20.523
   152.719
    66.790
  -114.218
  -176.879
   -67.286
   205.749
    24.228
   217.691
  -179.601
   348.374
   957.373
  -430.731
  -410.146
  -403.279
  -822.082
   113.342
  -201.786
   727.224
   176.672
   -10.571
    61.915
  -571.863
  -120.338
  -482.315
  -750.389
     4.844
   326.594
  -281.065
   -35.890
   441.009
   102.356
   402.563
   856.554
  -229.720
   754.151
   121.661
   523.866
  -404.285
  -951.932
   278.467
  1502.719
  -138.127
   147.543
   397.065
    51.000
   111.230
   367.985
   264.085
  -838.290
    94.009
   127.976
    18.626
    36.492
   130.718
    19.519
    36.669
   -91.464
  -354.367
  1248.609
   479.331
  -606.923
   933.910
 -1489.055
  -453.092
  -286.739
    52.662
    59.447
   -94.915
    51.377
    50.158
  -704.141
  -926.482
   393.771
   244.220
  -726.534
   719.921
   624.819
  -741.020
    74.653
    20.354
   388.740
   826.683
  -228.212
  -481.677
   347.993
   285.765
  -206.479
  -700.908
   167.284
   667.159
  -124.805
    52.680
   108.027
   -35.984
    67.928
  -129.300
    21.458
   401.470
   -88.477
  -362.511
   -49.189
  -214.249
   461.187
  -122.839
   583.663
  -205.664
  -591.730
   156.220
  -182.594
  -492.659
   441.118
     4.574
   346.553
    70.315
   368.140
   -80.092
   161.288
   164.376
  -602.723
  -408.788
   167.895
   -78.917
   191.188
   696.430
   103.394
    -3.717
  -860.766
   238.065
  -389.093
  -417.355
  1297.357
   417.184
   670.947
   552.457
    63.989
   592.875
  -103.260
   -87.008
  -185.222
  -475.447
 -1009.619
  -162.311
  -287.876
  -459.816
  1346.833
  1022.141
   -47.360
  -291.132
   -95.878
  -474.519
  -117.977
   218.624
  -133.829
   485.755
    46.861
   -92.515
    46.861
   -92.515
    66.347
    46.860
    66.346
  -185.158
    93.845
  -340.000
   240.679
   306.466
  -310.628
   478.613
  -111.324
   -22.865
  -160.445
  -223.061
   564.597
   203.815
  -222.421
   553.187
   324.900
  -310.748
    83.961
   506.257
 -1009.694
   548.673
   -73.167
   -64.547
   -18.385
   -11.266
   -10.775
   -10.226
    -8.855
    -7.004
    -5.053
    -3.235
    -1.653
    -0.338
     0.726
     1.569
     2.228
     2.736
     3.124
     3.418
     3.639
     3.803
    -3.697
  -220.357
   186.719
  -384.404
  -107.449
   337.979
  -348.389
    -2.408
    39.188
    35.780
    26.744
    39.341
   -53.921
   -40.567
   168.064
   -35.724
  -240.221
  -223.884
  -108.091
   120.734
   -57.085
   114.024
    -3.746
  -105.041
     3.624
    -4.354
    95.891
    -4.082
  -165.146
   -97.704
  -179.273
  -124.519
    14.817
  -117.721
    32.648
   -32.917
  -165.233
   -42.921
  -183.485
   -95.353
     0.785
  -104.184
   101.087
     2.185
    23.951
    12.545
    43.891
    17.386
    61.663
     8.349
     9.251
    -8.848
    47.675
    54.259
    -6.000
   124.757
    -3.993
   -14.396
   -13.618
   -13.668
    18.140
   -30.995
    11.411
  -178.830
   -50.039
  -154.712
   -66.449
    49.736
   -76.448
   147.770
    28.407
     9.408
   188.738
    84.814
    46.619
   325.803
   107.822
   -28.395
   -39.656
  -132.373
    88.052
    -8.724
  -246.631
    72.230
   -55.925
   -45.703
   -75.926
   -71.622
     9.136
   -63.898
   -25.493
  -290.117
    44.189
  -137.498
   118.433
    87.560
  -112.605
   122.475
   653.049
  -288.956
   528.044
  -223.855
  -252.276
   251.311
  -114.900
    57.812
   -45.647
   -22.147
     9.151
   -30.464
   -34.696
    33.730
   -35.743
   -24.207
    -2.551
    33.363
   -36.430
    99.688
    79.256
  -465.020
    69.729
  -137.723
    57.417
   130.620
   -68.669
    25.101
   302.289
   -14.597
   228.415
  -192.577
    60.467
   307.894
  -153.459
   315.713
   -62.479
   272.570
  -356.345
    29.035
   262.710
  -422.312
   231.881
    34.877
   161.478
  -119.530
    81.050
   254.354
  -105.264
  -188.573
   -30.367
  -246.377
   -14.799
    18.189
  -247.157
    57.161
   160.344
    36.376
   -92.968
   -44.346
    32.563
  -101.694
   -76.117
  -177.023
    59.848
  -167.572
    97.853
    56.034
  -166.723
   108.615
   159.084
     8.573
   141.949
   131.171
    -4.180
   -57.054
   100.510
   -32.239
    12.472
     5.489
    73.433
    38.541
    38.764
   120.470
   -95.896
   -36.824
   -99.282
   -41.233
   -27.556
   -87.602
   -32.895
  -282.422
   -63.761
  -136.536
   -22.196
   -15.679
   -79.996
     1.010
  -423.101
    36.744
   -29.605
   280.198
    40.607
   213.606
   204.888
   193.983
  -126.566
   227.777
   -25.626
  -155.097
   227.489
   -29.038
   -24.119
   -28.358
    39.528
     4.954
    11.122
   104.608
    56.379
    29.386
     1.362
    63.693
     9.226
    32.380
   102.978
    33.967
   -32.337
    18.573
   -41.105
    32.529
     5.017
    76.475
    74.160
  -421.096
  -221.720
  -151.172
   -45.076
   -58.572
    76.163
    80.139
     5.783
   113.702
  -146.715
    11.341
   117.693
   -50.040
   130.547
  -225.217
   -36.865
  -325.578
   -24.210
    70.322
  -285.284
   100.243
    -0.097
   -22.453
   -10.504
   -44.156
     6.144
   -27.197
   -58.561
     0.074
    -7.042
     0.074
    -7.042
    29.876
     0.074
    29.876
   -13.496
     7.669
     7.953
    32.318
    17.985
    77.490
     7.241
   323.588
    -6.116
   334.412
     9.584
    73.520
   105.608
    94.204
    28.043
   -40.156
   201.098
    15.718
    -7.749
   387.650
    50.229
# -----------------------------------------------
# 
