# -----------------------------------------------
# 
  2746.188
   -15.357
   -41.020
    -8.411
    37.535
    69.807
    77.543
    61.712
    30.010
    -7.656
   -42.319
   -67.588
   -80.074
   -79.023
   -65.605
   -42.151
   -11.495
    23.501
    60.247
    96.589
   130.864
  -382.005
    98.242
   215.442
   108.332
    -3.408
   -62.059
   -77.754
   -69.488
   -50.543
   -28.512
    -7.534
    10.098
    23.084
    30.711
    32.647
    28.828
    19.387
     4.590
   -15.209
   -39.606
  -457.781
  -250.341
     9.142
   179.398
   240.720
   212.309
   128.740
    26.612
   -64.146
  -124.783
  -148.465
  -138.201
  -103.249
   -55.352
    -5.727
    36.722
    66.074
    79.244
    75.427
    55.421
   -12.015
   -12.015
   -12.015
   -12.015
   -12.015
   -12.015
   -12.014
   -12.014
   -12.014
   -12.014
   -12.014
   -12.014
   -12.014
   -12.014
   -12.014
   -12.014
   -12.014
   -12.014
   -12.014
   -12.014
   217.747
   101.431
   -14.612
   -75.832
   -90.509
   -74.731
   -43.017
    -6.673
    26.332
    51.059
    65.127
    68.167
    61.259
    46.418
    26.149
     3.087
   -20.259
   -41.681
   -59.370
   -71.951
   223.477
    72.477
   -59.785
  -109.082
   -55.867
    26.207
    82.438
    96.949
    76.974
    37.371
    -7.666
   -47.574
   -75.716
   -88.641
   -85.163
   -65.550
   -30.912
    17.211
    77.123
   147.132
  -483.420
   316.789
   225.791
    25.861
   -69.415
   -85.952
   -69.700
   -46.234
   -25.789
   -11.075
    -1.766
     3.424
     5.902
     6.896
     7.378
     8.078
     9.517
    12.044
    15.875
    21.122
     5.802
   284.216
    19.835
   -84.016
   -96.809
   -68.350
   -29.422
     3.459
    24.003
    32.000
    30.127
    21.965
    10.959
    -0.012
    -8.746
   -13.664
   -13.712
    -8.251
     3.047
    20.275
   377.269
  -551.938
   -20.650
   141.466
   115.394
    56.473
    17.022
     3.915
     9.874
    25.402
    42.547
    55.662
    61.193
    57.226
    43.029
    18.685
   -15.204
   -57.718
  -107.777
  -164.238
    95.333
    90.997
    27.732
   -45.044
   -96.753
  -110.953
   -83.294
   -23.955
    44.693
   100.271
   131.115
   136.271
   120.199
    88.655
    46.875
    -0.937
   -51.597
  -102.775
  -152.811
  -200.552
   -65.138
    93.722
   116.067
    79.723
    30.093
   -12.282
   -41.019
   -56.363
   -60.993
   -58.009
   -50.125
   -39.436
   -27.439
   -15.144
    -3.188
     8.056
    18.394
    27.753
    36.133
    43.580
    -3.476
   -36.281
     8.639
    25.250
    31.911
    34.762
    35.643
    34.992
    32.753
    28.742
    22.940
    15.752
     8.016
     0.660
    -5.691
   -10.826
   -14.816
   -17.847
   -20.123
   -21.823
     3.866
   -55.752
   -84.379
     9.061
    60.969
    65.640
    47.351
    23.988
     4.222
    -9.114
   -16.110
   -18.067
   -16.635
   -13.414
    -9.778
    -6.827
    -5.384
    -6.026
    -9.113
   -14.838
   -72.783
    -6.157
   -17.770
     1.358
    30.733
    47.055
    45.267
    30.692
    10.905
    -8.094
   -22.757
   -31.621
   -34.624
   -32.493
   -26.306
   -17.219
    -6.314
     5.474
    17.380
    28.808
   -45.857
   184.715
  -159.628
  -176.212
  -106.262
   -33.483
    20.256
    52.946
    68.364
    71.225
    65.638
    54.772
    40.930
    25.717
    10.218
    -4.865
   -19.105
   -32.276
   -44.291
   -55.160
   193.607
     1.079
   -85.604
  -106.219
  -102.425
   -89.373
   -72.802
   -55.304
   -38.203
   -22.193
    -7.613
     5.411
    16.880
    26.871
    35.498
    42.897
    49.206
    54.559
    59.083
    62.892
  -192.173
   243.624
    31.614
   -43.133
   -55.517
   -45.704
   -30.788
   -17.179
    -6.702
     0.613
     5.325
     8.087
     9.475
     9.940
     9.814
     9.332
     8.654
     7.888
     7.102
     6.337
  -576.758
   391.792
   266.973
   174.920
   107.372
    59.168
    25.252
     1.550
   -14.960
   -26.445
   -34.428
   -39.976
   -43.832
   -46.511
   -48.373
   -49.667
   -50.566
   -51.190
   -51.625
   -51.926
  -135.363
   174.535
    59.369
   -10.555
   -43.109
   -51.906
   -47.108
   -35.591
   -21.757
    -8.284
     3.298
    12.203
    18.118
    21.014
    21.027
    18.386
    13.360
     6.231
    -2.725
   -13.247
   137.813
   571.978
   415.468
    99.421
  -142.973
  -243.075
  -229.669
  -157.321
   -69.902
     7.141
    62.859
    95.087
   106.090
    99.887
    80.794
    52.718
    18.875
   -18.260
   -56.901
   -95.845
   512.211
  -724.008
   -78.679
   190.004
   226.577
   166.752
    77.777
    -5.716
   -67.962
  -104.649
  -117.720
  -111.877
   -92.488
   -64.497
   -31.960
     2.057
    35.402
    66.692
    95.147
   120.435
    -9.181
   -48.357
   126.570
    97.803
    -5.410
   -84.168
  -110.844
   -94.631
   -54.622
    -7.890
    33.868
    64.106
    80.113
    81.659
    69.920
    46.754
    14.237
   -25.597
   -70.892
  -120.032
   686.342
  -525.025
  -143.588
   111.213
   173.278
   137.921
    70.915
     7.311
   -38.172
   -62.630
   -69.026
   -62.496
   -48.314
   -30.931
   -13.668
     1.268
    12.606
    19.791
    22.779
    21.855
   -15.371
  -123.223
   -45.153
    37.964
    78.268
    81.007
    60.717
    29.783
    -3.137
   -32.464
   -54.840
   -68.444
   -72.515
   -67.003
   -52.333
   -29.223
     1.441
    38.693
    81.553
   129.069
  -104.516
  -124.867
   -18.326
    21.127
    28.190
    27.001
    24.096
    20.363
    15.843
    10.758
     5.498
     0.471
    -3.975
    -7.581
   -10.163
   -11.599
   -11.811
   -10.750
    -8.391
    -4.726
   127.481
  -112.912
  -184.506
  -151.888
   -83.854
   -18.167
    30.669
    60.243
    73.152
    73.445
    65.089
    51.435
    35.114
    18.108
     1.859
   -12.609
   -24.599
   -33.657
   -39.513
   -42.036
    58.467
    -5.860
  -152.264
  -188.974
  -144.706
   -72.011
    -3.261
    48.026
    79.241
    92.741
    92.504
    82.513
    66.120
    45.888
    23.647
     0.632
   -22.381
   -44.943
   -66.832
   -87.980
   -90.917
    14.580
    61.939
    48.892
    23.143
     3.852
    -5.986
    -8.482
    -6.508
    -2.468
     1.889
     5.375
     7.226
     6.985
     4.414
    -0.573
    -7.959
   -17.655
   -29.530
   -43.423
   221.396
   154.445
    -6.412
  -113.145
  -123.414
   -57.700
    30.523
    91.929
   106.670
    82.254
    37.454
   -10.103
   -48.601
   -72.056
   -78.768
   -69.662
   -47.010
   -13.584
    27.846
    74.779
   -24.247
    -4.245
    -7.380
   -14.968
   -17.599
    11.671
     4.225
    11.539
    19.586
     2.283
    24.072
    -5.970
    21.882
   -11.340
    16.911
   -14.392
    11.367
   -15.962
     6.246
   -16.665
   -32.782
  -125.317
    42.768
   120.229
    48.588
   -59.078
  -109.810
   -90.128
   -29.682
    38.005
    91.192
   120.573
   125.192
   108.403
    75.141
    30.409
   -21.422
   -76.847
  -133.217
  -188.633
   -48.161
    38.953
    36.051
    26.713
    18.827
    12.383
     7.163
     2.954
    -0.429
    -3.142
    -5.316
    -7.057
    -8.450
    -9.564
   -10.456
   -11.169
   -11.740
   -12.196
   -12.561
   -12.853
    63.638
    24.687
    17.455
    21.311
    24.593
    22.357
    14.235
     2.219
   -11.001
   -22.992
   -31.984
   -36.936
   -37.435
   -33.534
   -25.590
   -14.138
     0.215
    16.854
    35.201
    54.740
    88.605
    65.239
    17.435
   -37.649
   -62.444
   -50.114
   -19.061
    11.897
    33.338
    43.518
    44.372
    38.810
    29.466
    18.326
     6.730
    -4.495
   -14.888
   -24.231
   -32.458
   -39.597
   116.134
    36.715
    -2.861
   -29.490
   -43.368
   -47.216
   -44.196
   -37.083
   -28.022
   -18.523
    -9.549
    -1.640
     4.960
    10.209
    14.178
    17.003
    18.842
    19.857
    20.201
    20.009
  -113.263
   129.437
   -48.206
   -74.766
   -18.548
    22.148
    32.741
    25.383
    11.977
    -0.689
    -9.824
   -14.888
   -16.372
   -15.106
   -11.926
    -7.538
    -2.489
     2.827
     8.141
    13.277
   202.718
   -25.606
   -89.319
   -78.465
   -43.467
    -6.949
    22.266
    41.793
    52.037
    54.435
    50.648
    42.223
    30.479
    16.484
     1.081
   -15.082
   -31.512
   -47.845
   -63.814
   -79.229
   -51.805
   -66.476
    41.069
   -17.078
    -1.067
    15.055
   -24.499
    28.978
   -28.776
    24.774
   -18.160
    10.185
    -2.014
    -5.352
    11.105
   -14.629
    15.492
   -13.416
     8.257
     0.019
  -244.876
  -100.961
   128.791
   -85.035
    26.661
    20.641
   -45.440
    50.943
   -45.283
    34.826
   -23.232
    12.288
    -2.716
    -5.308
    11.865
   -17.135
    21.328
   -24.640
    27.243
   -29.282
  -247.746
  -237.692
   166.847
   -53.704
   -23.013
    62.766
   -74.788
    68.312
   -52.125
    33.393
   -16.348
     2.556
     7.945
   -15.687
    21.303
   -25.343
    28.237
   -30.307
    31.785
   -32.840
   -11.262
   -34.857
   -29.195
   -13.259
     0.688
    10.240
    16.230
    19.713
    21.341
    21.464
    20.311
    18.092
    15.036
    11.387
     7.390
     3.274
    -0.760
    -4.540
    -7.932
   -10.837
  -147.198
    -2.811
   141.381
  -104.721
    63.226
   -53.797
   -28.610
    -0.204
   -62.836
    30.272
   -55.615
    40.704
   -26.337
    36.314
    12.485
    21.267
    53.203
    -0.859
    91.159
   -26.796
   108.537
   -57.407
   -62.426
   -26.045
     1.928
    14.419
    15.999
    12.013
     6.120
     0.361
    -4.299
    -7.518
    -9.282
    -9.731
    -9.066
    -7.498
    -5.229
    -2.438
     0.725
     4.132
   291.104
    -2.811
   -91.046
  -104.721
   -84.344
   -53.797
   -24.380
    -0.204
    17.889
    30.272
    37.642
    40.704
    40.081
    36.314
    29.891
    21.267
    10.877
    -0.859
   -13.540
   -26.796
# -----------------------------------------------
# 
